GEN:      BEST_LOSS:      AVERAGE_LOSS: 
0     439.883     500.209
1     439.883     492.986
2     439.883      486.97
3     434.885     481.822
4     420.079     477.105
5     420.079     471.869
6     420.079     467.413
7     405.959     463.308
8     400.208     458.954
9     400.179     454.835
10     400.179     450.947
11     397.107     446.356
12     386.753     441.956
13     386.491     437.955
14     374.375      432.53
15     374.375     427.781
16     374.375     423.095
17      358.06     418.495
18      358.06     414.176
19      358.06     409.552
20     357.351     405.888
21     357.351     402.186
22     357.351     398.544
23     357.351     395.445
24     335.171     392.489
25     335.171     389.375
26     335.171     386.038
27     335.171      382.78
28     335.171     380.205
29      317.13     376.745
30      317.13     374.239
31      317.13     371.274
32      317.13      368.14
33      317.13     365.618
34     310.067     362.784
35     310.067     359.924
36     310.067     357.167
37     310.067     354.584
38     305.444     352.199
39     305.444     349.706
40     305.444     347.616
41     298.152     345.102
42     298.152     343.062
43     298.152     341.133
44     298.152     339.237
45     298.152     338.003
46     298.152     336.184
47     298.152     334.367
48      287.51     332.681
49      287.51     331.175
50      287.51     329.474
51      287.51     327.988
52      287.51     326.763
53      287.51     325.207
54     283.799     323.447
55     281.972     322.133
56     280.027     320.548
57     280.027       318.7
58     280.027     317.195
59     280.027      315.59
60     280.027     314.018
61     280.027     312.103
62     275.505     310.488
63     271.272     308.954
64     271.272     307.661
65     271.272     306.343
66     271.272     304.894
67     266.981      303.31
68     266.981     301.964
69     266.981     300.339
70     266.981     299.472
71     265.422     298.004
72     265.422     296.465
73     265.422     295.168
74     263.743     294.058
75     263.743      293.09
76     254.994     291.316
77     254.994     289.705
78     254.994     288.681
79     254.994     287.172
80     254.994     286.243
81     254.994      285.26
82     254.994     284.202
83     254.994     283.447
84     254.994     282.079
85     252.091     280.865
86     252.091     279.731
87     248.992     278.577
88     247.237     277.844
89     247.237     276.391
90     247.237      275.39
91      243.11     274.123
92      243.11     273.098
93     228.463     271.478
94     228.463      270.22
95     228.463      268.53
96     228.463     267.062
97     228.463     265.603
98     228.463     264.126
99     228.463     262.809
100     228.463     261.783
101     228.463     260.517
102     228.463     259.383
103     228.463     258.056
104     228.463     256.966
105     227.729     255.713
106     227.729     254.477
107     213.485     253.068
108     213.485     251.671
109     213.485     250.584
110     213.485     249.043
111     213.485     248.152
112     208.646     246.922
113     208.646     245.987
114     208.646     244.971
115     208.646     244.134
116     208.646     243.195
117     208.646     242.369
118     208.646     241.108
119     208.646     239.807
120     208.646     238.682
121     208.646     237.685
122     208.646      236.33
123     204.216     235.197
124     204.216     234.059
125     204.216         233
126     203.996     231.747
127     203.996     230.694
128     203.996      229.48
129     201.356     228.108
130     201.356     226.723
131     201.356     225.888
132     201.356     225.177
133     201.356     224.074
134     201.356     222.906
135     201.356     221.963
136     198.067     221.206
137     198.067     220.284
138     198.067     219.519
139     198.067     218.663
140     198.067     217.782
141     198.067     217.196
142     198.067      216.31
143     196.556      215.43
144     196.556     214.907
145     196.556      214.16
146     196.556     213.868
147     196.556     213.295
148     196.556     212.876
149     194.712     212.375
150     194.712     211.948
151     194.712     211.415
152     194.712     210.974
153     194.712     210.486
154     194.712     210.102
155     194.712     210.026
156     194.712     209.681
157     194.712     209.327
158     194.712     208.977
159     194.712     208.585
160     194.712     208.243
161     194.712     208.133
162     194.712     207.972
163     194.712     207.767
164     193.425     207.463
165     193.425      207.09
166     193.425     206.875
167     193.425     206.557
168     193.425     206.339
169     193.425     206.064
170     193.425     205.996
171     193.425     205.697
172     193.425     205.627
173     191.987     205.356
174     191.987     205.228
175     191.987     205.162
176     191.987     205.115
177     191.987     204.833
178     191.987     204.523
179     191.987     204.181
180     191.987     203.891
181     191.987     203.546
182     191.987     203.461
183      191.96     203.156
184      191.96     203.124
185      191.96     202.858
186     191.844     202.539
187     190.714     202.302
188     190.714     202.015
189     190.477     201.845
190     190.063     201.506
191     187.345     201.371
192     184.819     201.274
193     184.819     201.245
194     184.819     200.944
195     184.819       200.9
196     184.819     200.586
197     184.819     200.615
198     184.819     200.584
199     181.497     200.271
200     181.497     200.053
201     181.497     199.782
202     181.497     199.484
203     181.497     199.336
204     181.497     199.124
205     181.497     198.779
206     181.497     198.653
207     181.497     198.638
208     181.497     198.729
209     181.497     198.624
210     181.497     198.406
211     181.497     198.355
212     181.497     198.303
213     181.497     198.096
214     181.497     197.883
215     181.497     197.693
216     181.497     197.408
217     181.497     197.167
218     180.739     196.993
219     180.739     196.848
220     180.739     196.715
221     180.739     196.459
222     180.739     196.076
223     180.739     195.843
224     180.739     195.773
225     180.739     195.624
226     180.739     195.451
227     180.739     195.177
228     180.739     194.959
229     180.739      194.67
230     180.739     194.277
231     180.739     193.932
232     180.739      193.57
233     180.739     193.391
234     180.739     192.995
235     180.739      192.55
236     180.739     192.221
237     179.644      191.71
238     179.644     191.373
239     178.425     191.124
240     178.425     190.614
241     178.425     190.252
242     178.425     189.779
243     178.425     189.456
244     178.425     189.013
245     178.425      188.35
246     178.425     187.748
247     175.822     187.068
248     175.822     186.561
249     175.822     185.883
250     175.155     185.147
251     175.137     184.599
252     175.137      184.22
253     175.137     184.009
254     175.137      183.76
255     175.137     183.418
256     175.137     183.225
257     175.137      182.97
258     173.933     182.669
259     173.933      182.45
260     172.909     182.184
261      172.03     181.925
262     169.011     181.803
263     169.011     181.456
264     169.011     181.075
265     169.011     180.807
266     169.011     180.464
267     169.011     180.039
268     169.011     179.867
269     169.011     179.666
270     169.011     179.474
271     169.011     179.039
272     166.613     178.682
273     166.613     178.453
274     166.613     178.148
275     166.613     177.907
276     166.613     177.662
277     166.613     177.409
278     166.613     176.985
279     166.613     176.777
280     165.521     176.431
281     165.521     176.074
282     165.521     175.929
283     165.521     175.719
284     165.521     175.539
285     165.521     175.429
286     165.521     175.165
287     165.521     175.054
288     165.521     174.768
289     165.521     174.696
290     162.815     174.608
291     162.815     174.241
292     161.804     173.934
293     161.804     173.751
294     161.804     173.383
295     161.804     173.005
296     161.804     172.625
297     161.804      172.26
298     161.804     171.873
299     161.053     171.488
300     161.053     171.214
301     161.053     170.697
302     159.992     170.436
303     159.992     169.891
304     159.992     169.591
305     159.992     169.319
306     156.309     168.905
307     155.792     168.617
308     155.792     168.225
309     155.792     167.635
310     155.792     167.282
311      154.59     166.895
312      154.59     166.411
313      154.59     166.039
314      154.59     165.806
315      154.59     165.312
316      154.59      164.97
317     154.267     164.538
318     151.152     164.084
319     151.152     163.666
320     151.152     163.287
321     151.152     162.748
322     151.152     162.305
323     151.152     161.792
324     151.152     161.454
325     151.152     161.046
326     151.152     160.458
327     151.152      159.91
328     151.152     159.495
329     151.152     159.137
330     151.152     158.786
331     151.152     158.363
332     148.922     157.892
333     148.922     157.515
334     148.922     157.115
335     148.922     156.839
336     148.922     156.628
337     148.922     156.445
338     148.922     156.173
339     148.922     155.842
340     148.922     155.604
341     148.922     155.375
342     148.922     155.066
343     148.922     154.825
344     148.885     154.704
345     148.885     154.544
346     148.011     154.263
347     148.011     154.159
348     148.011     153.923
349     147.007     153.733
350     147.007     153.534
351     147.007      153.42
352     147.007     153.209
353     147.007     152.986
354     147.007      152.91
355      146.68     152.784
356      146.68     152.598
357      146.68     152.326
358      146.68     152.303
359     146.378     152.232
360     146.378     152.213
361     146.378     152.034
362     146.378     151.969
363     145.917     151.805
364     145.917     151.575
365     145.572      151.39
366     145.572     151.301
367     145.572     151.135
368     145.209     150.982
369     144.304     150.764
370     142.923     150.573
371     142.923     150.345
372     142.923     150.271
373     142.851     150.082
374     142.851     150.007
375      142.38     149.678
376     141.394     149.352
377     141.394     149.111
378     141.394     149.007
379     141.394     148.691
380     141.394     148.514
381     140.221     148.382
382      140.08     148.328
383      140.08     147.941
384     139.605     147.634
385     139.605      147.22
386     139.605     146.845
387     139.605     146.523
388     139.605     146.337
389     139.605      145.97
390     139.556     145.694
391     139.542     145.409
392     139.542      145.09
393     139.045     144.848
394     139.045      144.66
395     139.045     144.341
396     139.045     144.112
397     139.045     143.728
398     139.045     143.395
399     139.045     143.153
400     139.045     142.848
401     139.045      142.63
402      138.77     142.412
403      138.77     142.159
404      138.77     141.952
405      138.43     141.685
406      138.43     141.442
407      138.43     141.295
408      138.43     141.052
409      138.43     140.895
410      138.43     140.761
411     137.274     140.611
412     137.274     140.419
413     137.274     140.229
414     137.274     140.214
415     137.274     140.165
416     137.274     140.091
417     137.274     139.992
418     137.274     139.943
419     137.274     139.858
420     137.274     139.705
421     137.274     139.605
422     137.274     139.551
423     137.274     139.513
424     137.274      139.46
425     137.274     139.428
426     137.274     139.373
427     137.274     139.332
428     137.274     139.305
429     137.274     139.275
430     137.193     139.194
431     137.193     139.165
432     137.166     139.123
433     137.166     139.048
434     137.166     138.995
435     137.166     138.931
436     137.166     138.859
437     137.166     138.817
438     137.077     138.784
439     136.657     138.676
440     135.844     138.624
441     135.844     138.565
442     135.844     138.491
443     135.844     138.395
444     135.844     138.361
445     135.844     138.319
446     135.363     138.265
447     135.363     138.188
448     135.363     138.158
449     135.363     138.113
450     134.727     138.059
451     134.727     137.964
452     134.727     137.923
453     134.727     137.863
454     134.386     137.839
455     134.386     137.745
456     134.386     137.702
457     134.386     137.672
458     134.386     137.586
459     134.386     137.502
460     134.386     137.453
461     133.515     137.396
462     133.515      137.36
463     133.515     137.258
464     133.515     137.177
465     133.515     137.095
466     133.515     136.979
467     133.515      136.85
468     133.515     136.797
469     133.376     136.698
470      132.78     136.574
471      132.78      136.47
472      132.78     136.399
473      132.62     136.336
474      132.62     136.206
475      132.62     136.095
476      132.62     136.041
477      132.62     135.963
478      132.62     135.854
479     132.342     135.763
480     132.342     135.692
481     132.342     135.627
482     132.342     135.574
483     132.342     135.439
484     132.334     135.348
485     132.065     135.265
486     131.978     135.177
487     131.978     135.069
488     131.978     135.069
489     131.978     135.017
490     131.978     134.923
491     131.978      134.83
492     131.978     134.769
493      131.95     134.652
494     131.181     134.572
495     131.181     134.503
496     131.181     134.406
497     131.181     134.317
498     131.181      134.23
499     130.284     134.129
500     130.284     134.115
501     130.284     134.014
502     130.284     133.915
503     130.284     133.932
504     130.284     133.857
505     130.284     133.764
506     130.284     133.655
507     128.895     133.551
508     128.895     133.516
509     128.895     133.441
510     128.895     133.422
511     128.895     133.337
512     128.895     133.256
513     128.895     133.157
514     128.895     133.044
515     128.895     132.925
516     128.334     132.795
517     128.334     132.705
518     128.334     132.567
519     128.334     132.478
520     128.334     132.315
521     128.334     132.186
522     128.334     132.094
523     128.334     131.996
524     128.334     131.851
525     128.334      131.79
526     128.334     131.738
527     128.334     131.676
528     128.334     131.618
529     128.334     131.574
530     128.334     131.434
531     128.334     131.348
532     128.334     131.114
533     127.497     130.955
534     127.497     130.769
535     127.497     130.654
536     127.497     130.597
537     127.497     130.426
538     127.497     130.335
539     127.497     130.303
540     127.497     130.198
541     127.497     130.114
542     127.497     129.991
543     127.497     129.881
544     127.497     129.794
545     127.497     129.727
546     127.497     129.654
547     127.497      129.56
548     127.497     129.516
549     127.497     129.441
550     127.497      129.43
551     127.497      129.37
552     127.497     129.332
553     127.459     129.269
554     127.459     129.241
555     126.575     129.221
556     126.575      129.18
557     126.575     129.172
558     126.057     129.099
559     126.057     129.015
560     126.057     128.997
561     126.057     128.886
562     126.057     128.831
563     126.057      128.78
564     126.057     128.756
565     126.057     128.678
566     126.057     128.602
567     125.829     128.519
568     125.754     128.427
569     125.754     128.398
570     125.754     128.328
571     125.754     128.365
572     125.754     128.288
573     125.754     128.208
574     125.754     128.035
575     125.754     127.867
576     125.598     127.703
577     125.598      127.47
578     125.598     127.358
579     125.598     127.295
580     125.598     127.178
581      125.18     127.097
582      125.18     127.032
583      125.18     126.964
584     124.919      126.92
585     124.919     126.834
586     124.919     126.783
587     124.919     126.719
588     124.919     126.695
589     124.919     126.635
590     124.919     126.582
591     124.919     126.543
592     124.598     126.488
593     124.598     126.391
594     124.598     126.359
595     124.598     126.343
596     124.598     126.294
597     124.598     126.266
598     124.598     126.233
599     124.598     126.202
600     124.598      126.14
601     124.598     126.057
602     124.598     126.023
603     124.598     125.965
604     124.586     125.934
605     124.586     125.929
606     124.586     125.918
607     124.441     125.881
608     124.295     125.852
609     124.025     125.837
610     124.025      125.81
611     124.025     125.782
612     124.025     125.765
613     124.025     125.714
614     124.025     125.687
615     124.025     125.665
616     124.025     125.635
617     123.791     125.588
618     123.791     125.537
619     123.791      125.54
620     123.791       125.5
621     123.791      125.44
622     123.791     125.414
623     123.655     125.377
624     123.655     125.371
625     123.655     125.368
626     123.655     125.347
627     123.655     125.308
628     123.655     125.294
629     123.655     125.283
630     123.655     125.232
631     123.655     125.222
632      123.46     125.166
633      123.46      125.15
634      123.46     125.125
635      123.46     125.096
636      123.46      125.06
637      123.46     125.083
638      123.46     125.032
639      123.46     125.005
640      123.46     124.981
641      123.46     124.923
642     123.459     124.898
643     121.395     124.884
644     121.395     124.833
645     121.395     124.771
646     121.395     124.746
647     121.395     124.696
648     121.395     124.646
649     121.395     124.586
650     121.395     124.566
651     121.395     124.523
652     121.395     124.497
653     121.395     124.456
654     121.395      124.38
655     121.395     124.346
656     121.395     124.305
657     121.395     124.264
658     121.395     124.289
659     121.395     124.245
660     121.395       124.2
661     121.395     124.157
662     121.395       124.1
663     121.395     124.064
664     121.395      124.04
665     121.395      124.01
666     121.395     123.951
667     121.395     123.889
668     121.395     123.827
669     121.395     123.789
670     121.395      123.75
671     121.395     123.733
672     121.395     123.721
673     121.395     123.665
674     121.395     123.602
675     121.395     123.549
676     121.395     123.522
677     121.395     123.486
678     121.395     123.452
679     121.395     123.383
680     121.395     123.361
681     121.395      123.33
682     121.395     123.296
683     121.395     123.265
684     121.395      123.22
685     121.303     123.135
686     119.794      123.07
687     119.794     123.016
688     119.794     122.959
689     119.794     122.891
690     119.794     122.805
691     119.794     122.735
692     119.794     122.657
693     119.794     122.599
694     119.794     122.503
695     119.794     122.435
696     119.794     122.389
697     119.794     122.317
698     119.794     122.217
699     119.794     122.142
700     119.794     122.093
701     119.724     122.011
702     119.724     121.939
703     119.724      121.88
704     119.724     121.808
705     119.724     121.733
706      118.56     121.656
707     117.546      121.62
708     117.546     121.536
709     117.546     121.479
710     117.546     121.388
711     117.546     121.338
712     117.522     121.242
713     117.522     121.149
714     117.522     121.104
715     117.522     120.996
716     117.522     120.901
717     117.522     120.805
718     117.522     120.666
719     116.975      120.56
720     116.975     120.449
721     116.975     120.383
722     116.975     120.324
723     116.975     120.212
724     116.975     120.194
725     116.975     120.096
726     116.515     120.015
727     116.515     119.972
728     116.515     119.904
729     116.515     119.856
730     116.515     119.773
731     116.515     119.655
732     116.515     119.608
733     116.021     119.537
734     116.021     119.433
735     116.021     119.371
736     114.566     119.275
737     114.566     119.197
738     114.566     119.082
739     114.566     118.884
740     114.409     118.779
741     114.409     118.688
742     114.409     118.548
743     113.995     118.352
744     113.995      118.22
745     113.995     118.114
746     113.995     118.023
747     113.535     117.901
748     113.535     117.733
749     113.514     117.659
750     113.514     117.495
751     113.514     117.439
752     113.514     117.282
753     113.514     117.069
754     113.514     116.908
755     113.514     116.614
756     113.514     116.483
757     113.514     116.254
758     113.514     116.116
759     113.514     115.903
760     113.514     115.882
761     112.397     115.766
762     112.397     115.738
763     112.397     115.571
764     112.397     115.506
765     112.397     115.409
766     112.397     115.259
767     112.397     115.107
768     112.397     115.027
769     112.397     114.894
770     112.397     114.785
771     112.009     114.666
772     112.009     114.587
773     112.009     114.448
774     112.009     114.371
775     112.009     114.311
776     112.009     114.244
777      111.73     114.169
778      111.73     114.047
779      111.73     113.913
780      111.73     113.792
781      111.73     113.728
782      111.73     113.654
783      111.73     113.535
784      111.73     113.472
785      111.73     113.404
786      111.73     113.302
787      111.73     113.232
788     111.651     113.179
789     111.651      113.11
790     110.844     113.127
791     110.844     113.024
792     110.844     112.938
793     110.844     112.858
794     110.844     112.799
795     110.844      112.73
796     110.565     112.659
797     110.565     112.634
798     110.565     112.598
799     110.565     112.562
800     110.565      112.51
801     110.565     112.452
802     110.486     112.398
803     110.486     112.334
804     110.486     112.268
805     110.486     112.212
806     110.486     112.133
807     110.486     112.107
808     110.486     112.012
809     110.486     111.962
810     110.312     111.898
811      110.19     111.813
812      110.19     111.675
813      109.79     111.613
814      109.79     111.547
815      109.79      111.49
816      109.79     111.428
817      109.79      111.37
818      109.79     111.314
819      109.79     111.246
820      109.79     111.216
821      109.79     111.187
822     109.711     111.123
823     109.711     111.077
824     109.711     111.057
825     109.711     111.026
826     109.342     110.979
827     109.342     110.938
828     109.342     110.911
829     109.342     110.891
830     109.342     110.859
831     109.342     110.817
832     109.342     110.805
833     109.342     110.776
834     109.342     110.736
835     109.342     110.734
836     109.342     110.723
837     109.342      110.72
838     109.342     110.672
839     108.566     110.646
840     108.566     110.622
841     108.566     110.607
842     108.566     110.564
843     108.566     110.525
844     108.566     110.454
845     108.566     110.399
846     108.566     110.369
847     108.566     110.293
848     108.533     110.236
849     108.533     110.182
850     108.533     110.091
851     108.533     110.111
852     108.533     110.017
853     108.533     109.983
854     108.533     109.956
855     108.533     109.938
856     108.533     109.905
857     108.442     109.863
858     108.442     109.849
859     108.442      109.84
860     108.442     109.829
861     108.442     109.783
862     108.442     109.752
863     108.442      109.72
864     108.442     109.678
865     108.442     109.652
866     108.442     109.615
867     108.382     109.585
868     108.382     109.543
869     108.382     109.469
870     108.382     109.427
871     108.305     109.361
872     108.305     109.286
873     108.305     109.223
874     108.305     109.151
875     108.305     109.117
876     108.305     109.085
877     108.305     108.998
878     108.272     108.941
879     108.272     108.902
880     108.272     108.865
881     108.272     108.823
882     108.235     108.799
883     108.235     108.759
884     108.235     108.722
885     108.235     108.709
886     108.235     108.681
887     108.235     108.659
888     108.235     108.643
889     108.235      108.63
890     108.235     108.613
891     108.235     108.603
892     108.235      108.58
893     108.235     108.565
894     108.235     108.544
895     108.088     108.533
896     108.088      108.51
897     108.088     108.496
898     108.009     108.487
899     108.009     108.469
900     108.009     108.457
901     108.009     108.446
902     108.009     108.437
903     108.009     108.436
904     108.009     108.431
905     108.009     108.421
906     108.009     108.414
907     108.009     108.408
908     108.009       108.4
909     108.009     108.388
910     108.009     108.382
911     108.009     108.378
912     108.009     108.363
913     108.009     108.362
914     108.009     108.357
915     108.009     108.353
916     108.009     108.346
917     108.009     108.345
918     107.825      108.34
919     107.825      108.33
920     106.664     108.318
921     106.664      108.31
922     106.664     108.305
923     106.664     108.296
924     106.664     108.285
925     106.664     108.278
926     106.664     108.271
927     106.232     108.258
928     106.232     108.237
929     106.232     108.215
930     106.232     108.238
931     106.232     108.207
932     106.232     108.201
933     106.232     108.186
934     106.232     108.173
935     106.232     108.164
936     106.232     108.148
937     106.232     108.125
938     106.232     108.119
939     106.232     108.107
940     106.232     108.095
941     106.232     108.089
942     106.232      108.07
943     106.232     108.059
944     106.232     108.043
945     106.232      108.03
946     106.225     108.002
947     106.225     107.991
948     106.225     107.983
949     106.225      107.97
950     106.225      107.95
951     106.225     107.936
952     106.225     107.922
953     106.225     107.912
954     106.225     107.906
955     105.517     107.887
956     105.517     107.856
957     105.517     107.834
958     105.517     107.824
959     105.517     107.788
960     105.517     107.755
961     105.517     107.719
962     105.517     107.685
963     105.517     107.663
964     105.517     107.599
965     105.517     107.539
966     105.517     107.482
967     105.517     107.443
968     105.517     107.361
969     105.517     107.306
970     105.517     107.234
971     105.517     107.186
972     105.517      107.14
973     105.517      107.13
974     105.517     107.084
975     105.517     107.034
976     105.517         107
977     105.517      106.94
978     105.517      106.91
979     105.517     106.857
980     105.517     106.831
981     105.517      106.79
982     105.517      106.73
983     105.517     106.654
984     105.517     106.605
985     105.517      106.59
986     105.517     106.537
987     105.517       106.5
988     105.517     106.473
989     105.517     106.445
990     105.391     106.428
991     105.391     106.429
992     105.391     106.395
993     105.391      106.36
994     105.391     106.318
995     105.391     106.254
996     105.391       106.2
997     105.391      106.18
998     105.391     106.138
999     105.391     106.123
1000     105.391     106.083
1001     105.391     106.049
1002     105.304     106.022
1003     105.304     105.997
1004     105.304     105.968
1005     105.304     105.935
1006     105.304     105.896
1007     105.304     105.878
1008     105.304      105.86
1009     105.304     105.838
1010     105.304     105.813
1011     105.304     105.782
1012     105.304     105.772
1013     105.304      105.76
1014     105.304     105.737
1015     105.304      105.71
1016     105.304     105.699
1017     105.304     105.682
1018     105.304     105.671
1019     105.304     105.634
1020     105.304     105.619
1021     105.268     105.589
1022     105.268     105.557
1023     105.268     105.531
1024     105.268     105.513
1025     105.268     105.499
1026     105.268     105.481
1027     105.268     105.466
1028     105.268     105.456
1029     105.268     105.449
1030     105.268     105.446
1031     105.179     105.444
1032     105.179     105.441
1033     105.056     105.436
1034     105.056      105.43
1035     105.056     105.424
1036     105.056     105.416
1037     105.056     105.409
1038     105.056     105.399
1039     104.817     105.393
1040     104.817     105.386
1041     104.817     105.377
1042     104.691     105.368
1043     104.691     105.363
1044     104.691     105.356
1045     104.691     105.351
1046     104.691     105.346
1047     104.691     105.339
1048     104.691     105.331
1049     104.691     105.325
1050     104.691     105.314
1051     104.691     105.303
1052     104.691     105.294
1053     104.691     105.286
1054     104.691     105.277
1055     104.691     105.267
1056     104.691     105.256
1057     104.568     105.241
1058     104.568     105.227
1059     104.568     105.214
1060     104.568     105.194
1061     104.511     105.179
1062     104.511     105.171
1063     104.511     105.159
1064     104.511     105.138
1065     104.511     105.118
1066     104.511     105.093
1067     104.511     105.073
1068     104.511     105.062
1069     104.511     105.034
1070     104.511     105.021
1071     104.511      104.99
1072     104.511      104.98
1073     104.511     104.961
1074     104.511      104.93
1075     104.511     104.927
1076     104.511     104.904
1077     104.511     104.868
1078     104.511     104.837
1079     104.511     104.796
1080     104.511     104.772
1081     104.511      104.76
1082     104.511     104.748
1083     104.511     104.735
1084     104.511     104.722
1085     104.511     104.707
1086     104.511     104.687
1087     104.511     104.677
1088     104.453     104.661
1089     104.453     104.648
1090     104.453     104.637
1091     104.453     104.627
1092     104.453     104.618
1093     104.453     104.609
1094     104.453     104.602
1095     104.453     104.594
1096     104.453     104.586
1097     104.453     104.579
1098     104.453     104.568
1099     104.289     104.558
1100     104.289      104.55
1101     104.289     104.546
1102     104.289     104.536
1103     104.289      104.53
1104     104.289     104.523
1105     104.289     104.516
1106     104.289     104.512
1107     104.289     104.505
1108     104.231     104.501
1109     104.231     104.497
1110     104.231      104.49
1111     104.231     104.487
1112     104.231     104.479
1113     104.231     104.473
1114     104.231     104.471
1115     104.231     104.467
1116      103.83     104.463
1117      103.83     104.457
1118      103.83     104.451
1119      103.83     104.443
1120      103.83     104.429
1121      103.83     104.414
1122      103.83     104.399
1123      103.83     104.388
1124      103.83     104.376
1125      103.83     104.367
1126      103.83     104.356
1127      103.83     104.353
1128      103.83      104.34
1129     103.038     104.326
1130     103.038     104.313
1131     103.038     104.311
1132     102.976     104.302
1133     102.976     104.288
1134     102.976     104.275
1135     102.976      104.26
1136     102.976      104.24
1137     102.976     104.228
1138     102.976     104.199
1139     102.976      104.16
1140     102.976     104.124
1141     102.976     104.085
1142     102.976     104.054
1143     102.574     104.027
1144     102.574     103.994
1145      102.34     103.969
1146      102.34     103.925
1147      102.34     103.876
1148     101.246     103.815
1149     101.246     103.752
1150     101.246     103.689
1151     101.246     103.656
1152     101.246     103.627
1153     101.246     103.592
1154     101.246     103.572
1155     101.246     103.513
1156     101.246     103.478
1157     101.246     103.406
1158     101.246     103.344
1159     101.246     103.196
1160     101.246     103.152
1161     101.246      103.08
1162     101.246     103.009
1163     101.246     102.904
1164     101.246     102.854
1165      101.16     102.767
1166      101.16     102.685
1167      101.16     102.553
1168      101.16     102.418
1169      101.16     102.344
1170      101.16     102.258
1171      101.16     102.141
1172      101.16      102.04
1173      101.16     101.956
1174      101.16     101.868
1175      101.16     101.794
1176      101.16     101.757
1177      101.16     101.691
1178      101.16     101.631
1179      101.16     101.569
1180      101.16     101.517
1181      101.16     101.501
1182      101.16     101.463
1183      101.16     101.412
1184      101.16     101.394
1185     101.148     101.345
1186     101.148     101.321
1187     101.148     101.297
1188     101.148     101.272
1189     101.148     101.264
1190     101.148     101.244
1191     101.148     101.236
1192     101.148     101.216
1193     101.148     101.203
1194     101.148     101.197
1195     101.148     101.195
1196     101.148     101.191
1197     101.148     101.188
1198     101.148     101.187
1199     100.928     101.183
1200     100.928     101.178
1201     100.928     101.176
1202     100.928     101.174
1203     100.579     101.168
1204     100.579     101.164
1205     100.579      101.16
1206     100.579     101.158
1207     100.579     101.153
1208     100.579     101.152
1209     100.579     101.152
1210     100.579     101.149
1211     100.579     101.147
1212     100.579     101.145
1213     100.579     101.142
1214     100.579     101.139
1215     100.579     101.137
1216     100.515      101.13
1217     100.515     101.125
1218     100.515     101.122
1219     100.515     101.109
1220     100.515     101.097
1221     100.515     101.075
1222     100.515     101.061
1223     100.515     101.051
1224     100.515     101.052
1225     100.515     101.034
1226     100.515     101.022
1227     100.515     100.999
1228     100.515      100.98
1229     100.515     100.956
1230     100.515     100.916
1231     100.515     100.877
1232     100.515     100.855
1233     100.515     100.839
1234     100.515     100.816
1235     100.515     100.795
1236     100.515     100.789
1237     100.515      100.76
1238     100.515     100.742
1239     100.515     100.724
1240     100.515       100.7
1241     100.515     100.681
1242     100.515     100.666
1243     100.515     100.645
1244     100.515     100.616
1245     100.515     100.591
1246     100.515     100.579
1247     100.515     100.569
1248     100.515     100.564
1249     100.515     100.553
1250     100.515     100.544
1251     100.515     100.533
1252     100.515     100.529
1253     100.515     100.524
1254     100.515     100.516
1255     100.515     100.515
1256     100.515     100.515
1257     100.143     100.514
1258     100.143     100.514
1259     100.143     100.514
1260     100.143     100.514
1261     100.143     100.514
1262     100.143     100.514
1263     100.143     100.513
1264     100.143     100.513
1265     100.143     100.513
1266     100.143     100.512
1267     100.143     100.512
1268     100.143     100.512
1269     100.143     100.512
1270     100.143     100.512
1271     100.143      100.51
1272     100.143     100.508
1273     100.143     100.506
1274     100.143     100.505
1275     100.108     100.501
1276     100.108       100.5
1277     100.108     100.497
1278     100.108     100.495
1279     100.108     100.494
1280     100.108     100.489
1281     100.108     100.484
1282     100.108     100.478
1283     99.8453      100.47
1284     99.8453     100.463
1285     99.8453     100.448
1286       99.81     100.426
1287       99.81     100.414
1288       99.81     100.406
1289       99.81     100.393
1290       99.81     100.377
1291       99.81     100.367
1292       99.81     100.351
1293       99.81      100.34
1294       99.81     100.327
1295       99.81     100.322
1296       99.81     100.317
1297       99.81     100.295
1298       99.81     100.282
1299       99.81     100.252
1300       99.81     100.227
1301       99.81     100.197
1302       99.81     100.168
1303       99.81     100.148
1304       99.81     100.126
1305       99.81     100.108
1306       99.81     100.073
1307       99.81     100.052
1308       99.81     100.027
1309       99.81     100.016
1310       99.81     99.9887
1311       99.81     99.9616
1312       99.81     99.9503
1313       99.81     99.9404
1314       99.81     99.9298
1315       99.81     99.9198
1316       99.81     99.9139
1317       99.81     99.9131
1318       99.81     99.9041
1319       99.81     99.8984
1320       99.81      99.888
1321       99.81     99.8796
1322       99.81     99.8732
1323       99.81     99.8585
1324       99.81     99.8433
1325       99.81     99.8302
1326       99.81     99.8194
1327       99.81     99.8176
1328       99.81     99.8164
1329       99.81     99.8151
1330       99.81     99.8131
1331       99.81     99.8119
1332       99.81     99.8114
1333       99.81       99.81
1334       99.81       99.81
1335       99.81       99.81
1336       99.81       99.81
1337       99.81       99.81
1338       99.81       99.81
1339       99.81       99.81
1340       99.81       99.81
1341       99.81       99.81
1342       99.81       99.81
1343       99.81       99.81
1344       99.81       99.81
1345       99.81       99.81
1346       99.81       99.81
1347       99.81       99.81
1348       99.81       99.81
1349       99.81       99.81
1350       99.81       99.81
1351       99.81       99.81
1352       99.81       99.81
1353       99.81       99.81
1354       99.81       99.81
1355     99.7927       99.81
1356     99.7927     99.8099
1357     99.7927     99.8099
1358     99.7927     99.8099
1359     99.7927     99.8099
1360     99.7927     99.8099
1361     99.7927     99.8099
1362     99.7927     99.8099
1363     99.7927     99.8098
1364     99.7927     99.8323
1365     99.7927     99.8097
1366     99.7927     99.8097
1367     99.7927     99.8096
1368     99.7927     99.8094
1369     99.7927     99.8093
1370     99.7927     99.8091
1371     99.7927     99.8088
1372     99.7927     99.8084
1373     99.7927     99.8081
1374     99.7927     99.8076
1375     99.7927     99.8069
1376     99.7927     99.8062
1377     99.7927     99.8047
1378     99.7927     99.8042
1379     99.7927     99.8039
1380     99.7927     99.8032
1381     99.7927     99.8025
1382     99.5653     99.8014
1383     99.5571     99.8006
1384     99.5571     99.7997
1385     99.5448     99.7987
1386     99.5448     99.7981
1387     99.5448     99.7967
1388     99.5448     99.7952
1389     99.5448     99.7939
1390     99.5448     99.7926
1391     99.5448     99.7906
1392     99.5448     99.7894
1393     99.5448     99.7912
1394     99.5448     99.8018
1395     99.5448     99.7833
1396     99.5448     99.7804
1397     99.5448     99.7928
1398     99.5448     99.7709
1399     99.5448     99.7968
1400     99.5448     99.7566
1401     99.3174     99.7601
1402     99.3174       99.74
1403     99.3174     99.7311
1404     99.3174     99.7206
1405     99.3174       99.71
1406     99.3174     99.7055
1407     99.3174     99.6921
1408     99.3174     99.6871
1409     99.3174     99.7068
1410     99.3174     99.7252
1411     99.3174     99.7107
1412     99.3174     99.6677
1413     99.3174     99.6575
1414     99.3174     99.6416
1415     99.3174     99.6165
1416     99.3174      99.603
1417     99.3174     99.5917
1418     99.3174     99.5706
1419     99.3174     99.5519
1420     99.3174      99.546
1421     99.3174     99.5297
1422     99.3174     99.5211
1423     99.3174     99.5135
1424     99.3174     99.5002
1425     99.3174     99.4983
1426     99.3174     99.4888
1427     99.3174     99.4788
1428     99.3174     99.4684
1429     99.3174     99.4551
1430     99.3174     99.4408
1431     99.3174     99.4256
1432     99.3174     99.4066
1433     99.3174     99.3847
1434     99.3174     99.3724
1435     99.3174       99.36
1436     99.3174     99.3489
1437     99.3174     99.3424
1438     99.3174      99.338
1439     99.3174     99.3293
1440     99.3174     99.3247
1441     99.3174     99.3188
1442     99.3174     99.3174
1443     99.3174     99.3174
1444     98.8623     99.3165
1445     98.8623     99.3165
1446     98.8623     99.3165
1447     98.8623     99.3165
1448     98.8623     99.3165
1449     98.8623     99.3156
1450     98.8623     99.3147
1451     98.8623      99.312
1452     98.8623      99.312
1453     98.8623     99.3111
1454     98.8623     99.3093
1455     98.8623     99.3093
1456     98.8623     99.3083
1457     98.8623     99.3065
1458     98.8623     99.3029
1459     98.8623     99.3011
1460     98.8623     99.2974
1461     98.8623     99.2929
1462     98.8623     99.2819
1463     98.8623     99.2728
1464     98.8623     99.2583
1465     98.8623      99.241
1466     98.8623      99.221
1467     98.8623     99.1873
1468     98.8623     99.1783
1469     98.8623     99.1591
1470     98.8623     99.1505
1471     98.8623     99.1378
1472     98.8623     99.1187
1473     98.8623     99.1032
1474     98.8623     99.0841
1475     98.6964     99.0774
1476     98.6964     99.0655
1477     98.6167     99.0523
1478     98.6167     99.0459
1479     98.6167     99.0405
1480     98.6167     99.0268
1481     98.6167     99.0123
1482     98.6167     99.0013
1483     98.6167     98.9895
1484     98.6167     98.9777
1485     98.6167     98.9664
1486     98.6167     98.9561
1487     98.6167     98.9428
1488     98.6167      98.931
1489     98.6167     98.9269
1490     98.6167     98.9227
1491     98.6167     98.9142
1492     98.6167     98.9046
1493     98.6167     98.9018
1494     98.6167     98.8875
1495     98.6167     98.8789
1496     98.6167     98.8746
1497     98.6167     98.8661
1498     98.6167      98.862
1499     98.6167     98.8526
1500     98.6167     98.8575
1501     98.6167     98.8447
1502     98.6167     98.8422
1503     98.4507     98.8511
1504     98.4507     98.8363
1505     98.4507     98.8291
1506     98.4507     98.8192
1507     98.4507     98.8104
1508     98.4507     98.8028
1509     98.4507     98.8003
1510     98.4507     98.7944
1511     98.4507     98.7984
1512     98.4507     98.7866
1513     98.4507     98.7817
1514     98.4507      98.776
1515     98.4507     98.7712
1516     98.4507     98.7643
1517     98.4507     98.7541
1518     98.4507     98.7433
1519     98.4507     98.7309
1520     98.4507     98.7117
1521     98.4507     98.7011
1522     98.4507     98.6842
1523     98.2961     98.6713
1524     98.2961     98.6671
1525     98.2961     98.6546
1526     98.2961     98.6444
1527     98.2961      98.637
1528     98.2961     98.6252
1529     98.2961     98.6164
1530     98.2961     98.6098
1531     98.2961      98.604
1532     98.2961     98.5991
1533     98.2961     98.5901
1534     98.2961     98.5768
1535     98.2961     98.5694
1536     98.2961     98.5595
1537     97.9521     98.5404
1538     97.9521     98.5287
1539     97.9521     98.5137
1540     97.6655     98.5036
1541     97.6655     98.4881
1542     97.6655     98.4827
1543     97.6655     98.4784
1544     97.6655      98.472
1545     97.6655     98.4585
1546     97.6655     98.4501
1547     97.6655     98.4426
1548     97.6655     98.4366
1549     97.6655     98.4298
1550     97.6655     98.4277
1551     97.6655     98.4231
1552     97.6655     98.4186
1553     97.6655     98.4124
1554     97.6655     98.4025
1555     97.6655     98.3954
1556     96.5881     98.3864
1557     96.5881     98.3792
1558     96.5881      98.369
1559     96.5881     98.3678
1560     96.5881     98.3674
1561     96.5881     98.3626
1562     96.5881     98.3573
1563     96.5881      98.347
1564     96.5881     98.3382
1565     96.5881     98.3345
1566     96.5881     98.3332
1567     96.5881     98.3255
1568     96.5881     98.3167
1569     96.5881     98.3042
1570     96.5881     98.2901
1571     95.8029     98.2736
1572     95.8029     98.2474
1573     95.0405     98.2306
1574     95.0405     98.2085
1575     95.0405     98.1616
1576     95.0405     98.1241
1577     95.0405     98.1282
1578     95.0405     98.0774
1579     95.0405     98.0084
1580     95.0405     98.0332
1581     95.0405     97.9075
1582     95.0405     97.8405
1583     95.0405     97.7469
1584     95.0405     97.6053
1585     95.0405     97.5654
1586     95.0405     97.5003
1587     95.0405       97.41
1588     95.0405     97.2992
1589     95.0405     97.1946
1590     95.0405     97.0832
1591     94.8858     97.0128
1592     94.8858     96.9495
1593     94.8858      96.859
1594     94.8858     96.7835
1595     94.8858     96.7231
1596     94.8858       96.68
1597     94.8858     96.6285
1598     94.8858     96.5723
1599     94.8858     96.4881
1600     94.8858     96.3787
1601     94.8858     96.3276
1602     94.8473     96.2332
1603     94.8473     96.1361
1604     94.8473     96.0993
1605     94.8473     96.0166
1606     94.8473     95.9651
1607     94.8473     95.9159
1608     94.8473     95.8792
1609     94.8473     95.8472
1610     94.5343     95.7922
1611     94.5343     95.7751
1612     94.5343      95.794
1613     94.5343     95.7375
1614     94.5343     95.7098
1615     94.5343     95.6876
1616     94.5343     95.6573
1617     94.5343     95.6207
1618     94.5343      95.565
1619     94.5343     95.5337
1620     94.5343     95.5046
1621     94.5343     95.4677
1622     94.5343     95.4528
1623     94.5343     95.4344
1624     94.5343     95.4409
1625     94.5343     95.4107
1626     94.5343     95.3685
1627     94.5343     95.3437
1628     94.5343     95.3261
1629     94.5343     95.3121
1630     94.5343      95.307
1631     94.5343      95.292
1632     94.5343     95.2892
1633     94.5343     95.2711
1634     93.9075     95.2626
1635     93.9075     95.2568
1636     93.9075     95.2151
1637     93.9075     95.2129
1638     93.9075     95.1903
1639     93.9075     95.1743
1640     93.9075     95.1757
1641     93.9075     95.1625
1642     93.9075      95.155
1643     93.9075     95.1323
1644     93.9075     95.1261
1645     93.9075     95.1156
1646     93.9075     95.0833
1647     93.9075     95.0515
1648     93.9075      95.077
1649     93.9075     95.0377
1650     93.9075     95.0531
1651     93.9075     94.9923
1652     93.9075      94.947
1653     93.9075     94.9122
1654     93.9075     94.9014
1655     93.9075     94.8804
1656     93.9075     94.8715
1657     93.9075     94.8362
1658     93.9075     94.8208
1659     93.9075      94.791
1660     93.9075     94.7828
1661     93.9075     94.7705
1662     93.9075      94.745
1663     93.8734     94.7021
1664     93.8734     94.6498
1665     93.8734     94.6086
1666     93.8734     94.6009
1667     93.8734     94.5816
1668     93.8734     94.5385
1669     93.8734      94.517
1670     93.8734     94.4934
1671     93.8734     94.4283
1672     93.8734     94.3986
1673     93.8734     94.3748
1674     93.8734     94.3603
1675     93.8734     94.3244
1676     93.8734     94.2985
1677     93.8734     94.2546
1678     93.8734     94.2388
1679     93.8734     94.2077
1680     93.8734     94.1749
1681     93.8734       94.15
1682     93.8734     94.1275
1683     93.8734     94.1257
1684     93.8734     94.1036
1685     93.8734     94.0898
1686     93.8734     94.0797
1687     93.8734     94.0542
1688     93.8734     94.0429
1689     93.8734     94.0266
1690     93.8734     94.0164
1691     93.8734     94.0105
1692     93.8734     93.9897
1693     93.8734     93.9559
1694     93.8734     93.9432
1695     93.7182     93.9169
1696     93.7182     93.9068
1697     93.7182     93.8957
1698     93.7182     93.8865
1699     93.7182     93.8829
1700     93.7182     93.8812
1701     93.7182     93.8786
1702     93.7182     93.8757
1703     93.7182     93.8732
1704     93.7182     93.8709
1705     93.7182     93.8685
1706     93.7182     93.8659
1707     93.7182     93.8631
1708     93.7182     93.8587
1709     93.7182     93.8512
1710     93.7182     93.8429
1711     93.7168     93.8302
1712     93.7168     93.8246
1713     93.7168     93.8163
1714     93.7168     93.8104
1715     93.7058     93.8044
1716     92.6938     93.7993
1717     92.6938     93.7929
1718     92.6938     93.7887
1719     92.6938     93.7798
1720     92.6938     93.7729
1721     92.6938     93.7686
1722     92.6938     93.7619
1723     92.6938     93.7567
1724     92.6938     93.7512
1725     92.6814     93.7398
1726     92.6814     93.7273
1727     92.6814     93.7159
1728     92.6814      93.707
1729     92.6814     93.7016
1730       92.68      93.685
1731       92.68      93.673
1732       92.68     93.6577
1733       92.68     93.6395
1734       92.68     93.6231
1735       92.68     93.5985
1736       92.68     93.5597
1737       92.68     93.5191
1738       92.68      93.482
1739       92.68     93.4394
1740       92.68     93.4444
1741       92.68     93.4122
1742       92.68     93.3813
1743     92.4522     93.3587
1744     92.4522     93.3294
1745     92.4522     93.2833
1746     92.4522     93.2356
1747     92.4522     93.2157
1748     92.4522     93.1699
1749     92.4522     93.1293
1750     92.4522     93.1075
1751     92.4522     93.1011
1752     92.4522      93.084
1753     92.4522     93.0715
1754     92.4522     93.0671
1755     92.4522     93.0356
1756     92.4522     93.0191
1757     92.4522     92.9983
1758     92.4522     92.9628
1759     92.4522     92.9393
1760     92.4522     92.9155
1761      92.445     92.8718
1762      92.445     92.8246
1763      92.445     92.7887
1764      92.445     92.7707
1765      92.445     92.7324
1766      92.445     92.6843
1767      92.445     92.6606
1768      92.445     92.6423
1769      92.445      92.631
1770      92.445     92.6165
1771      92.445     92.6058
1772      92.445     92.5961
1773      92.445     92.5864
1774      92.445     92.5797
1775      92.445     92.5769
1776      92.445     92.5681
1777     92.2158     92.5668
1778     92.2158     92.5608
1779     92.2158     92.5521
1780     92.2158     92.5435
1781     92.2158     92.5417
1782     92.2158     92.5316
1783     92.2158     92.5271
1784     92.2158     92.5188
1785     92.2158     92.5126
1786     92.2158     92.5084
1787     92.2158     92.5021
1788     92.2158     92.4966
1789     92.2158     92.4933
1790     92.2158     92.4837
1791     92.2158      92.474
1792     92.2158     92.4684
1793     92.2158     92.4642
1794     92.2158     92.4619
1795     92.2158      92.456
1796     92.2158     92.4532
1797     92.2158     92.4567
1798     92.2158     92.4513
1799     92.2158     92.4444
1800     92.2158     92.4415
1801     92.2158     92.4396
1802     92.2158     92.4367
1803     92.2158     92.4353
1804     92.2158     92.4339
1805     92.2158     92.4294
1806     92.2158     92.4233
1807     92.0535     92.4198
1808     92.0535     92.4124
1809     92.0535      92.402
1810     92.0535     92.3889
1811     92.0535      92.377
1812     92.0535     92.3708
1813     92.0535       92.36
1814     92.0535     92.3574
1815     92.0535     92.3512
1816     92.0535     92.3472
1817     92.0535     92.3411
1818     92.0535     92.3326
1819     92.0535     92.3225
1820     92.0535     92.3113
1821     92.0535      92.306
1822     92.0535     92.3008
1823     92.0535      92.295
1824     92.0535     92.2882
1825     91.9915     92.2767
1826     91.9915      92.269
1827     91.9915     92.2633
1828     91.9915     92.2485
1829     91.9915     92.2384
1830     91.9915     92.2233
1831     91.9915     92.2093
1832     91.9915     92.2001
1833     91.9915     92.1886
1834     91.9915     92.1709
1835     91.9915     92.1608
1836     91.9915     92.1566
1837     91.9915     92.1492
1838     91.9915     92.1426
1839     91.9915     92.1372
1840     91.2771     92.1259
1841     91.2771     92.1159
1842     91.2771     92.1081
1843     91.2771     92.0975
1844     91.2771     92.0849
1845     91.2771     92.0843
1846     91.2771     92.0772
1847     91.2771     92.0709
1848     91.2771      92.055
1849     91.2771     92.0513
1850     91.2771     92.0415
1851     91.2771     92.0361
1852     91.2771     92.0234
1853     91.1223      92.013
1854     91.1223     91.9961
1855     91.1223     91.9777
1856     91.1223     91.9578
1857     91.1223     91.9417
1858     91.1223     91.9193
1859     91.1223     91.8868
1860     91.1223     91.8579
1861     91.1223     91.8272
1862     91.1223     91.7831
1863     91.1223     91.7592
1864     91.1223     91.7372
1865     91.1223     91.7094
1866     89.8811      91.677
1867     89.8811     91.6581
1868     89.8811     91.6278
1869     89.8811     91.6003
1870     89.8811     91.5781
1871     89.8811     91.5377
1872     89.8811     91.5272
1873     89.8811     91.5192
1874     89.8811     91.4961
1875     89.8811     91.4714
1876     89.8811     91.4293
1877     89.7263     91.3948
1878     89.7263     91.3819
1879     89.7263     91.3529
1880     89.7263     91.3083
1881     89.7263     91.2418
1882     89.7263     91.1837
1883     89.7263     91.1234
1884     89.7263     91.0414
1885     89.7263     90.9421
1886     89.7263     90.8793
1887     89.7263     90.7825
1888     89.7263     90.6715
1889     89.7263     90.6193
1890     89.7263     90.5758
1891     89.7263     90.5345
1892     89.7263     90.5004
1893     89.7263     90.4437
1894     89.7263     90.3882
1895     89.7263     90.3475
1896     89.7263     90.2873
1897     89.7263     90.2404
1898     89.7263     90.1582
1899     89.7263     90.1203
1900     89.7263     90.0896
1901     89.7263     90.0756
1902     89.7263      90.047
1903     89.7263     90.0068
1904     89.7263     89.9747
1905     89.7263     89.9327
1906     89.7263     89.8867
1907     89.7263     89.8449
1908     89.7263     89.8467
1909     89.7099      89.786
1910     89.7099     89.7813
1911     89.7099     89.7578
1912     89.7099     89.7448
1913     89.7099      89.739
1914     89.7099     89.7362
1915     89.7099     89.7312
1916     89.7099     89.7265
1917     89.7099     89.7262
1918     89.7099     89.7262
1919     89.7099     89.7262
1920     89.7099     89.7262
1921     89.7099     89.7262
1922     89.7099     89.7262
1923     89.7099     89.7262
1924     89.7099     89.7262
1925     89.7099     89.7262
1926     89.7099     89.7261
1927     89.7099     89.7261
1928     89.7099     89.7261
1929     89.7099     89.7261
1930     89.7099      89.726
1931     89.7099      89.726
1932     89.7099      89.726
1933     89.7099     89.7259
1934     89.7099     89.7259
1935     89.7099     89.7259
1936     89.7099     89.7258
1937     89.7099     89.7258
1938     89.7099     89.7258
1939     89.7099     89.7257
1940     89.7099     89.7256
1941     89.7099     89.7257
1942     89.7099     89.7253
1943     89.7099     89.7252
1944     89.0284     89.7238
1945     89.0284     89.7222
1946     89.0284      89.722
1947     89.0284     89.7216
1948     89.0284     89.7209
1949     89.0284     89.7198
1950     89.0284     89.7187
1951     89.0284     89.7173
1952     89.0284     89.7161
1953     89.0119     89.7131
1954     89.0119     89.7116
1955     89.0119     89.7102
1956     89.0119     89.7079
1957     89.0119     89.7064
1958     89.0119     89.7035
1959     89.0119     89.7012
1960     89.0119     89.6992
1961     89.0119     89.6929
1962     89.0119     89.6906
1963     89.0119     89.6868
1964     89.0119      89.686
1965     89.0119     89.6748
1966     89.0119     89.6641
1967     88.8166     89.6492
1968     88.8166     89.6395
1969     88.8166     89.6317
1970     88.8166     89.6183
1971     88.8166     89.6062
1972     88.8166     89.5982
1973     88.8166     89.5916
1974     88.8166     89.5718
1975     88.8166     89.5617
1976     88.8166       89.55
1977     88.8166     89.5291
1978     88.5875     89.5011
1979     88.5875     89.4545
1980     88.5875     89.4203
1981     88.5875     89.3958
1982     88.5875     89.3541
1983     88.5875     89.3236
1984     88.5875     89.2874
1985     88.5875      89.268
1986     88.5875     89.2334
1987     88.5875      89.226
1988     88.5875     89.2082
1989     88.5875     89.1859
1990     88.5875      89.142
1991     88.5875       89.12
1992     88.5875     89.1039
1993     88.0964      89.092
1994     88.0964      89.078
1995     88.0964      89.057
1996     88.0964     89.0406
1997     88.0964     89.0205
1998     88.0964      88.984
1999     88.0964     88.9578
