GEN:      BEST_LOSS:      AVERAGE_LOSS: 
0     438.017     500.789
1     438.017     493.887
2     438.017     488.105
3     438.017     481.982
4     432.981     477.032
5      429.16     472.697
6     415.705     467.734
7     407.091     462.567
8     407.091     457.572
9     394.718     452.975
10     394.718     448.004
11     394.718     443.603
12     374.879     438.499
13     373.842      433.48
14     373.842     428.823
15     373.842     424.166
16     373.842     419.483
17     366.709     415.145
18     366.709     411.039
19     363.087     407.657
20       359.3     403.985
21     351.089     400.153
22     351.089     396.728
23     334.043     393.217
24     334.043     389.397
25     334.043     385.906
26     334.043     382.777
27     334.043     379.788
28     334.043     377.121
29     334.043     374.579
30       328.3     372.084
31       328.3     369.785
32       328.3     367.827
33     320.432     364.959
34     320.432     362.408
35     320.432     359.906
36     320.432     357.609
37     319.971     354.865
38     319.971     352.613
39     319.971     350.681
40     314.178     349.361
41     314.178     347.674
42     314.178     345.392
43     314.178     343.896
44     314.178     342.491
45     314.178     340.822
46     308.968     339.687
47     308.968     337.806
48     308.968     335.953
49     308.968     334.228
50      308.17     332.811
51     306.351     331.225
52     295.921     329.776
53     295.921     328.537
54     295.921     327.146
55     295.921      326.15
56     293.685     324.887
57     293.685     323.907
58     293.685     322.921
59     281.988     322.073
60     281.988     321.364
61     281.988     320.265
62     281.988     319.393
63     281.988     318.565
64     281.988     317.713
65     281.988     316.857
66     281.988     316.046
67     281.988      315.34
68     281.988     314.543
69     281.988     314.152
70     281.988     313.461
71     281.988     312.877
72     281.988     312.074
73     281.988      311.17
74     281.988     310.437
75     281.988     309.699
76     281.988      308.79
77     280.073      308.33
78     280.073     307.754
79     280.073     307.149
80     280.073     306.145
81     280.073     305.123
82     277.223     304.312
83     277.223      303.71
84     277.223     302.921
85     274.931     302.189
86     274.359     301.419
87     260.568     300.469
88     260.568     299.657
89     260.568     298.769
90     260.568      297.81
91     260.568     296.998
92     260.568     295.764
93     260.568     294.703
94     260.568     293.728
95     260.568     292.823
96     260.568     291.775
97     260.568       291.1
98     260.568     289.968
99     260.568     289.138
100     260.568     288.052
101     260.568     287.408
102     260.568     286.747
103     260.568     286.021
104     260.568     285.443
105     256.433     284.733
106     256.433     284.033
107     256.433     283.428
108     248.874     282.523
109     248.874     281.638
110     248.874     281.056
111     248.874     280.404
112     248.874     279.719
113     248.874     279.177
114     248.874     278.352
115     248.874     277.825
116     248.874     277.085
117     248.874     276.365
118     248.874     275.394
119     248.874     274.847
120     248.874     274.237
121     248.874     273.672
122     248.874     272.946
123     248.874     272.325
124     246.405     271.404
125     246.405     270.518
126     246.405     269.878
127     246.217     269.001
128     246.217     268.082
129     246.217     267.576
130     246.217     266.658
131     246.217     265.743
132     246.217     265.029
133     240.421     264.037
134     240.421     263.402
135     234.893     262.491
136     234.893     261.657
137     234.893      260.68
138     230.214     259.911
139     230.214     259.086
140     230.214      258.14
141     230.214      257.31
142     230.214     256.241
143     230.214     255.322
144     230.214      254.39
145     221.656     253.145
146     221.656     252.355
147     221.656     251.488
148     221.656     250.261
149     221.656     249.036
150     221.656     248.069
151     221.656     247.114
152     221.656     246.006
153     221.656     245.337
154     221.656     244.402
155     221.298     243.466
156     221.298     242.792
157     221.298     241.952
158     221.298     241.034
159     213.456     240.315
160     213.456     239.448
161     213.456     238.752
162     213.456     238.103
163     213.456     237.207
164     213.456     236.249
165     213.456     235.477
166     213.456     234.783
167     213.456     234.052
168     213.456       233.1
169     213.456     232.424
170     213.456     231.718
171     212.734      230.76
172     212.506     230.045
173     212.506     229.322
174     212.506     228.482
175     212.506     227.696
176     212.506     226.921
177     209.212     226.253
178     209.212     225.741
179     205.377     224.908
180     205.377     224.322
181     205.377     223.744
182     205.377     223.059
183     205.377     222.457
184     205.377     221.695
185     205.377     221.058
186     204.185     220.185
187     204.185     219.606
188     202.744     219.242
189     202.744     218.679
190     202.744     218.315
191     202.744     217.919
192     197.732     217.559
193     197.732     217.147
194     197.732     216.851
195     197.732     216.438
196     197.732     215.882
197     197.732     215.419
198     197.732     214.858
199     197.732     214.344
200     197.732     214.046
201     195.967      213.69
202     195.967     213.092
203     195.967     212.779
204     195.967     212.311
205     195.967     211.836
206     195.425     211.315
207     195.425      210.79
208     195.425      210.32
209     195.022     209.612
210     195.022     209.088
211     195.022     208.708
212     195.022     208.228
213     195.022     207.944
214     195.022     207.485
215     195.022     207.085
216     192.942     206.611
217     192.027     206.266
218     190.519     205.804
219     190.519     205.463
220     190.519       204.9
221     190.519     204.793
222     190.519      204.36
223     190.519     204.048
224     190.519     203.842
225     188.236     203.336
226     188.236     202.915
227     188.236     202.525
228     188.236     202.183
229     186.525      201.66
230     186.525     201.442
231     186.525     201.126
232     185.695     200.671
233     185.695     200.141
234     185.695     200.005
235     185.695     199.516
236     185.695     199.117
237     185.695     198.517
238     184.506     198.056
239     184.506     197.562
240     182.008      197.04
241     182.008     196.733
242     182.008     196.466
243     182.008     195.901
244     182.008     195.427
245     182.008      195.04
246     182.008     194.601
247     181.921     194.293
248     180.528     193.924
249     180.528     193.331
250     178.814     193.133
251     174.302     192.745
252     174.302     192.085
253     174.302     191.422
254     174.302     191.063
255     174.302     190.699
256     174.302     190.335
257     174.302     189.757
258     174.302     189.245
259     174.302     188.956
260     173.406     188.653
261     173.406     188.488
262     173.406     188.381
263     173.406     187.933
264     173.406     187.672
265     173.406     187.466
266     173.406     187.224
267     173.406     186.821
268     173.406     186.438
269     173.406     186.243
270     173.406     186.043
271     173.406     185.681
272     172.999     185.314
273     172.999     184.985
274     172.999     184.683
275     172.999     184.347
276     172.519     184.063
277     171.091     183.845
278     171.091      183.64
279     171.091     183.119
280     171.091     182.931
281     171.091     182.791
282     171.091     182.395
283     171.091      182.08
284     171.091     181.889
285     170.356     181.462
286     170.356     181.154
287     170.356     180.923
288     168.117     180.627
289     168.117     180.261
290     166.067     179.823
291     166.067     179.459
292     165.028     179.059
293     165.028      178.76
294     165.028     178.375
295     165.028     178.331
296     163.843     178.048
297     163.843     177.658
298     163.843     177.421
299     163.843     177.294
300     163.843     177.049
301     163.843     176.789
302     163.843     176.466
303     163.744      176.12
304     163.697     175.622
305     163.697      175.37
306     160.157     174.762
307     160.157     174.525
308     160.157     174.261
309     160.157     173.942
310     160.157     173.572
311     160.157     173.273
312     160.157     172.664
313      157.35     172.269
314      157.35     171.821
315      157.35     171.478
316      157.35     170.929
317      157.35     170.581
318      157.35     170.297
319      157.35     169.863
320      157.35     169.587
321      157.35     169.142
322      157.35      168.76
323      157.35     168.433
324      157.35     168.124
325      157.35     167.847
326      157.35     167.668
327      157.35     167.415
328      157.35     167.221
329      157.35     167.058
330      157.35     166.909
331      157.35     166.671
332      157.35     166.495
333      157.35     166.348
334      157.35     166.128
335      156.88     165.765
336     156.492     165.429
337     156.492     165.074
338     156.492     164.926
339     156.492     164.561
340     156.492     164.261
341       155.1     163.941
342       155.1     163.708
343       155.1     163.455
344       155.1     163.303
345       155.1     163.064
346       155.1     162.804
347     153.579     162.492
348     153.579     162.375
349     153.579     162.212
350     153.579     162.015
351     153.579     161.877
352     153.579     161.904
353     153.579     161.773
354     153.579     161.562
355     153.579     161.254
356      151.48     161.023
357      151.48     160.912
358      151.48     160.857
359      151.48     160.712
360      151.48     160.663
361      151.48      160.39
362      151.48      160.16
363      151.48     160.176
364      151.48     159.882
365      151.48     159.799
366      151.48     159.743
367      151.48      159.52
368      151.48     159.567
369      151.48     159.432
370      151.48     159.285
371      151.48     159.076
372      151.48     158.986
373      151.48     158.814
374      151.48     158.687
375      151.48     158.633
376      151.48     158.426
377     151.208     158.375
378     151.208     158.253
379     151.208     157.966
380     151.208     157.975
381     150.471      157.69
382     150.471     157.577
383     150.471     157.554
384     150.471     157.393
385     150.471     157.374
386     150.471     157.157
387     150.471     157.059
388     150.471      156.94
389     150.471     156.919
390     150.471     156.782
391     150.471     156.806
392     150.471     156.791
393     150.471     156.793
394     150.471     156.556
395     150.471     156.395
396      150.06     156.222
397      150.06     156.134
398      150.06       155.9
399     149.195     155.862
400     148.747     155.662
401     148.747     155.601
402     148.747     155.324
403     148.747     155.212
404     148.747     155.074
405     148.747     154.959
406     148.747     154.797
407     148.747     154.709
408     147.829     154.547
409     147.829     154.407
410     147.829     154.213
411     147.829     154.051
412     147.829     153.869
413     147.829     153.719
414     147.829     153.551
415     147.755      153.37
416     147.755      153.26
417     147.755     153.168
418     144.443     152.997
419     144.443     152.905
420     144.443     152.758
421     144.443     152.636
422     144.443     152.519
423     144.443     152.392
424     144.443     152.314
425     144.443     152.097
426     144.443     152.008
427     144.443     151.786
428     144.443     151.613
429     144.443       151.5
430     144.443     151.434
431     144.443     151.269
432     144.443     151.075
433     144.443     150.882
434     144.443     150.638
435     144.443     150.494
436     144.443     150.231
437     144.443     150.089
438     144.443     149.913
439     144.443     149.744
440     144.443     149.527
441     144.443     149.379
442     144.431     149.076
443      142.18     148.788
444      142.18     148.659
445      142.18       148.4
446      142.18       148.3
447      142.18     148.149
448      142.18     147.887
449      142.18     147.739
450      142.18     147.478
451      142.18     147.443
452      142.18     147.238
453      142.18     147.103
454      142.18     146.934
455      142.18     146.732
456      142.18     146.504
457      142.18     146.269
458     141.933     146.101
459     141.933     145.965
460     141.647      145.73
461     141.625     145.501
462     141.114     145.289
463     141.114     145.142
464     141.114     145.003
465     140.925     144.772
466     140.662     144.622
467     140.662     144.437
468     140.529     144.226
469     139.874     143.997
470     139.862     143.757
471     139.862     143.616
472     139.862     143.476
473     139.862     143.304
474     139.336     143.139
475     139.336     143.003
476      139.13     142.901
477      139.13     142.727
478     138.735     142.512
479     138.735     142.381
480     138.735     142.278
481     138.735     142.162
482     138.629     142.002
483     138.629     141.862
484     138.629     141.739
485     138.629      141.65
486     138.143      141.51
487     138.143     141.399
488     138.143     141.211
489     138.143     141.093
490     138.143     140.926
491     137.686     140.781
492     137.523     140.626
493     137.523     140.471
494     137.523      140.37
495     137.523     140.188
496     137.523     140.038
497     137.523     139.891
498     137.523     139.732
499     137.523     139.629
500     137.523     139.493
501     137.523     139.429
502     137.523     139.341
503     137.523     139.219
504     137.523     139.153
505     137.188     139.068
506     137.188     139.016
507     137.137      138.94
508     137.137     138.894
509     137.137     138.821
510     136.577     138.751
511     136.577     138.656
512     136.577     138.584
513     136.577     138.536
514     136.559      138.52
515     136.559     138.419
516     136.559     138.348
517     136.559     138.265
518     136.069      138.23
519     136.069     138.169
520     136.069     138.118
521     135.249     138.047
522     135.249     137.966
523     135.249     137.927
524     135.249     137.876
525     135.249     137.842
526     135.249     137.781
527     135.249     137.713
528     135.249     137.655
529     134.087     137.578
530     134.087     137.523
531     134.087     137.505
532     134.087     137.442
533     134.087     137.372
534     134.087      137.24
535     134.087     137.186
536     134.087     137.132
537     134.087     137.087
538     134.087     137.027
539     133.535     136.978
540     133.535     136.894
541     133.535     136.863
542     133.535     136.802
543     133.535     136.718
544     133.535     136.701
545     133.535     136.652
546     133.535     136.637
547     133.535     136.608
548     133.535     136.587
549     133.535     136.513
550     133.214     136.441
551     133.214     136.342
552     133.214     136.265
553     133.214     136.199
554     133.214     136.113
555     133.214     136.075
556     132.402     136.012
557     132.402     135.977
558     132.402     135.923
559     132.402     135.825
560     131.418     135.696
561     131.418     135.557
562     131.418     135.552
563     131.014     135.453
564     131.014     135.289
565     131.014     135.178
566     131.014      135.13
567     131.014     135.031
568     131.014     134.924
569     131.014     134.843
570     131.014     134.752
571     131.014     134.716
572     131.014     134.608
573     131.014     134.514
574     131.014     134.409
575     130.932     134.307
576     130.932     134.271
577      130.25     134.132
578      130.25     134.031
579     130.226     133.956
580     130.226     133.854
581     130.226     133.783
582     130.226     133.772
583     130.226     133.762
584     130.067     133.647
585     130.067     133.551
586     130.067     133.437
587     130.067     133.371
588     130.067     133.358
589     130.067      133.31
590     130.067     133.245
591     130.067     133.165
592     130.067     133.076
593     130.067     133.045
594     129.802     132.958
595     129.802     132.894
596     129.518     132.874
597     129.518     132.789
598     128.818     132.695
599     128.642     132.622
600     128.451     132.497
601     128.451     132.422
602     128.451     132.416
603     128.451     132.324
604     128.451     132.322
605     128.451     132.251
606     128.451     132.183
607     128.451     132.135
608     128.451     132.047
609     128.451     132.022
610     128.451     132.036
611     128.451     132.001
612     127.966     131.894
613     127.966     131.858
614     127.966     131.743
615     127.966     131.602
616     127.966     131.488
617     127.941      131.35
618     127.742     131.235
619     127.742     131.118
620     127.742     130.999
621     127.742     130.871
622     127.742     130.818
623     127.742     130.682
624     127.742     130.506
625     127.742     130.444
626     126.901     130.396
627     126.901     130.307
628     126.901     130.193
629     126.901     130.212
630     126.901     130.107
631     126.901     130.062
632     126.901     129.959
633     126.901     129.855
634     126.901      129.75
635     126.901      129.68
636     126.901     129.585
637     126.901     129.569
638     126.901     129.543
639     126.901     129.456
640     126.901     129.396
641     126.901     129.365
642     126.901     129.349
643     126.646     129.268
644     126.646     129.205
645     125.942     129.123
646     125.942     129.072
647     125.942      129.01
648     125.942     128.966
649     125.942     128.975
650     125.942     128.885
651     125.942     128.898
652     125.942     128.873
653     125.942     128.904
654     125.925     128.909
655     125.855     128.866
656     125.855     128.783
657     125.855     128.765
658      124.98     128.762
659      124.98     128.718
660      124.98     128.702
661      124.98      128.63
662      124.98     128.551
663     124.883     128.447
664     124.883     128.326
665     124.883     128.223
666     124.883     128.201
667     124.883     128.098
668     124.883     127.981
669     124.883     127.907
670     124.883     127.883
671     124.883     127.857
672     124.883     127.866
673     124.883      127.85
674     124.883      127.82
675     124.883     127.736
676     124.883     127.657
677     124.883     127.623
678     123.778     127.605
679     123.778      127.54
680     123.778     127.538
681     123.778     127.501
682     123.778     127.372
683     123.778     127.435
684     123.778     127.329
685     123.778     127.303
686     123.778     127.328
687     123.778     127.222
688     122.215     127.201
689     122.215     127.186
690     122.215     127.166
691     122.215     127.112
692     122.215      127.03
693     122.215     127.053
694     122.215     127.075
695     122.215     127.042
696     122.215     127.007
697     122.215     127.003
698     122.215     126.944
699     122.215     126.931
700     122.215     126.913
701     122.215      126.89
702     122.215     126.998
703     122.215     126.998
704     122.215     126.936
705     122.215     127.069
706     122.215     127.002
707     122.215     127.057
708     122.215     127.065
709     122.215     127.027
710     122.215     127.046
711     122.215     126.908
712     122.215     126.916
713     122.215     126.872
714     122.215     126.777
715     122.215     126.708
716     122.215     126.615
717     122.215     126.534
718     122.215     126.462
719     122.215     126.386
720     122.215     126.374
721     122.215     126.365
722     122.215     126.254
723     122.215     126.158
724     122.215     126.095
725     122.215     125.978
726     122.215     125.846
727     122.215      125.73
728     122.215     125.632
729     122.215     125.531
730     122.215     125.439
731     122.215     125.347
732     122.215     125.315
733     122.215     125.339
734     122.215      125.21
735     122.215     125.076
736     122.215     124.968
737     122.215     124.926
738     122.215     124.881
739     122.215     124.821
740     122.215     124.732
741     122.215     124.684
742     122.215     124.665
743     122.215     124.563
744     122.215     124.554
745     122.215     124.479
746     122.215     124.338
747     122.151     124.313
748     122.151     124.209
749     121.694     124.097
750     121.694     124.064
751     121.694     124.056
752     121.694     124.026
753     121.694     123.982
754     121.694     123.901
755     121.604     123.877
756     121.604     123.828
757     121.604     123.778
758     121.604     123.717
759     121.604     123.648
760     121.604     123.594
761     121.604     123.568
762     121.604     123.555
763     121.604     123.516
764     121.604     123.507
765     121.604     123.436
766     121.604     123.376
767     121.604     123.328
768     120.574     123.294
769     120.574     123.304
770     120.574      123.35
771     120.574     123.315
772     120.574     123.372
773     118.581     123.356
774     118.581     123.294
775     118.581     123.339
776     118.581     123.257
777     118.581     123.233
778     118.581     123.193
779     118.581     123.143
780     118.581      123.13
781     118.581     123.054
782     118.581     123.039
783     118.581     122.979
784     118.581      122.96
785     118.581     122.947
786     118.581     122.926
787     118.581     122.902
788     118.581     122.914
789     118.581     122.838
790     118.581     122.818
791     118.581     122.726
792     118.581     122.697
793     118.581     122.686
794     118.581     122.642
795     118.581     122.634
796     118.581      122.58
797     118.581     122.558
798     118.581      122.54
799     118.581     122.524
800     118.581      122.51
801     118.581      122.49
802     117.023      122.43
803     117.023     122.401
804     117.023     122.378
805     117.023     122.322
806     117.023     122.275
807     117.023     122.178
808     117.023     122.113
809     117.023     122.036
810     117.023         122
811     117.023     121.951
812     117.023     121.849
813     117.023     121.777
814     117.023      121.71
815     117.023     121.732
816     117.023       121.6
817     117.023     121.563
818     115.894     121.531
819     115.894     121.515
820     115.894     121.465
821     115.894     121.389
822     115.894     121.366
823     115.894     121.277
824     115.894     121.215
825     115.894     121.128
826     115.894     121.038
827     115.894     121.037
828     115.824     121.049
829     115.824     121.041
830     115.285     120.997
831     115.285     120.926
832     115.285     120.889
833     115.285     120.818
834      114.92     120.757
835     111.083     120.571
836     111.083      120.46
837     111.083      120.36
838     111.083     120.293
839     111.083     120.032
840     111.083     119.971
841     111.083     119.852
842     111.083     119.758
843     111.083     119.541
844     111.083     119.314
845     110.708     119.035
846     110.296     118.788
847     110.296     118.615
848     110.296     118.322
849     110.296     118.093
850     109.066     117.766
851     109.066     117.395
852     109.066     116.978
853      107.85     116.593
854      107.85     116.225
855     107.778     115.868
856     107.778     115.488
857     107.778     115.242
858     107.778     114.561
859     107.778      114.28
860     107.263     113.842
861     107.263     113.594
862     107.263     113.439
863     107.263     113.403
864     106.562     113.071
865     106.562     112.768
866     106.562     112.623
867     106.562     112.437
868     106.562     112.053
869     106.562      111.84
870     106.562     111.524
871     106.562     111.311
872     106.562     111.189
873     106.562     111.063
874     106.562     110.922
875     106.562     110.787
876     106.562     110.643
877     106.562     110.391
878     106.562     110.181
879     106.562     109.855
880     106.562     109.669
881     106.562     109.548
882     106.562     109.338
883     106.562     109.139
884     105.975     108.903
885     105.975     108.709
886     105.975     108.615
887     105.975      108.59
888     105.975     108.453
889     105.868     108.387
890     105.868     108.295
891     105.868     108.202
892     105.868     108.122
893     105.868     108.003
894     105.868     107.997
895     105.868     107.872
896     105.868     107.765
897     105.868     107.673
898     105.782     107.598
899     105.782      107.52
900     105.387     107.418
901     105.387     107.346
902      105.28     107.295
903      105.28     107.217
904      105.28     107.164
905     104.915     107.095
906     104.915     106.999
907     104.635     106.937
908     104.635     106.856
909     104.635     106.804
910     104.635      106.75
911     104.635     106.728
912     104.635     106.677
913     104.635     106.591
914     104.635       106.5
915     104.635     106.431
916     104.635     106.321
917     104.635     106.231
918     104.635     106.143
919     104.635     106.077
920     104.635     106.027
921     104.635     105.979
922     104.635     105.925
923     104.635     105.847
924     104.108     105.799
925     104.108     105.738
926     104.108     105.645
927     104.108     105.569
928     104.108      105.54
929     104.108     105.499
930     104.108     105.438
931     104.108     105.403
932     104.108     105.349
933     104.108     105.297
934     104.108      105.27
935     104.108     105.229
936     104.108     105.199
937     104.108     105.166
938     104.108     105.104
939     104.108     105.051
940     104.108     104.993
941     104.108     104.965
942     104.108     104.927
943     104.108     104.901
944     104.108     104.869
945     104.108     104.831
946     104.108     104.822
947     104.108     104.796
948     104.039     104.764
949     104.039     104.745
950     104.039     104.722
951     104.039     104.685
952     104.039     104.638
953     104.039     104.598
954     103.664     104.547
955     103.664     104.524
956     103.664     104.501
957     103.664     104.457
958     103.664     104.434
959     103.664     104.406
960     103.664     104.376
961     103.664     104.348
962     103.664     104.326
963     103.664     104.318
964     103.664     104.298
965     103.664     104.286
966     103.664     104.266
967     103.664      104.26
968     103.664     104.244
969     103.664     104.223
970     103.664     104.202
971     103.664     104.196
972     103.664      104.18
973     103.664     104.168
974     103.664     104.157
975     103.664     104.145
976     103.664      104.12
977     103.664     104.091
978     103.664     104.082
979     103.664     104.074
980     103.664      104.07
981     103.664     104.067
982     103.664     104.062
983     103.664      104.06
984     103.664     104.059
985     103.664     104.056
986     103.242     104.052
987     103.242     104.052
988     103.242     104.047
989     103.242     104.042
990     103.193     104.038
991     103.193     104.035
992     103.193     104.029
993     103.193     104.023
994     103.193     104.019
995     103.193      104.01
996     103.193     103.997
997     102.556     103.986
998     102.556     103.972
999     102.556     103.955
1000     102.556     103.945
1001     102.556     103.934
1002     102.556     103.926
1003     102.556      103.92
1004     102.556     103.913
1005     102.556     103.903
1006     102.556     103.894
1007     102.556      103.89
1008     102.556     103.876
1009     102.556     103.861
1010     102.556     103.851
1011     102.556     103.846
1012     102.556     103.833
1013     102.556     103.817
1014     102.556     103.791
1015      102.18     103.763
1016      102.18     103.743
1017      102.18     103.711
1018      102.18     103.685
1019      102.18     103.665
1020      102.18      103.63
1021      102.18      103.61
1022      102.18     103.575
1023      102.18     103.554
1024      102.18     103.542
1025      102.18     103.527
1026      102.18     103.501
1027      102.18     103.469
1028      102.18     103.456
1029      102.18     103.421
1030      102.18     103.389
1031      102.18     103.341
1032      102.18     103.299
1033      102.18     103.257
1034      102.18     103.223
1035      102.18     103.185
1036      102.18     103.165
1037      102.18     103.119
1038      102.18     103.098
1039      102.18     103.109
1040      102.18     103.101
1041      102.18     103.066
1042      102.18     103.031
1043     101.871      102.99
1044     101.871      102.96
1045     101.871     102.944
1046     101.871     102.908
1047     101.871     102.916
1048     101.871     102.875
1049     101.871     102.831
1050     101.858     102.802
1051     101.639     102.778
1052     101.639     102.741
1053     101.639       102.7
1054     101.639      102.67
1055     101.639     102.651
1056     101.639     102.628
1057     101.639     102.606
1058      101.45     102.593
1059      101.45     102.555
1060      101.45     102.519
1061      101.45     102.487
1062      101.45      102.49
1063      101.45     102.469
1064      101.45     102.459
1065      101.45     102.418
1066      101.45     102.395
1067      101.45     102.389
1068      101.45     102.351
1069      101.45      102.31
1070      101.45     102.292
1071     101.348     102.275
1072     101.348     102.231
1073     101.348     102.219
1074       100.8     102.195
1075       100.8     102.164
1076       100.8     102.149
1077       100.8     102.129
1078     100.767     102.098
1079     100.767     102.079
1080     100.705     102.042
1081     100.705     102.028
1082     100.705     101.991
1083     100.705      101.95
1084     100.705     101.912
1085     100.705     101.901
1086     100.705       101.9
1087     100.705     101.876
1088     100.705     101.858
1089     100.705      101.83
1090     100.705     101.815
1091     100.705     101.778
1092     100.705     101.749
1093     100.705     101.729
1094     100.705     101.701
1095     100.672     101.676
1096     100.672     101.666
1097     100.672     101.658
1098     100.672     101.643
1099     100.672     101.625
1100     100.672     101.607
1101     100.672       101.6
1102     100.609     101.584
1103     100.609     101.564
1104     100.609     101.528
1105     100.547     101.479
1106     100.547      101.46
1107     100.547     101.417
1108     100.547      101.38
1109     100.547     101.339
1110     100.547     101.301
1111     100.547     101.265
1112     100.547     101.237
1113     100.547     101.193
1114     100.547     101.153
1115     100.547     101.131
1116     100.547     101.117
1117     100.547     101.103
1118     100.547     101.072
1119     100.547     101.037
1120     100.547     101.017
1121     100.547     100.989
1122     100.547      100.97
1123     100.547     100.951
1124     100.547     100.929
1125     100.547     100.915
1126     100.547     100.884
1127     100.547     100.862
1128     100.547      100.84
1129     100.547     100.824
1130     100.547     100.798
1131     100.547     100.769
1132     100.121     100.753
1133     100.121     100.729
1134     100.121     100.715
1135     100.121     100.693
1136     100.121     100.685
1137     100.121     100.679
1138      99.764      100.67
1139      99.764     100.663
1140      99.764     100.657
1141      99.764     100.656
1142      99.764     100.649
1143      99.764     100.638
1144      99.764      100.63
1145      99.764     100.622
1146      99.764     100.617
1147      99.764     100.609
1148      99.764     100.593
1149     99.3192     100.579
1150     99.3192     100.567
1151     99.3192      100.55
1152     99.3192     100.532
1153     99.3192     100.519
1154     99.3192     100.494
1155     99.3137     100.464
1156     99.3137     100.439
1157     99.2753       100.4
1158     99.2753     100.356
1159     99.2753     100.334
1160     99.2753     100.303
1161     99.2068     100.268
1162     98.3906     100.226
1163     98.1473     100.173
1164     98.1473     100.162
1165     98.1473     100.133
1166     98.1473     100.088
1167     97.9458     100.032
1168     97.9019       99.99
1169     97.9019     99.9223
1170     97.8334     99.8562
1171     97.8334     99.8197
1172     97.8334     99.7902
1173     97.5882     99.7211
1174     97.5882     99.6644
1175     97.5882     99.6037
1176     97.5882     99.5122
1177     97.5882      99.386
1178     97.5882     99.2942
1179     97.5882     99.2068
1180     97.5882      99.105
1181     97.5882     99.0528
1182     97.5882     99.0154
1183     97.5882     98.8581
1184     97.5882     98.8038
1185     97.5882     98.7413
1186     97.5882     98.6481
1187     97.0237     98.6004
1188     97.0237     98.5202
1189     97.0237     98.4618
1190     97.0237     98.3375
1191     97.0237     98.2453
1192     97.0237     98.1436
1193     97.0237     98.1069
1194     97.0237     98.0571
1195     97.0237     98.0392
1196     97.0237     97.9939
1197     97.0237      97.965
1198     97.0237     97.9347
1199     97.0237     97.8797
1200     97.0237     97.8581
1201     96.9166     97.8416
1202     96.9111     97.8197
1203     96.9111     97.7981
1204     96.9111     97.7751
1205     96.9111     97.7593
1206     96.9111     97.7361
1207     96.9111       97.72
1208     95.6741     97.6952
1209     95.6741     97.6713
1210     95.6741     97.6515
1211     95.6741     97.6257
1212     95.6741     97.5948
1213     95.6741      97.555
1214     95.6741      97.494
1215     95.6741     97.4343
1216     95.6741     97.3743
1217     95.6741     97.3288
1218     95.6741     97.2798
1219     95.4569     97.2511
1220     95.4569     97.2223
1221     95.4569     97.1559
1222     95.4569     97.0733
1223     95.4569     96.9839
1224     95.4569     96.9188
1225     95.1096     96.8094
1226     95.1096     96.7602
1227     95.1096     96.6959
1228     95.1096     96.6176
1229     95.1096     96.5319
1230     95.1096     96.4708
1231     95.1096     96.3901
1232     95.1096     96.3465
1233     95.1096      96.292
1234     95.1096     96.2595
1235     95.1096     96.1757
1236     95.1096     96.1219
1237     95.1096     96.0772
1238     94.8814     96.0098
1239     94.8814     95.9657
1240     94.8814     95.9401
1241     94.8814     95.9241
1242     94.8814     95.8768
1243     94.8814     95.8272
1244     94.8814     95.7808
1245     94.8814     95.7429
1246     94.6857      95.696
1247     94.6857     95.6742
1248     94.6857     95.6401
1249     94.6857      95.604
1250     94.6857     95.5785
1251     94.6857      95.559
1252     94.6857     95.5424
1253     94.6857     95.5395
1254     94.6857       95.52
1255     94.6857     95.4928
1256     94.6857     95.4702
1257     94.6857      95.436
1258     94.2878       95.39
1259     94.2878     95.3786
1260     94.2878     95.3663
1261     94.2878     95.3581
1262     94.2878     95.3238
1263     94.2878     95.2989
1264     94.2878     95.2822
1265     94.2878     95.2735
1266     94.2878     95.2563
1267     94.2878     95.2424
1268     94.2878     95.2257
1269     94.2601     95.1989
1270     94.2601     95.1718
1271     94.2601     95.1583
1272     94.2601     95.1402
1273     94.2601     95.1169
1274     94.2601     95.0932
1275     94.0921     95.0591
1276     94.0921     95.0351
1277     94.0644     95.0027
1278     94.0644     94.9823
1279     94.0644     95.0004
1280     94.0644     94.9743
1281     94.0644     94.9546
1282     94.0644     94.9554
1283     94.0644     94.9335
1284     94.0644     94.9493
1285     94.0644     94.9164
1286     94.0644     94.9193
1287     94.0644      94.905
1288     94.0644       94.89
1289     94.0644     94.8795
1290     94.0644     94.8654
1291     93.8241     94.8488
1292     93.8241     94.8241
1293     93.8241     94.8037
1294     93.8241     94.7713
1295     93.8241     94.7641
1296     93.8241      94.757
1297     93.4999     94.7229
1298     93.4999     94.7226
1299     93.4999     94.6852
1300     93.4999     94.6484
1301     93.4999     94.6109
1302     93.4999     94.5587
1303     93.4999     94.5123
1304     93.4999     94.4886
1305     93.4999     94.4725
1306     93.4999     94.4596
1307     93.4999     94.4561
1308     93.4999     94.4224
1309     93.4999     94.4094
1310     93.4999      94.386
1311     93.4999     94.3763
1312     93.4999     94.3705
1313     93.4999      94.353
1314     93.4999     94.3446
1315     93.4999     94.3396
1316     93.4999     94.3276
1317     93.4999     94.3194
1318     93.4999     94.3055
1319     93.4999     94.2919
1320     93.4999     94.2715
1321     93.4999     94.2621
1322     93.4999     94.2448
1323     93.4999      94.223
1324     93.4999     94.1971
1325     93.4999     94.1901
1326     93.4999      94.153
1327     93.4999      94.127
1328     93.4999     94.0877
1329     93.4999     94.0536
1330     93.4999     94.0151
1331     93.4999     93.9863
1332     93.4999     93.9575
1333     93.4999     93.9259
1334     93.4999     93.8994
1335     93.4999      93.863
1336     93.4999      93.837
1337     93.4999     93.8233
1338     93.4999     93.7961
1339     93.4999     93.7632
1340     93.4999     93.7421
1341     93.4999      93.718
1342     93.4999      93.689
1343     93.4999       93.67
1344     93.4999     93.6503
1345     93.4999     93.6243
1346     93.4999      93.615
1347     93.4999     93.6038
1348     93.4999     93.5925
1349     93.4999     93.5789
1350     93.4999     93.5733
1351     93.4999     93.5665
1352     93.4999     93.5428
1353     93.4999     93.5428
1354     93.4999      93.527
1355     93.4999     93.5124
1356     93.4999       93.51
1357     93.4999     93.5003
1358     93.4999     93.4999
1359     93.4999     93.4999
1360     93.4999     93.4999
1361     93.4999     93.4999
1362     93.4999     93.4999
1363     93.4999     93.4999
1364     93.4999     93.4999
1365     93.4999     93.4999
1366     93.4999     93.4999
1367     93.4999     93.4999
1368     93.4999     93.4999
1369     92.9704     93.4989
1370     92.9704     93.4989
1371     92.9704     93.4989
1372     92.9704     93.4989
1373     92.9704     93.4989
1374     92.9704     93.4989
1375     92.9704     93.4978
1376     92.9704     93.4978
1377     92.9704     93.4978
1378     92.9704     93.4968
1379     92.9704     93.4957
1380     92.6053     93.4939
1381     92.6053     93.4928
1382     92.6053     93.4879
1383     92.6053     93.4847
1384     92.6053     93.4819
1385     92.6053     93.4766
1386     92.3919     93.4744
1387     92.3919     93.4684
1388     92.3919     93.4627
1389     92.3919     93.4519
1390     92.3919      93.443
1391     92.3919     93.4293
1392     92.3919     93.4133
1393     92.3919     93.3915
1394     92.3919     93.3548
1395     92.3919     93.3299
1396     92.3919     93.3025
1397     91.9156     93.2797
1398     91.9156     93.2494
1399     91.9156     93.2158
1400     91.9156     93.1868
1401     91.9156     93.1592
1402     91.9156     93.1209
1403     91.9156     93.0669
1404     91.9156      93.014
1405     91.9156     92.9944
1406     91.9156     92.9896
1407     91.9156     92.9284
1408     91.9156     92.9076
1409     91.9156     92.8879
1410     91.9156     92.8379
1411      91.906     92.8232
1412      91.906     92.8008
1413      91.906     92.7651
1414      91.906     92.7424
1415      91.906     92.7124
1416     91.4297      92.674
1417     91.4297     92.6526
1418     91.4297     92.6099
1419     91.4297     92.5464
1420     91.4297     92.4827
1421     91.4297     92.4229
1422     91.4297     92.3583
1423     91.4297      92.317
1424     91.4297     92.3013
1425     91.4297     92.2645
1426     91.4297     92.2462
1427     91.4297     92.2264
1428     91.4297     92.2117
1429     91.4093     92.1842
1430     91.4093     92.1521
1431     91.4093      92.122
1432     91.4093     92.0965
1433     91.4093     92.0656
1434     91.4093     92.0526
1435     91.4093     92.0323
1436     91.4093     92.0285
1437     91.4093     92.0218
1438     91.4093     92.0029
1439      91.233     91.9896
1440      91.233     91.9696
1441      91.233     91.9315
1442      91.233     91.9132
1443      91.233     91.9054
1444      91.233     91.8588
1445      91.233     91.8214
1446      91.233     91.7853
1447      91.233     91.7508
1448      91.233      91.724
1449      91.233      91.714
1450      91.233     91.7013
1451      91.233     91.6877
1452      91.233     91.6808
1453      91.233     91.6725
1454      91.233     91.6649
1455      91.233     91.6516
1456      91.233     91.6295
1457      91.233      91.625
1458      91.233     91.6138
1459      91.233     91.5932
1460      91.233     91.5709
1461     90.7759     91.5585
1462     90.7759     91.5341
1463     90.7759      91.506
1464     90.7759     91.4821
1465     90.7759     91.4525
1466     90.7759      91.436
1467     90.7759     91.4138
1468     90.7759     91.3974
1469     90.7759     91.3851
1470     90.7759     91.3739
1471     90.7759     91.3548
1472     90.7759      91.338
1473     90.7759     91.3174
1474     90.7759     91.3115
1475     90.7759     91.3052
1476     90.7759     91.3025
1477     90.7759     91.2911
1478     90.7759     91.2857
1479     90.7759     91.2742
1480     90.7759      91.265
1481     90.7759     91.2606
1482     90.7759     91.2589
1483     90.7759     91.2519
1484     90.7759     91.2475
1485     90.7759     91.2409
1486     90.7759     91.2364
1487     90.7759     91.2326
1488     90.7759     91.2268
1489     90.7759     91.2208
1490     90.7759     91.2128
1491     90.7759       91.21
1492     90.7759     91.2066
1493     90.7759     91.2022
1494     90.7759     91.1955
1495     90.7759     91.1878
1496     90.7759     91.1783
1497     90.7759     91.1681
1498     90.7759     91.1516
1499     90.7759     91.1382
1500     90.7759     91.1221
1501     90.7759     91.1106
1502     90.7759     91.0977
1503     90.7759     91.0874
1504     90.7759     91.0741
1505     90.7759     91.0601
1506     90.7759     91.0469
1507     90.7759     91.0388
1508     90.7759     91.0305
1509     90.7759     91.0185
1510     90.7759     91.0044
1511     90.7759     90.9816
1512     90.7759     90.9627
1513     90.7759     90.9506
1514     90.7759     90.9339
1515     90.7759     90.9209
1516     90.7759     90.9124
1517     90.7759     90.9064
1518     90.7759     90.8948
1519     90.7759     90.8807
1520     90.7759     90.8709
1521     90.7759     90.8594
1522     90.7759     90.8488
1523     90.7759     90.8445
1524     90.7759     90.8296
1525     90.7759     90.8226
1526     90.7759     90.8149
1527     90.7759     90.8063
1528     90.7759     90.7984
1529     90.7759     90.7961
1530     90.7759     90.7958
1531     90.7759     90.7927
1532     90.7759     90.7917
1533     90.7759     90.7906
1534     90.7759     90.7878
1535     90.7759     90.7848
1536     90.7759     90.7815
1537     90.7759     90.7794
1538     90.7759     90.7777
1539     90.7759     90.7761
1540     90.7759     90.7759
1541     90.7212     90.7757
1542     90.7212     90.7756
1543     90.7212     90.7756
1544     90.7212     90.7756
1545     90.7212     90.7755
1546     90.7212     90.7754
1547     90.7212     90.7754
1548     90.7212     90.7752
1549     90.7212     90.7752
1550     90.7212      90.775
1551     90.7212     90.7747
1552     90.7212     90.7745
1553     90.7212     90.7743
1554     90.7212     90.7741
1555     90.7212     90.7738
1556     90.7212     90.7732
1557     90.7212     90.7726
1558     90.7212      90.772
1559     90.7212     90.7709
1560     90.7212     90.7696
1561     90.7212     90.7684
1562     90.6802     90.7667
1563     90.6802     90.7638
1564     90.6802     90.7606
1565     90.6802     90.7585
1566     90.6802     90.7565
1567     90.6802     90.7555
1568     90.6802     90.7543
1569     90.6802     90.7529
1570     90.6802     90.7511
1571     90.6802     90.7503
1572     90.6802     90.7492
1573     90.5013      90.748
1574     90.5013     90.7454
1575     90.5013     90.7429
1576     90.5013     90.7412
1577     90.5013     90.7397
1578     90.5013     90.7385
1579     90.5013     90.7377
1580     90.5013     90.7376
1581     90.5013     90.7366
1582     90.5013     90.7357
1583     90.5013     90.7351
1584     90.5013     90.7344
1585     90.5013     90.7342
1586     90.5013     90.7324
1587     90.5013     90.7318
1588     90.5013     90.7309
1589     90.5013     90.7302
1590     90.5013     90.7293
1591     90.5013     90.7279
1592     90.5013     90.7276
1593     90.5013     90.7257
1594     90.5013     90.7244
1595     90.5013     90.7231
1596     90.5013     90.7216
1597     90.5013     90.7209
1598     90.5013     90.7185
1599     90.5013     90.7169
1600     90.5013     90.7161
1601     90.5013     90.7156
1602     90.5013     90.7146
1603     90.5013     90.7132
1604     90.5013      90.714
1605     90.5013     90.7093
1606     90.5013      90.708
1607     90.5013     90.7065
1608     90.5013     90.7056
1609     90.5013     90.7042
1610     90.5013     90.7031
1611     90.5013     90.7022
1612     90.5013     90.7015
1613     90.5013     90.7006
1614     90.5013     90.6998
1615     90.2037      90.698
1616     90.2037     90.6969
1617     90.2037     90.6951
1618     90.2037      90.695
1619     90.2037     90.6931
1620     90.2037     90.6917
1621     90.2037     90.6908
1622     90.2037     90.6899
1623     90.2037     90.6891
1624     90.2037     90.6886
1625     90.2037     90.6878
1626     90.2037     90.6865
1627     90.2037     90.6852
1628     90.2037     90.6842
1629     90.2037     90.6835
1630     90.2037     90.6832
1631     90.2037     90.6822
1632     90.2037     90.6818
1633     90.2037     90.6804
1634     90.2037       90.68
1635     90.2037     90.6797
1636     90.2037     90.6793
1637     90.2037     90.6778
1638     90.2037     90.6766
1639     90.2037     90.6766
1640     90.2037     90.6766
1641     90.2037     90.6766
1642     90.2037     90.6766
1643     90.2037     90.6766
1644     90.2037     90.6766
1645     90.2037     90.6766
1646     90.2037     90.6766
1647     90.2037     90.6766
1648     90.2037     90.6757
1649     90.2037     90.6747
1650     90.2037     90.6884
1651     90.2037     90.6747
1652     90.2037     90.6747
1653     90.2037     90.6747
1654     90.2037     90.6747
1655     90.2037     90.6747
1656     90.2037     90.6747
1657     90.2037     90.6747
1658     90.2037     90.6747
1659     90.2037     90.6747
1660     90.2037     90.6747
1661     90.2037     90.6746
1662     90.2037     90.6746
1663     90.2037     90.6746
1664     90.2037     90.6746
1665     90.2037     90.6746
1666     90.2037     90.6746
1667     90.2037      90.676
1668     90.2037     90.6727
1669     90.2037     90.6727
1670     90.2037     90.6727
1671     90.2037     90.6727
1672     90.2037     90.6727
1673     90.2037     90.6727
1674     90.2037     90.6727
1675     90.2037     90.6727
1676     90.2037     90.6727
1677     90.2037     90.6726
1678     90.2037     90.6746
1679     90.2037     90.6725
1680     90.2037     90.6725
1681     90.2037     90.6724
1682     90.2037     90.6721
1683     90.2037     90.6721
1684     90.2037      90.672
1685     90.2037      90.672
1686     90.2037      90.672
1687     90.2037     90.6813
1688     90.2037     90.6719
1689     90.2037     90.6718
1690     90.2037     90.6718
1691     90.2037     90.6718
1692     90.2037     90.6717
1693     90.2037     90.6713
1694     90.2037     90.6712
1695     90.2037     90.6701
1696     90.2037     90.6699
1697     90.2037     90.6698
1698     90.2037     90.6698
1699     90.2037     90.6696
1700     90.2037     90.6695
1701     90.2037     90.6695
1702     90.2037     90.6686
1703     90.2037     90.6685
1704     90.2037     90.6685
1705     90.2037     90.6684
1706     90.2037     90.6683
1707     90.2037      90.668
1708     90.2037     90.6678
1709     90.2037     90.6678
1710     90.2037     90.6674
1711     90.2037     90.6673
1712     90.2037     90.6671
1713     90.2037     90.6669
1714     90.2037     90.6666
1715     90.2037     90.6662
1716     90.2037     90.6655
1717     90.2037     90.6671
1718     90.2037     90.6632
1719     90.2037      90.661
1720     90.2037     90.6596
1721     90.2037     90.6582
1722     90.2037      90.674
1723     90.2037     90.6663
1724     90.2037     90.6597
1725     90.2037      90.748
1726     90.2037     90.6777
1727     90.2037     90.6674
1728     90.2037     90.6558
1729     90.2037     90.6543
1730     90.2037     90.6535
1731     90.2037     90.6526
1732     90.2037      90.652
1733     90.2037     90.6513
1734     90.2037     90.6495
1735     90.2037      90.649
1736     90.2037     90.6485
1737     90.2037     90.6989
1738     90.2037     90.6478
1739     90.2037     90.6475
1740     90.2037     90.6542
1741     90.2037     90.6587
1742     90.2037     90.6474
1743     90.2037     90.6455
1744     90.2037     90.6454
1745     90.2037     90.6454
1746     90.2037      90.645
1747     90.2037     90.6445
1748     90.2037     90.6444
1749     90.2037     90.6435
1750     90.2037     90.6423
1751     90.2037     90.6422
1752     90.2037     90.6412
1753     90.2037     90.6596
1754     90.2037     90.6862
1755     90.2037     90.6734
1756     90.2037     90.6444
1757     90.2037     90.6398
1758     90.1251     90.6373
1759     90.1251     90.6714
1760     90.1251     90.6373
1761     90.1251     90.6372
1762     90.1251     90.6371
1763     90.1251     90.6468
1764     90.1251     90.6362
1765     90.1251     90.8129
1766     90.1251     90.7769
1767     90.1251     90.7304
1768     89.9273     90.7769
1769     89.9273     90.7537
1770     89.9273     90.6549
1771     89.9273     90.6659
1772     89.9273     90.6912
1773     89.9273     90.7109
1774     89.9273     90.6576
1775     89.9273     90.8226
1776     89.9273     90.7392
1777     89.9273     90.7973
1778     89.9273     90.7872
1779     89.9273     90.7105
1780     89.9273     90.6827
1781     89.9273     90.7778
1782     89.9273     90.6766
1783     89.7454     90.6511
1784     89.7454     90.6446
1785     89.7454      90.644
1786     89.7454     90.6288
1787     89.7454       90.65
1788     89.5658     90.6878
1789     89.5658     90.6844
1790     89.5658      90.727
1791     89.5658     90.6774
1792     89.5658     90.6487
1793     89.5658     90.6217
1794     89.5658     90.5866
1795     89.5658     90.5709
1796     89.5658     90.5477
1797     89.5658     90.5262
1798     89.5658     90.4982
1799     89.5357     90.4532
1800     89.5357     90.4339
1801     89.5357     90.4069
1802     89.5357      90.375
1803     89.4795     90.3389
1804     89.4795     90.2987
1805     89.0236      90.267
1806     88.8671     90.2399
1807     88.8671     90.2005
1808     88.8671     90.1846
1809     88.8671     90.1359
1810     88.8671      90.105
1811     88.8671     90.0647
1812     88.8671     90.0147
1813     88.8671     89.9724
1814     88.8671     89.9295
1815     88.8671     89.8867
1816     88.8671     89.8622
1817     88.8671     89.8609
1818     88.8671      89.825
1819     88.8671     89.7923
1820     88.8671     89.7589
1821     88.8671     89.7029
1822     88.8671     89.6574
1823     88.8671     89.6166
1824     88.8671     89.5947
1825     88.8671     89.5683
1826     88.8671     89.5468
1827     88.6012     89.5256
1828     88.6012      89.507
1829     88.6012     89.5022
1830     88.6012     89.4881
1831     88.6012     89.4585
1832     88.4052     89.4323
1833     88.4052     89.4035
1834     88.4052     89.3854
1835     88.4052     89.3616
1836     88.3374     89.3402
1837     88.3374      89.326
1838     88.3374     89.3112
1839     88.3374     89.2758
1840     88.3374     89.2493
1841     88.3374     89.2228
1842     88.3374     89.2102
1843     87.5567     89.1874
1844     87.5567     89.1611
1845     87.5567     89.1214
1846     87.5567     89.0702
1847     87.5567     89.0379
1848     87.5567     89.0139
1849     87.5567     88.9719
1850     87.5567     88.9392
1851     87.5567     88.9394
1852     87.5567     88.9181
1853     87.5567     88.8957
1854     87.2407     88.8782
1855     87.2407     88.8548
1856     87.2407     88.8242
1857     86.9726      88.782
1858     86.9726     88.7589
1859     86.9726     88.7314
1860     86.9726     88.7005
1861     86.9726     88.6722
1862     86.9726     88.6211
1863     86.9726     88.5758
1864     86.9726     88.5274
1865     86.9726     88.4892
1866     86.9726     88.4765
1867     86.9726     88.4352
1868     86.9726     88.3998
1869     86.9726     88.3417
1870     86.9726     88.2955
1871     86.9726     88.2634
1872     86.9726      88.214
1873     86.9726     88.1705
1874     86.9726     88.1201
1875     86.9726     88.0666
1876     86.9726     88.0022
1877     86.9726     87.9852
1878     86.9726     87.9423
1879     86.9726     87.8771
1880     86.0734     87.8516
1881     86.0734      87.831
1882     86.0734     87.7845
1883     86.0734     87.7588
1884     86.0734     87.7045
1885     86.0734     87.6725
1886     86.0734     87.5995
1887     86.0734     87.5473
1888     86.0734     87.4949
1889     86.0734     87.4588
1890     86.0734     87.4131
1891     86.0734     87.3818
1892     86.0734     87.3671
1893     86.0734     87.3116
1894     86.0734     87.3029
1895     86.0734      87.292
1896     86.0734     87.2982
1897     86.0734     87.2797
1898     86.0734     87.2552
1899     86.0734     87.2137
1900     86.0734     87.1801
1901     86.0734      87.141
1902     86.0734     87.1258
1903     86.0734     87.1082
1904     86.0734     87.0943
1905     86.0734     87.0754
1906     86.0734     87.0545
1907     86.0734     87.0394
1908     86.0734     87.0348
1909     86.0734     87.0281
1910     86.0734     87.0183
1911     86.0734     87.0108
1912     86.0734     87.0087
1913     86.0734     87.0049
1914     86.0734     86.9969
1915     86.0734     86.9947
1916     86.0734     86.9824
1917     86.0734      86.976
1918     86.0734     86.9698
1919     86.0734     86.9698
1920     86.0734     86.9698
1921     86.0734     86.9688
1922     86.0734     86.9688
1923     86.0734     86.9688
1924     86.0734     86.9688
1925     86.0734     86.9688
1926     86.0734     86.9688
1927     86.0734     86.9688
1928     86.0734     86.9688
1929     86.0734     86.9678
1930     86.0734     86.9678
1931     86.0734     86.9678
1932     86.0734     86.9678
1933     86.0734     86.9678
1934     86.0734     86.9678
1935     86.0734     86.9678
1936     86.0734     86.9668
1937     86.0734     86.9668
1938     86.0734     86.9649
1939     86.0734     86.9649
1940     86.0734     86.9639
1941     86.0734     86.9639
1942     86.0734     86.9639
1943     86.0734     86.9619
1944     86.0734     86.9589
1945     86.0734     86.9579
1946     86.0734     86.9559
1947     86.0734     86.9529
1948     86.0734     86.9509
1949     86.0646     86.9461
1950     86.0646     86.9442
1951     86.0646     86.9392
1952     86.0646     86.9332
1953     86.0646     86.9279
1954     86.0646      86.925
1955     86.0646     86.9206
1956     86.0646     86.9152
1957     86.0646     86.9023
1958     86.0646     86.8885
1959     86.0646     86.8692
1960     86.0646     86.8376
1961     86.0646     86.8225
1962     86.0646     86.8156
1963     86.0646     86.8041
1964     86.0646       86.79
1965     86.0646     86.7679
1966     86.0646     86.7559
1967     86.0646     86.7503
1968     86.0646     86.7491
1969     86.0646     86.7375
1970     86.0646     86.7217
1971     86.0646     86.7099
1972     86.0646      86.706
1973     86.0646     86.6997
1974     86.0646     86.6857
1975     86.0646     86.6685
1976     86.0646     86.6592
1977     86.0646      86.637
1978     86.0646     86.6175
1979     86.0646     86.5998
1980     86.0646     86.5744
1981     86.0646     86.5387
1982     86.0646      86.517
1983     86.0646      86.504
1984     86.0646     86.4755
1985     86.0646     86.4663
1986     86.0646     86.4476
1987     86.0646      86.425
1988     86.0646     86.4029
1989     86.0646     86.3654
1990     86.0646     86.3441
1991     86.0646     86.3218
1992     86.0646     86.3119
1993     86.0646     86.2831
1994     86.0646     86.2755
1995     86.0646     86.2685
1996     86.0646     86.2572
1997     86.0646     86.2409
1998     86.0646     86.2335
1999     86.0646     86.2235
