GEN:      BEST_LOSS:      AVERAGE_LOSS: 
0       416.9     499.297
1       416.9     492.473
2       416.9     486.023
3       416.9     479.939
4     416.403     474.076
5     414.551     469.542
6     410.907     465.124
7     409.924     460.179
8     409.924     455.867
9     408.878     451.432
10     404.268     447.564
11      402.28     442.985
12     396.876     439.777
13     384.897     436.338
14     384.897      433.09
15     384.897      430.13
16     384.878     426.709
17     370.902     424.209
18     370.902     421.657
19     370.902     419.717
20     370.902     416.936
21     370.902     414.223
22     370.902     411.855
23     370.902     409.713
24     366.422     407.757
25     366.422     405.911
26     366.422     404.077
27     366.422     402.276
28     363.929     400.683
29     363.929     397.862
30     355.138     395.996
31     355.138     393.639
32     355.138     391.391
33     355.138     389.229
34     355.138     387.184
35     349.805     384.913
36     349.805     382.975
37     349.805     380.927
38     349.805     379.357
39     343.437      377.68
40     342.463     375.972
41     342.463     374.603
42     342.463     373.258
43     342.463     371.534
44     335.652     369.655
45     330.677      367.97
46     330.677     366.152
47     330.677     364.541
48     330.677     363.183
49     330.677     362.186
50     327.341     360.817
51     320.244     359.105
52     320.244     357.397
53     318.196     355.681
54     317.878     354.283
55     317.878     352.567
56     316.351     351.267
57     316.351     349.587
58     312.783     348.062
59     312.783     346.651
60     306.181     345.198
61     306.181     343.433
62     306.181     341.516
63     306.181     339.557
64     301.496     338.343
65     301.496     337.088
66     298.112     335.503
67     298.112     334.092
68     298.112     332.744
69     280.541     331.119
70     280.541     329.752
71     280.541     328.489
72     280.541     326.647
73     277.681     324.418
74     277.681     323.135
75     277.681     321.018
76     277.681     319.258
77     277.681     318.019
78     277.681     316.689
79     277.681     315.079
80     277.681     313.287
81     277.681     311.813
82     277.681     310.437
83     277.681     309.256
84     277.681      307.89
85     277.681     306.975
86     277.681     305.819
87     277.559     304.985
88     277.559     304.167
89     268.171     303.183
90     268.171     302.157
91     268.171     301.302
92     268.171     300.256
93     268.171     299.421
94     268.171     298.438
95     268.171     297.315
96     268.171     296.389
97     268.171     295.416
98     265.562     294.334
99     265.562       293.2
100     265.562     292.134
101     265.562     291.208
102     263.183     290.429
103     263.183      289.41
104     263.036     288.223
105     263.036     287.085
106     256.074     286.124
107     256.074     285.066
108     256.074     284.372
109     254.285     283.722
110     254.285     282.898
111     254.285     282.254
112     254.285     281.591
113     254.285     280.822
114     254.285     280.286
115     254.285     279.662
116     254.285     278.902
117     251.953     278.295
118     251.953     277.579
119     251.953      276.92
120     251.953     276.186
121     251.953     275.842
122     251.953      275.32
123     251.953      274.65
124     251.953      273.97
125     251.953     273.155
126     251.953     272.413
127     251.953     271.884
128      249.76     271.136
129      249.76     270.578
130      249.76      270.13
131      249.76     269.825
132     248.274     269.286
133     248.274     268.347
134     248.274     267.846
135     247.363     267.112
136     245.826     266.715
137     242.231     266.136
138     242.231      265.42
139     242.231     264.877
140     242.231       263.9
141     242.231     263.401
142     242.231     262.958
143     241.678     262.407
144     240.524      261.67
145     236.201     260.835
146     236.201     260.582
147     236.201     259.681
148     236.201      258.69
149     230.195      257.96
150     230.195     256.947
151     230.195      256.23
152     230.195     255.583
153     230.195     254.887
154     230.195     254.163
155     230.195     253.488
156     230.195     252.838
157     230.195     252.233
158     221.352     251.563
159     221.352     251.139
160     221.352     250.674
161     221.352     250.232
162     221.352     249.806
163     221.352     249.468
164     221.352     249.065
165     221.352     248.645
166     221.352     248.148
167     221.352     247.699
168     221.352     247.137
169     221.352     246.713
170     221.352     245.829
171     221.352     245.185
172     221.352      244.58
173     219.029     244.056
174     219.029     243.535
175     219.029     243.005
176     219.029     242.406
177     219.029     241.845
178      218.99     241.149
179      218.99     240.581
180     218.619     239.774
181     218.619     238.939
182     207.148     237.988
183     207.148     237.071
184     207.148     236.385
185     207.148     235.651
186     207.148     235.046
187     207.148      234.15
188     207.148     233.033
189     207.148     231.955
190     207.148     231.257
191      206.76     230.298
192      206.76     229.362
193      206.76     228.552
194      206.76     227.744
195      206.76     226.972
196      206.76     226.247
197      206.76     225.505
198     204.698      224.41
199     204.698     223.593
200     204.698     223.089
201     204.698     222.377
202       199.7     221.688
203       199.7     221.131
204     192.405     220.267
205     192.405      219.54
206      188.57     218.811
207      188.57      218.15
208      188.57      217.43
209      188.57     216.805
210      188.57     216.123
211      188.57     215.134
212      188.57     214.246
213      188.57     213.639
214      188.57     212.907
215      188.57     212.161
216      188.57     211.673
217      188.57     210.888
218      188.57     209.848
219      188.57     209.274
220     187.809     208.605
221     187.809     207.945
222     185.442     206.925
223     185.442      206.32
224     185.442     205.443
225     185.442     204.611
226     185.442     203.815
227     179.206     203.018
228     179.206     202.273
229     179.206     201.522
230     179.206     200.804
231     179.206     200.062
232     179.206     199.351
233     178.794     198.565
234     178.794     197.686
235     178.794     197.047
236     178.794     196.436
237     178.794     195.567
238     176.917     194.894
239     174.261     194.411
240     174.261      193.87
241     174.261     193.269
242     174.261     192.957
243     174.261     192.368
244     172.505     191.804
245     172.505     191.295
246     172.505     191.015
247     171.063     190.674
248     171.063     190.324
249     171.063     189.754
250     171.063     189.306
251     171.063     188.858
252      170.57     188.736
253      170.57     188.197
254      170.57     187.726
255      170.57     186.986
256      170.57     186.534
257      170.57      186.05
258      170.57     185.631
259      170.57     185.187
260      170.57     184.827
261      170.57     184.408
262      170.57     184.031
263      170.57     183.598
264     168.029     183.173
265     168.029     182.609
266     168.029     182.267
267     166.325     181.917
268     166.325     181.442
269     166.325       180.9
270     166.325     180.289
271     166.325     179.879
272     166.325     179.325
273      165.48     178.851
274     162.748     178.598
275     162.748     178.209
276     162.748     177.941
277     162.748     177.631
278     162.748     177.239
279     162.748     176.913
280     162.748     176.405
281     162.748     175.976
282     162.566     175.677
283     160.955     175.346
284     160.955     174.915
285     160.955     174.601
286     160.955     174.173
287     160.955     173.692
288     160.955     173.283
289     160.955     172.755
290     160.955     172.482
291     160.495     171.882
292     160.495     171.579
293     160.495     171.158
294     160.495     170.892
295     157.878     170.546
296     157.878      170.11
297     157.878     169.665
298     157.878     169.384
299     157.878     168.956
300     157.878     168.596
301     157.878     168.211
302     157.878     167.816
303     157.878     167.515
304     156.905     167.292
305     156.905     166.924
306     156.905     166.816
307     156.905     166.658
308     156.905     166.411
309     156.905     166.166
310     156.905      165.96
311     152.609     165.717
312     152.609     165.558
313     152.609     165.318
314     152.609     165.055
315     152.609     164.791
316     152.609     164.619
317     152.609     164.383
318     152.609     164.193
319     152.609     164.116
320     152.609     163.768
321     152.609     163.639
322     152.609     163.416
323     151.388     163.151
324     151.388     162.963
325     151.388     162.889
326     151.388     162.776
327     151.388     162.651
328     151.388     162.459
329     151.388     162.323
330     151.388     162.035
331     151.388     161.845
332     151.388     161.783
333     151.388     161.565
334     148.411     161.411
335     148.411      161.22
336     148.411     160.952
337     148.411     160.745
338     148.411     160.692
339     148.411     160.633
340     148.411     160.379
341     148.411     160.146
342     148.411     159.863
343     148.411     159.542
344     148.411     159.386
345     147.395     159.156
346     147.395      158.83
347     147.395     158.594
348     147.395     158.371
349     147.395     158.119
350     147.395     157.684
351     147.395     157.411
352     147.395     157.295
353     147.395     157.103
354     147.395     156.803
355     147.395     156.488
356     147.395     156.339
357     147.395     156.091
358     147.395     155.944
359     147.395     155.797
360     147.395     155.705
361     147.395     155.623
362     147.395     155.373
363     147.395     155.245
364     147.395     155.131
365     143.462     154.898
366     143.462     154.732
367     143.462     154.579
368     143.462      154.39
369     143.462     154.288
370     143.462     154.187
371     143.462     154.151
372     143.462     153.998
373     143.462     153.889
374     143.462     153.642
375     143.462     153.556
376     143.462     153.432
377     143.462     153.407
378     143.462     153.213
379     143.462     153.128
380     143.462     153.082
381     143.462      153.05
382     143.462     152.908
383     143.462     152.785
384     143.462       152.6
385     143.462     152.506
386     143.462      152.43
387     143.462     152.366
388     143.462     152.377
389     143.264     152.321
390     143.264     152.202
391     143.264     152.026
392     142.225     151.689
393     142.225     151.516
394     142.225     151.328
395     142.225     151.133
396     142.225     150.972
397     142.225      150.79
398     142.225     150.608
399     142.225     150.438
400     142.225     150.364
401     142.225     150.081
402     142.225     150.126
403     142.225     149.875
404     142.225      149.66
405     142.225     149.436
406     142.225     149.305
407     141.708     149.065
408     141.708     148.873
409     140.797     148.641
410     140.797     148.528
411     140.797     148.381
412     140.797     148.227
413     140.797     148.053
414     140.797     147.913
415     140.797     147.794
416     140.797     147.668
417     140.797      147.44
418     140.797      147.12
419     140.797     146.983
420     140.797     146.833
421     139.616     146.779
422     139.616     146.673
423     138.373     146.643
424     138.373     146.637
425     138.373     146.565
426     138.373     146.417
427     138.373     146.265
428     136.543     146.169
429     136.543     146.033
430     136.543     145.947
431     136.543     145.854
432     136.543     145.694
433     136.543     145.616
434     136.543     145.505
435     136.543     145.427
436     136.543     145.357
437     136.543     145.259
438     136.543     145.241
439     136.543     145.076
440     136.543     144.935
441     136.543     144.807
442     136.543     144.714
443     136.543      144.71
444     136.543     144.641
445     136.543     144.554
446     136.329     144.448
447     136.329     144.382
448     136.329     144.299
449     136.329      144.17
450     136.329     144.059
451     136.329      144.02
452     136.329     143.919
453     135.838     143.767
454     135.838     143.607
455     135.838     143.464
456     135.838     143.359
457     135.838     143.226
458      134.79     143.041
459      134.79     142.876
460      134.79     142.701
461      134.79     142.618
462      134.79     142.445
463      134.79     142.287
464      134.79     142.281
465      134.79     142.045
466      134.79     141.948
467      134.79     141.756
468      134.79     141.617
469      134.79     141.531
470      134.79     141.353
471     132.259     141.078
472     132.259     140.764
473     132.259     140.561
474     132.259     140.389
475     132.259     140.223
476     132.259      140.15
477     132.259     140.044
478     132.259     139.927
479     132.259     139.886
480     132.259     139.688
481     132.259     139.525
482     132.259     139.339
483     132.259     139.133
484     132.259     139.018
485     131.373     138.854
486     129.278     138.731
487     129.278     138.562
488     129.278     138.519
489     127.027     138.345
490     127.027      138.21
491     127.027     138.043
492     127.027     137.915
493     127.027     137.664
494     127.027     137.523
495     127.027     137.464
496     127.027     137.375
497     127.027     137.085
498     127.027     136.988
499     127.027     136.842
500     127.027     136.733
501     127.027     136.551
502     127.027     136.311
503     127.027     136.202
504     127.027     136.059
505     127.027      135.78
506     127.027     135.573
507     127.027     135.425
508     127.027     135.325
509     127.027     135.151
510     127.027     134.961
511     127.027     134.882
512     127.027     134.758
513     127.027     134.561
514     127.027     134.461
515     127.027     134.445
516     127.027     134.313
517     127.027     134.131
518     127.027      133.94
519     127.027     133.682
520     125.857     133.551
521     125.857     133.377
522     125.857     133.285
523     125.857     133.014
524     125.857     132.665
525     125.857     132.486
526      124.59     132.331
527      124.59     132.079
528      124.59     131.666
529      124.59     131.344
530      124.28     131.006
531      124.28     130.715
532      124.28     130.409
533      124.28     130.115
534      124.28      129.84
535      124.28     129.577
536      124.28     129.275
537      124.28     129.101
538     123.736     128.976
539     123.736     128.718
540     123.736     128.448
541     123.736      128.21
542     123.736     127.962
543     123.579     127.722
544     123.415     127.563
545     122.456     127.386
546     122.456     127.248
547     122.043     127.097
548     122.043     126.968
549     122.043     126.818
550     122.043     126.609
551     122.043      126.59
552     122.043     126.492
553     122.043     126.389
554     122.043     126.194
555     122.043     126.096
556     122.043      125.97
557     122.043     125.841
558     122.043     125.701
559     122.043     125.659
560     122.043     125.513
561     122.043     125.445
562     122.043     125.362
563     122.043     125.264
564     122.043     125.247
565     122.043      125.23
566     122.043     125.162
567     122.043     125.106
568     122.043     125.031
569     122.043     125.008
570     122.043     124.888
571     122.043     124.839
572     122.043     124.774
573     122.033     124.702
574     122.033     124.632
575      121.44     124.539
576      121.44     124.516
577      121.44     124.405
578     121.404     124.337
579     121.404     124.261
580     121.404       124.2
581     121.404       124.1
582     121.404     123.985
583     121.404     123.906
584     120.838     123.822
585     120.824     123.817
586     120.824     123.717
587     120.824     123.622
588     120.824     123.487
589     120.824     123.425
590     120.824     123.408
591     120.806     123.301
592     120.357     123.202
593     120.357     123.154
594     120.357     123.138
595     120.308     123.073
596     120.308     123.007
597     120.308     122.926
598     120.308     122.845
599     120.308     122.799
600     120.308     122.678
601     120.308     122.595
602     120.308     122.513
603     120.308     122.465
604     120.308      122.39
605     120.161     122.358
606      120.13     122.265
607     120.062     122.188
608     118.892      122.15
609     118.082     122.079
610     118.082     122.053
611     118.082     121.943
612     118.082     121.816
613     118.082     121.713
614     118.082     121.644
615     117.307     121.556
616     117.307     121.485
617     117.307     121.464
618     117.307       121.4
619     117.307     121.373
620     117.307     121.271
621     117.307     121.192
622     117.243     121.096
623     117.243     120.986
624     117.243     120.956
625     117.243     120.838
626     117.243     120.728
627     117.243     120.617
628     117.243     120.512
629     117.243     120.425
630     117.243     120.373
631     117.243     120.302
632     117.243     120.223
633     117.243     120.139
634     117.117     120.072
635     117.117     119.896
636     117.117     119.824
637     117.117     119.768
638     117.117      119.69
639     116.025     119.628
640     116.025     119.544
641     116.025      119.38
642     116.025     119.244
643     116.025     119.221
644     116.025     119.192
645     116.025     119.197
646     116.025     119.174
647     115.474     119.116
648     115.474     119.057
649     115.474     118.981
650     115.474     118.913
651     115.474     118.922
652     114.176     118.814
653     114.176     118.754
654     114.176     118.742
655     114.176     118.677
656     114.176     118.582
657     114.176     118.536
658     113.428     118.515
659     113.428     118.483
660     113.428     118.463
661     113.428     118.378
662     113.428     118.256
663     113.428     118.142
664     113.428     118.073
665     112.192     117.962
666     112.192     117.841
667     112.192     117.767
668     112.192     117.668
669     112.192     117.652
670     112.192     117.556
671     112.192     117.405
672     112.192      117.36
673     112.192     117.323
674     112.192      117.16
675     112.192     117.055
676     112.192     116.967
677     112.192     116.885
678     112.192     116.746
679     112.192     116.664
680     112.192      116.62
681     112.192     116.591
682     112.192     116.446
683     112.192     116.263
684     112.192     116.173
685     112.192     116.075
686     112.192     115.951
687     112.192     115.848
688     111.266     115.759
689     111.266     115.608
690     111.266     115.507
691     111.266     115.482
692     111.266     115.385
693     111.266     115.218
694     111.266     115.158
695     111.266     115.015
696     111.266     115.004
697     111.266     114.816
698     111.266     114.715
699     109.465     114.616
700     109.465     114.536
701     109.465     114.545
702     109.465     114.466
703     109.465     114.367
704     109.465     114.226
705     109.465     114.214
706     109.465     114.193
707     109.465     114.094
708     109.465     114.045
709     109.465     113.989
710     109.465     113.898
711     109.465     113.848
712     109.465     113.818
713     109.465      113.76
714     109.465     113.713
715     109.465     113.697
716     109.465     113.621
717     109.465     113.564
718     109.465      113.52
719     109.465     113.439
720     109.465     113.413
721     109.465      113.33
722     109.465     113.284
723     109.465     113.255
724     108.817     113.208
725     108.817     113.154
726     108.817     113.068
727     108.817     113.032
728     108.817     112.937
729     108.817     112.825
730     108.817      112.79
731     108.817     112.753
732     108.817     112.754
733     108.817     112.728
734     108.817     112.662
735     108.817     112.599
736     108.817     112.494
737     108.817     112.447
738     108.817     112.365
739     108.817     112.294
740     108.817     112.237
741     108.817     112.131
742     108.817     112.086
743     108.817     112.044
744     108.817     111.941
745     108.817     111.907
746     108.817     111.862
747     108.817     111.757
748     108.817     111.717
749     108.817     111.658
750     108.817     111.548
751     108.817     111.465
752     108.817     111.389
753     108.817     111.351
754     108.607     111.262
755     108.607      111.21
756     108.607     111.193
757     108.607     111.138
758     108.607     111.074
759     108.607     111.071
760     108.607     110.972
761     108.556     110.915
762     108.556     110.852
763     108.556     110.787
764     108.556     110.687
765     108.556     110.671
766     108.556     110.629
767     108.556      110.57
768     108.324     110.462
769      108.25     110.411
770     107.645     110.311
771     107.645     110.231
772     107.645     110.137
773     107.645      110.07
774     106.803     109.967
775     106.803     109.923
776     106.803     109.872
777     106.803     109.809
778     106.803      109.71
779     106.803     109.694
780     106.803     109.668
781     106.803     109.579
782     106.803     109.504
783     106.803     109.446
784     106.803     109.415
785     106.803     109.373
786     106.803     109.326
787     106.803     109.269
788     106.803     109.201
789     106.803     109.157
790     106.803     109.099
791     106.803     109.074
792     106.803      108.96
793     106.803     108.908
794     106.803     108.825
795     106.803     108.751
796     106.803     108.677
797     106.803     108.545
798     106.803     108.489
799     106.803     108.457
800     106.803     108.353
801     106.803     108.305
802     106.803     108.257
803     106.774     108.185
804     106.679      108.11
805     106.678     108.052
806     106.572     108.021
807     106.572     107.973
808     106.572     107.945
809     106.572     107.907
810     106.572     107.894
811     106.572     107.846
812     105.649     107.777
813     105.649     107.759
814     105.649     107.733
815     105.649     107.675
816     105.649     107.633
817     105.649     107.609
818     105.649     107.591
819     105.649     107.511
820     105.649     107.497
821     105.649     107.473
822     105.649     107.411
823     105.649     107.415
824     105.649      107.36
825     105.649     107.358
826     105.649     107.336
827     105.649     107.271
828     105.649     107.252
829     105.649     107.212
830     105.649     107.169
831     105.649     107.113
832     105.649      107.07
833     105.424     107.017
834     104.793     106.979
835     104.793     106.956
836     104.793      106.93
837     104.793     106.866
838     104.793     106.815
839     104.793     106.702
840     104.776     106.661
841      104.65     106.592
842      104.65     106.487
843      104.65     106.414
844      104.65     106.348
845      104.65     106.306
846      104.65     106.239
847      104.65     106.207
848      104.65     106.206
849      104.65     106.153
850      104.65      106.11
851      104.65     106.067
852      104.65     106.002
853     103.917     105.896
854     103.917     105.809
855     103.917     105.697
856     103.917     105.642
857     103.917     105.582
858     103.669      105.51
859     103.669     105.438
860     103.669     105.367
861     103.669     105.298
862     103.669     105.217
863     103.669     105.176
864     103.669     105.134
865     103.658     105.068
866     103.658     105.037
867     103.658     104.992
868     103.658     104.925
869     103.658     104.876
870     102.925     104.855
871     102.925     104.785
872     102.925     104.701
873     102.925      104.64
874     102.925     104.563
875     102.925      104.53
876     102.715     104.482
877     102.715     104.428
878     102.715     104.363
879     102.193     104.319
880     102.193     104.229
881     102.193     104.141
882     102.193     104.086
883     101.761      103.99
884     101.761     103.906
885     101.761     103.876
886     101.761     103.826
887     101.761     103.799
888     101.761     103.723
889     101.761     103.643
890     101.761     103.584
891     101.761     103.509
892     101.761     103.522
893     101.761     103.466
894     101.119     103.421
895     101.119     103.353
896     101.119     103.294
897     101.119     103.259
898     101.119      103.22
899     101.119     103.151
900     101.119      103.08
901     101.119     103.035
902     101.119     102.951
903     101.119      102.83
904     101.119     102.749
905     99.9815     102.668
906     99.9815     102.608
907     99.9815     102.582
908     99.9815     102.553
909     99.9815     102.507
910     99.9815     102.477
911     99.9815     102.404
912     99.9815     102.351
913     99.9815     102.322
914     99.9815     102.279
915     99.9815     102.248
916     99.9815     102.221
917     99.9815     102.187
918     99.9815      102.15
919     99.9815     102.109
920     99.9815     102.034
921     99.9815     101.987
922     99.9815     101.967
923     99.6661     101.879
924     99.6661     101.857
925     99.6661     101.796
926     99.6661     101.748
927     99.6661     101.714
928     99.6661     101.645
929     99.6661     101.604
930     99.6661     101.526
931     99.6661     101.467
932     99.6661     101.427
933     99.6661     101.394
934     99.6661     101.296
935     99.6661     101.183
936     99.6661     101.117
937     99.6661     101.059
938     99.6661     100.976
939     99.6661     100.934
940     99.6661     100.889
941     99.6661     100.854
942     99.6661     100.806
943     99.6661     100.796
944     99.6661     100.725
945     99.6661     100.651
946     99.6661     100.623
947     99.6661     100.595
948     99.6661     100.542
949     99.6661     100.475
950     99.6661     100.431
951     99.6661     100.412
952     99.6661     100.407
953     99.6661     100.341
954     99.6661      100.31
955     99.6661     100.284
956     99.6661     100.259
957     99.6661     100.226
958     99.5325     100.174
959     99.5325     100.137
960     99.5325     100.093
961     99.5325     100.069
962     99.5325      100.04
963     99.5325     100.023
964     99.5325     100.005
965     99.5325      99.991
966     99.5325     99.9703
967     99.5325     99.9523
968     98.3515     99.9405
969     98.3515     99.9339
970     98.3515     99.9218
971     98.3515     99.9093
972     98.3515     99.9083
973     98.3515     99.8904
974     98.3515     99.8838
975     98.3515     99.8786
976     98.3515     99.8725
977     98.3515      99.863
978     98.3515     99.8618
979     98.3515     99.8584
980     98.3515     99.8593
981     98.3515     99.8507
982     98.3515     99.8456
983     98.3515     99.8425
984     98.3515     99.8392
985     98.3515     99.8351
986     98.3515     99.8277
987     98.3515      99.816
988     98.3515     99.7963
989     98.3515     99.7771
990     98.3515     99.7482
991     98.3515     99.7342
992     98.0572     99.7154
993     98.0572     99.6981
994     98.0572     99.6927
995     98.0572     99.6831
996     98.0572     99.6857
997     98.0572     99.6689
998     98.0572     99.6606
999     98.0572     99.6536
1000     98.0572     99.6459
1001     98.0572     99.6406
1002     98.0572     99.6359
1003     98.0572     99.6259
1004     98.0572     99.6136
1005     98.0572     99.6001
1006     98.0572     99.5902
1007     98.0572     99.5686
1008     98.0572     99.5545
1009     98.0572     99.5365
1010     98.0572     99.5189
1011     98.0572     99.4909
1012     98.0572     99.4618
1013     98.0572     99.4355
1014     98.0572     99.4035
1015     98.0572     99.3831
1016     98.0572      99.379
1017     98.0572     99.3681
1018     98.0572     99.3505
1019     98.0572     99.3245
1020     98.0572     99.2954
1021     98.0572     99.2755
1022     98.0572     99.2798
1023     98.0572     99.2705
1024     98.0572     99.2463
1025     98.0572     99.2187
1026     98.0572     99.2098
1027     98.0572      99.198
1028     98.0572     99.1787
1029     98.0572     99.1664
1030     98.0572     99.1469
1031     98.0572     99.1321
1032     98.0572     99.1172
1033     98.0572     99.1064
1034     98.0572     99.0936
1035     98.0572     99.0821
1036     98.0572      99.063
1037     97.7924     99.0519
1038     97.7924     99.0243
1039     97.7924     99.0024
1040     97.7924          99
1041     97.7924     98.9848
1042     97.7924     98.9634
1043     97.7924     98.9383
1044     97.7924     98.9028
1045     97.7924     98.8675
1046     97.7924     98.8399
1047     97.7924     98.8237
1048     97.7924     98.7866
1049     97.7924     98.7436
1050     97.7924      98.722
1051     97.7924     98.6939
1052     97.7924     98.6621
1053     97.7924     98.6512
1054     97.7924     98.6302
1055     97.7924     98.5973
1056     97.7924     98.5891
1057     97.7924     98.5632
1058     97.7924     98.5447
1059     97.7924     98.5278
1060     97.7924     98.5036
1061     97.7924     98.5001
1062     97.7924     98.4843
1063     97.7924     98.4727
1064      97.726     98.4516
1065      97.726     98.4323
1066     96.6655     98.3964
1067     96.6655     98.3921
1068     96.6655     98.3799
1069     96.6655     98.3556
1070     96.6655     98.3281
1071     96.6655     98.3061
1072     96.6655     98.3285
1073     96.6655       98.29
1074     96.6655     98.2658
1075     96.6655     98.2346
1076     96.6655     98.2117
1077     96.6655     98.1798
1078     96.6655     98.1515
1079     96.6655     98.1258
1080     96.6655     98.1122
1081     96.6655     98.0952
1082     96.6655     98.0693
1083     96.6655     98.0617
1084     96.6655     98.0776
1085     96.6655     98.0438
1086     96.6655     98.0236
1087     96.6655     97.9913
1088     96.6655     97.9756
1089     96.6655     97.9631
1090     96.6655     97.9391
1091     96.2003     97.8831
1092     96.2003     97.8674
1093     96.2003     97.8457
1094     96.2003     97.8266
1095     96.2003     97.8097
1096     96.2003     97.7848
1097     96.2003     97.7792
1098     96.2003     97.7441
1099     96.2003     97.7148
1100     96.2003     97.7025
1101     96.2003      97.687
1102     96.2003     97.6807
1103     96.2003     97.6632
1104     96.2003     97.6673
1105     96.2003      97.651
1106     96.2003     97.6372
1107     96.2003     97.6298
1108     95.8501     97.6064
1109     95.8501     97.5772
1110     95.8501     97.5641
1111     95.8501     97.5963
1112     95.8501     97.5461
1113     95.8501     97.5466
1114     95.8501      97.536
1115     95.8501     97.5256
1116     95.8501      97.518
1117     95.8501     97.5164
1118     95.8501     97.5137
1119     95.8501     97.4989
1120     95.8501     97.4905
1121     95.8501     97.4752
1122     95.8501     97.4589
1123     95.8501     97.4558
1124     95.8501     97.4533
1125     95.8501     97.4573
1126     95.8501     97.4501
1127     95.8501     97.4704
1128     95.8501     97.4478
1129     95.8501     97.4324
1130     95.8501     97.4266
1131     95.8501     97.4166
1132     95.8501     97.4136
1133     95.8501     97.4013
1134     95.8501     97.3767
1135     95.8501     97.3636
1136     95.8501     97.3682
1137     95.8501     97.3467
1138     95.8501     97.3297
1139     95.8501     97.3073
1140     95.8501     97.2805
1141     95.8501     97.2614
1142     95.0489     97.2298
1143     95.0489     97.2086
1144     95.0489     97.1538
1145     95.0489     97.1234
1146     95.0489     97.1172
1147     95.0489     97.1005
1148     95.0489     97.0865
1149     95.0489     97.0817
1150     95.0489     97.0523
1151     95.0489     97.0356
1152     95.0489     97.0155
1153     95.0489     97.0105
1154     95.0489     96.9966
1155     95.0489     96.9888
1156     95.0489     97.0108
1157     95.0489     97.0017
1158     95.0489     96.9586
1159     95.0489     96.9731
1160     95.0489     96.9439
1161     95.0489     96.9298
1162     95.0489      96.941
1163     95.0489     96.9127
1164     95.0489     96.9056
1165     95.0196     96.8934
1166     95.0196     96.8796
1167     95.0196     96.8614
1168     95.0196     96.8362
1169     95.0196     96.8313
1170     95.0196     96.8176
1171     95.0196     96.8017
1172     95.0196     96.7844
1173     95.0196     96.7744
1174     95.0196      96.755
1175     95.0196     96.7353
1176     95.0196     96.7302
1177     95.0196     96.7179
1178     95.0196     96.7144
1179     95.0196     96.6952
1180     95.0196     96.6701
1181     95.0196     96.6571
1182      94.757     96.6504
1183      94.757      96.639
1184      94.757     96.6188
1185      94.757     96.6129
1186      94.757     96.6029
1187      94.757     96.5632
1188      94.757     96.5587
1189      94.757     96.5419
1190      94.757     96.5364
1191      94.757     96.5264
1192      94.757     96.5162
1193      94.757     96.5285
1194      94.757      96.546
1195      94.757     96.5653
1196      94.757     96.5303
1197      94.757     96.4802
1198      94.757     96.4626
1199      94.757      96.566
1200      94.757     96.4292
1201      94.757      96.399
1202      94.757       96.38
1203      94.757     96.3621
1204      94.757     96.3538
1205      94.757     96.3543
1206      94.757     96.3598
1207      94.757     96.3495
1208      94.757     96.3446
1209      94.757     96.3185
1210      94.757     96.3055
1211      94.757     96.3006
1212      94.757     96.2828
1213      94.757     96.2699
1214      94.757     96.2805
1215      94.757     96.2686
1216      94.757     96.2834
1217      94.757     96.2936
1218      94.757     96.2774
1219      94.757     96.2847
1220      94.757     96.2735
1221      94.757     96.3312
1222      94.757     96.3916
1223      94.757     96.3887
1224      94.757     96.3724
1225      94.757      96.437
1226     94.4133     96.4322
1227     94.4133     96.4242
1228     94.4133     96.3852
1229     94.4133       96.35
1230     94.4133     96.3521
1231     94.4133     96.3283
1232     94.4133     96.3462
1233     94.4133     96.3772
1234     94.4133     96.3861
1235     94.4133      96.347
1236     94.4133     96.3611
1237     94.4133     96.3553
1238     94.4133      96.357
1239     94.4133     96.3541
1240     94.4133     96.3321
1241     94.4133     96.3351
1242     94.4133     96.4257
1243     94.3755     96.3829
1244     94.3755     96.4064
1245     94.3755     96.3948
1246     94.3755     96.4996
1247     94.3755     96.4151
1248     94.3755     96.4848
1249     94.3755     96.4444
1250     94.3755     96.4803
1251     94.3755     96.4954
1252     94.3755     96.5446
1253     94.3755     96.4691
1254     94.3755     96.5563
1255     94.3755     96.5604
1256     94.3755     96.5115
1257     94.3755     96.5295
1258     94.3755     96.5346
1259     94.3755     96.6576
1260     94.3755     96.6118
1261     94.3755     96.7254
1262     94.3755     96.7135
1263     94.3755     96.7643
1264     94.3755     96.7643
1265     94.3755     96.8102
1266     94.3755     96.9105
1267     94.3755     96.8962
1268     94.3755     96.8943
1269     94.3755      96.956
1270     94.3755     96.9863
1271     94.3755     97.0524
1272     94.1891     96.9781
1273     94.1891     96.9926
1274     94.0964     97.1584
1275     94.0964     97.1694
1276     94.0641     97.3577
1277     94.0641     97.5814
1278     94.0641     97.4727
1279     94.0641     97.5261
1280     94.0641     97.4568
1281     94.0641     97.4684
1282     94.0641     97.5089
1283     94.0586     97.5271
1284     94.0586     97.4994
1285     94.0586     97.4464
1286     93.9284     97.3458
1287     93.7778     97.2323
1288     93.7778      97.397
1289     93.7473      97.302
1290     93.3678     97.1579
1291     93.3678     97.2358
1292     93.3678     97.1429
1293     93.3678      97.039
1294     93.3678     96.9307
1295     93.1525      96.841
1296     93.1525     96.7536
1297     92.8874     96.6671
1298     92.8874     96.5388
1299     92.8874     96.3855
1300      92.882     96.2857
1301      92.882     96.1337
1302      92.882     96.0648
1303      92.882     96.0486
1304      92.882     95.9859
1305      92.882     95.8894
1306      92.784     95.7129
1307      92.784     95.5569
1308      92.784        95.5
1309      92.784     95.4323
1310      92.784     95.2571
1311     92.7785      95.085
1312     92.7785     94.8866
1313     92.7785     94.7104
1314     92.7785     94.6078
1315     92.7785     94.5617
1316     92.7785     94.4865
1317     92.7785     94.4153
1318     92.7785     94.2635
1319     92.7785     94.1067
1320     92.7785     93.9799
1321     92.7785     93.9529
1322     92.4349      93.855
1323     92.3314     93.7201
1324     92.3314     93.6304
1325     92.3314     93.5656
1326     92.3314      93.526
1327     92.3314      93.457
1328     92.3314     93.4129
1329     92.2742     93.3876
1330     92.2742     93.3242
1331     92.2742     93.2544
1332      92.144     93.2744
1333      92.144     93.2093
1334      92.144       93.18
1335     91.7024     93.1431
1336     91.7024       93.06
1337     91.7024     93.0256
1338     91.6969     92.9707
1339     91.6969     92.9412
1340     91.6969      92.928
1341     91.6969     92.8833
1342     91.6969     92.8671
1343     90.3102     92.8174
1344     90.3102     92.7756
1345     90.3102     92.7652
1346     90.3102     92.7532
1347     90.3102      92.713
1348     90.3102     92.6673
1349     90.3102     92.6048
1350     90.3102      92.561
1351     90.3102     92.5242
1352     90.3102     92.4748
1353     90.3102     92.4344
1354     90.3102     92.3646
1355     90.3102     92.3369
1356     90.3102     92.2715
1357      89.805     92.2371
1358     89.6757     92.1842
1359     89.6757     92.1759
1360     89.6757     92.1637
1361     89.6757     92.1416
1362     89.6757     92.0911
1363     89.6757     92.0543
1364     89.6757     92.0599
1365     89.1714     92.0109
1366     89.1659     91.9577
1367     89.1659     91.9052
1368     89.1659     91.8287
1369     89.1659     91.7667
1370     89.1659     91.7344
1371     89.1659     91.6694
1372     89.1659     91.6606
1373     89.1659     91.6063
1374     89.1659     91.5237
1375     89.1659     91.4759
1376     89.1659     91.4401
1377     89.1659     91.4119
1378     88.8672     91.3862
1379     88.3265     91.3463
1380     88.3265     91.3071
1381     88.3265     91.2287
1382     88.3265     91.1832
1383     88.3265     91.0793
1384     88.3265     90.9686
1385     88.3265     90.9415
1386     88.3265      90.875
1387     88.3265     90.7396
1388     88.3265     90.6875
1389     88.3265     90.5884
1390     88.3265     90.5491
1391     88.3265      90.463
1392     88.3265      90.432
1393     88.3265     90.3765
1394     88.3265     90.3051
1395     88.3265     90.2121
1396     88.3265      90.115
1397     88.3265     90.0741
1398     88.3265     90.0313
1399     88.3265      90.013
1400     88.3265     89.9296
1401     88.3265     89.9282
1402     88.3265     89.8609
1403     88.3265     89.8311
1404     88.3265     89.7765
1405     88.3265      89.749
1406     88.3265     89.6704
1407     88.3265     89.6491
1408     88.3265     89.6114
1409     88.3265     89.5772
1410     88.3265     89.5577
1411     88.3265     89.5342
1412     88.3265     89.5134
1413     88.3265     89.5131
1414     88.3265     89.4897
1415     88.3265     89.3995
1416     88.3265     89.3448
1417     88.3265     89.3296
1418     88.3265     89.2641
1419     88.3265     89.2505
1420     88.3265     89.2417
1421     86.8396     89.2034
1422     86.8396     89.2046
1423     86.8396     89.2089
1424     86.8396      89.204
1425     86.8396     89.1583
1426     86.8396     89.1468
1427     86.8396     89.1004
1428     86.8396     89.0957
1429     86.8396       89.03
1430     86.8396      88.966
1431     86.8396     88.9092
1432     86.8396     88.8701
1433     86.8396     88.8373
1434     86.8396     88.7986
1435     86.8396     88.7669
1436     86.8396     88.7501
1437     86.8396      88.713
1438     86.8396     88.6885
1439     86.8396     88.6607
1440     86.8396     88.6561
1441     86.8396     88.6475
1442     86.8396      88.626
1443     86.8396     88.5985
1444     86.8396     88.5867
1445     86.8396     88.5565
1446     86.8396      88.534
1447     86.8396     88.5129
1448     86.8396     88.4915
1449     86.8396     88.4728
1450     86.8396     88.4472
1451     86.8396     88.4351
1452     86.8396     88.4334
1453     86.8396     88.4224
1454     86.8396     88.4024
1455     86.8396     88.4088
1456     86.8396     88.4026
1457     86.8396     88.3935
1458     86.8396     88.3795
1459     86.8396     88.3653
1460     86.8396     88.3485
1461     86.8396     88.3191
1462     86.8396     88.3122
1463     86.8396     88.3003
1464     86.8396     88.2737
1465     86.8396     88.2567
1466     86.8396     88.2406
1467     86.8396     88.2297
1468     86.8396     88.2173
1469     86.8396      88.194
1470     86.8396     88.1759
1471     86.8396      88.152
1472     86.8396     88.1244
1473     86.8396     88.1123
1474     86.8396     88.0821
1475     86.8396     88.0611
1476     86.8396     88.0474
1477     86.8396     88.0359
1478     86.8396     88.0176
1479     86.8396     87.9993
1480     86.8396     87.9727
1481     86.8396     87.9459
1482     86.8396     87.9151
1483     86.8396     87.8872
1484     86.8396     87.8632
1485     86.8396     87.8264
1486     86.8396     87.7992
1487     86.8396     87.7627
1488     86.8396     87.7103
1489     86.8396     87.6705
1490     86.8396      87.645
1491     86.8396     87.6047
1492     86.8396     87.5416
1493     86.8396     87.4719
1494     86.8396     87.4464
1495     86.7323     87.4198
1496     86.7323     87.3801
1497     86.7323     87.3283
1498     86.7323     87.2654
1499     86.7323     87.2293
1500     86.7323     87.1927
1501     86.7323     87.1681
1502     86.7323     87.1459
1503     86.7323     87.1327
1504     86.7323     87.1038
1505     86.7323     87.0853
1506     86.7323      87.062
1507     86.0221     87.0494
1508     86.0221      87.026
1509     86.0221     86.9941
1510     86.0221     86.9628
1511     86.0221     86.9373
1512     86.0221     86.9186
1513     86.0221      86.887
1514     86.0221     86.9103
1515     86.0221     86.8683
1516     86.0221      86.848
1517     86.0221     86.8279
1518     86.0221     86.8146
1519     86.0221     86.8074
1520     86.0221      86.776
1521     86.0221     86.7621
1522     86.0221     86.7523
1523     86.0221     86.7348
1524     86.0221     86.7264
1525     86.0221     86.7105
1526     86.0221     86.6894
1527     86.0221     86.6659
1528     86.0221     86.6297
1529     86.0221     86.5793
1530     86.0221     86.5557
1531     86.0221     86.5362
1532     86.0221     86.4964
1533     86.0221     86.4727
1534     86.0221     86.4505
1535     86.0221     86.4311
1536     84.9784     86.3849
1537     84.9784     86.3718
1538     84.9784     86.3555
1539     84.9784      86.324
1540     84.9784     86.2994
1541     84.9784      86.271
1542     84.9784     86.2362
1543     84.9784     86.1971
1544     84.9784     86.1721
1545     84.9784       86.15
1546     84.9784     86.1264
1547     84.9784     86.1121
1548     84.9784     86.0892
1549     84.9784      86.047
1550     84.9784     86.0174
1551     84.9784     85.9702
1552     84.9784     85.9269
1553     84.9784     85.8728
1554     84.9784     85.8335
1555     84.9784     85.7686
1556     84.8263     85.7324
1557     84.8263     85.6876
1558     84.8263     85.6609
1559     84.8263     85.6259
1560     84.8263     85.6055
1561     84.8263     85.5688
1562     84.8263     85.5402
1563     84.8263     85.4941
1564     84.8263     85.4851
1565     84.8263     85.4594
1566     84.8263     85.4581
1567     84.8263     85.4379
1568     84.8263     85.4102
1569     84.8263     85.3869
1570     84.8263     85.3612
1571     84.8263     85.3341
1572     84.8263     85.3095
1573     84.8263     85.2685
1574     84.8263     85.2543
1575     84.8263     85.2192
1576     84.8263     85.1836
1577     84.8263     85.1683
1578     84.8263     85.1274
1579     84.8263     85.1178
1580     84.8263     85.0733
1581     84.8263      85.043
1582     84.8263     84.9822
1583     84.8263      84.953
1584     84.8263      84.948
1585     84.8263      84.943
1586     84.8263     84.9142
1587     84.8263     84.9019
1588     84.8263     84.9001
1589     84.8263     84.8962
1590     84.8263     84.8913
1591     84.8263     84.8892
1592     84.8263     84.8856
1593     84.8263     84.8807
1594     84.8263     84.8783
1595     84.8263     84.8749
1596     84.8263     84.8688
1597     84.8263     84.8658
1598     84.8263     84.8618
1599     84.8263     84.8576
1600     84.8263      84.853
1601     84.8263     84.8515
1602     84.8263     84.8485
1603     84.8263     84.8438
1604     84.8263     84.8404
1605     84.8263     84.8383
1606     84.8263     84.8374
1607     84.8263     84.8331
1608     84.8263     84.8295
1609     84.8263     84.8263
1610     84.8263     84.8263
1611     84.8263     84.8263
1612     84.8263     84.8263
1613     84.8263     84.8263
1614     84.8263     84.8263
1615     84.8263     84.8263
1616     84.8263     84.8263
1617     84.8263     84.8263
1618     84.8263     84.8263
1619     84.8263     84.8263
1620     84.8263     84.8323
1621     84.8263     84.8263
1622     84.8263     84.8263
1623     84.8263     84.8263
1624     84.8263     84.8263
1625     84.8263     84.8263
1626     84.8263     84.8263
1627     84.8263     84.8263
1628     84.7986     84.8262
1629     84.7986     84.8262
1630     84.7986     84.8262
1631     84.7986     84.8262
1632     84.7986     84.8262
1633     84.7986     84.8262
1634     84.7986     84.8262
1635     84.7986     84.8262
1636     84.7986     84.8262
1637     83.7252      84.824
1638     83.7252      84.824
1639     83.7252      84.824
1640     83.7252     84.8239
1641     83.7252     84.8239
1642     83.7252     84.8239
1643     83.7252     84.8239
1644     83.7252     84.8217
1645     83.7252     84.8217
1646     83.7252     84.8217
1647     83.7252     84.8195
1648     83.7252     84.8195
1649     83.7252     84.8172
1650     83.7252     84.8149
1651     83.7252     84.8149
1652     83.7252     84.8127
1653     83.7252     84.8083
1654     83.7252     84.7973
1655     83.7252     84.7951
1656     83.7252     84.8076
1657     83.7252     84.7819
1658     83.7252     84.7702
1659     83.7252     84.7586
1660     83.7252     84.7476
1661     83.7252     84.7266
1662     83.7252     84.6781
1663     83.7252     84.6293
1664     83.7252     84.5698
1665     83.7252     84.4984
1666     83.7252     84.4473
1667     83.7252     84.4038
1668     83.7252     84.3612
1669     83.7252     84.3431
1670     83.7252     84.2961
1671     83.7252     84.2539
1672     83.7252     84.2267
1673     83.7252      84.176
1674     83.7252      84.143
1675     83.7252     84.1074
1676     83.7252     84.0989
1677     83.7252     84.0725
1678     83.7252       84.05
1679     83.7252     84.0194
1680     83.7252     83.9666
1681     83.7252      83.938
1682     83.7252      83.901
1683     83.7252     83.8736
1684     83.7252     83.8412
1685     83.7252     83.8119
1686     83.7252     83.7902
1687     83.7252     83.7574
1688     83.7252       83.73
1689     83.7252     83.7271
1690     83.7252     83.7252
1691     83.7252     83.7252
1692     83.7252     83.7252
1693     83.7252     83.7252
1694     83.7252     83.7252
1695     83.7252     83.7252
1696     83.7252     83.7252
1697     83.7252     83.7252
1698     83.7252     83.7252
1699     83.7252     83.7252
1700     83.7252     83.7252
1701     83.7252     83.7252
1702     83.7252     83.7252
1703     83.7252     83.7252
1704     83.7252     83.7252
1705     83.7252     83.7252
1706     83.7252     83.7252
1707     83.7252     83.7252
1708     83.7252     83.7252
1709     83.7252     83.7252
1710     83.7252     83.7252
1711     83.7252     83.7252
1712     83.7252     83.7252
1713     83.7252     83.7252
1714     83.7252     83.7252
1715     83.7252     83.7252
1716     83.7252     83.7252
1717     83.7252     83.7252
1718     83.7252     83.7252
1719     83.7252     83.7252
1720     83.7252     83.7252
1721     83.7252     83.7252
1722     83.7252     83.7252
1723     83.7252     83.7252
1724     83.7252     83.7252
1725     83.7252     83.7252
1726     83.7252     83.7252
1727     83.7252     83.7252
1728     83.7252     83.7252
1729     83.7252     83.7252
1730     83.7252     83.7252
1731     83.7252     83.7252
1732     83.7252     83.7252
1733     83.7252     83.7252
1734     83.4889     83.7247
1735     83.4889     83.7247
1736     83.4889     83.7247
1737     83.4889     83.7242
1738     83.4889     83.7242
1739     83.4889     83.7242
1740     83.4889     83.7238
1741     83.4889     83.7238
1742     82.9932     83.7216
1743     82.9932     83.7211
1744     82.9932      83.721
1745     82.9932     83.7205
1746     82.9932       83.72
1747     82.9932     83.7195
1748     82.9932     83.7188
1749     82.9932     83.7165
1750     82.9932     83.7148
1751     82.9932     83.7143
1752     82.9932     83.7107
1753      82.245     83.7053
1754      82.245     83.7029
1755      82.245     83.6993
1756      82.245     83.6878
1757      82.245     83.6818
1758      82.245      83.671
1759      82.245     83.6595
1760      82.245     83.6462
1761      82.245      83.634
1762      82.245     83.6233
1763      82.245     83.6167
1764      82.245     83.6073
1765      82.245     83.6018
1766      82.245     83.5958
1767      82.245     83.5866
1768      82.245     83.5803
1769      82.245     83.5697
1770      82.245     83.5637
1771      82.245     83.5614
1772      82.245     83.5562
1773      82.245     83.5476
1774      82.245     83.5424
1775      82.245     83.5356
1776      82.245     83.5351
1777      82.245     83.5331
1778      82.245     83.5221
1779      82.245     83.5145
1780      82.245     83.5053
1781      82.245     83.4992
1782      82.245     83.4897
1783      82.245      83.483
1784      82.245     83.4682
1785      82.245     83.4645
1786      82.245     83.4548
1787      82.245     83.4466
1788      82.245     83.4363
1789      82.245     83.4321
1790      82.245     83.4293
1791      82.245     83.4161
1792      82.245     83.4025
1793      82.245      83.377
1794      82.245     83.3695
1795      82.245     83.3526
1796      82.245     83.3284
1797      82.245     83.3138
1798      82.245     83.2725
1799      82.245     83.2398
1800      82.245     83.2189
1801      82.245     83.1738
1802      82.245     83.1484
1803      82.245      83.134
1804      82.245     83.1203
1805      82.245     83.0829
1806      82.245     83.0601
1807      82.245     83.0325
1808      82.245     83.0237
1809      82.245      83.045
1810      82.245     82.9925
1811      82.245     82.9581
1812      82.245     82.9139
1813      82.245     82.8903
1814      82.245     82.8768
1815      82.245     82.8353
1816      82.245      82.807
1817      82.245     82.7657
1818      82.245     82.7148
1819      82.245     82.7012
1820      82.245     82.6582
1821      82.245     82.6127
1822      82.245     82.5791
1823      82.245     82.5555
1824      82.245     82.5032
1825      82.245      82.448
1826      82.245     82.4206
1827      82.245     82.4104
1828      82.245      82.392
1829      82.245     82.3632
1830      82.245     82.3369
1831      82.245     82.3265
1832      82.245     82.3119
1833      82.245     82.2889
1834      82.245     82.2726
1835      82.245       82.26
1836      82.245     82.2531
1837      82.245     82.2473
1838      82.245     82.2456
1839      82.245      82.245
1840      82.245      82.245
1841      82.245      82.245
1842      82.245      82.245
1843      82.245      82.245
1844      82.245      82.245
1845      82.245      82.245
1846      82.245      82.245
1847      82.245      82.245
1848      82.245      82.245
1849      82.245      82.245
1850      82.245      82.245
1851      82.245      82.245
1852      82.245      82.245
1853      82.245      82.245
1854      82.245      82.245
1855      82.245      82.245
1856      82.245      82.245
1857      82.245      82.245
1858      82.245      82.245
1859      82.245      82.245
1860      82.245      82.245
1861     81.5042     82.2435
1862     81.5042     82.2435
1863     81.5042     82.2435
1864     81.5042     82.2435
1865     81.5042     82.2435
1866     81.5042     82.2435
1867     81.5042     82.2435
1868     81.5042     82.2433
1869     81.5042     82.2433
1870     81.5042     82.2418
1871     81.5042     82.2418
1872     81.5042       82.24
1873     81.5042     82.2352
1874     81.5042     82.2338
1875     81.5042     82.2323
1876     81.5042     82.2323
1877     81.5042     82.2275
1878     81.5042     82.2201
1879     81.3555     82.2139
1880     81.3555     82.2021
1881     81.0647     82.1903
1882     81.0647     82.1791
1883     81.0647     82.1626
1884     81.0647      82.142
1885     81.0647     82.1157
1886     81.0647     82.0797
1887      80.916     82.0321
1888      80.916     82.0101
1889      80.916      81.995
1890      80.916     81.9681
1891      80.916     81.9384
1892      80.916     81.9182
1893      80.916      81.901
1894      80.916     81.8762
1895      80.916     81.8464
1896      80.916      81.815
1897      80.916     81.7953
1898      80.916     81.7663
1899      80.916     81.7387
1900      80.916     81.7007
1901      80.916     81.6617
1902      80.916     81.6293
1903      80.916     81.5928
1904      80.916      81.556
1905      80.916     81.5185
1906      80.916     81.4732
1907      80.916     81.4225
1908      80.916     81.3756
1909      80.916     81.3506
1910      80.916     81.3136
1911      80.916     81.2724
1912      80.916     81.2295
1913      80.916      81.185
1914     80.8678     81.1511
1915     80.8678     81.1387
1916     80.8678     81.1183
1917     80.8678     81.1017
1918     80.8678     81.0876
1919     80.8678     81.0699
1920     80.8678     81.0593
1921     80.8678     81.0545
1922     80.8678     81.0438
1923     80.8678     81.0194
1924     80.8678     81.0098
1925     80.8678     80.9879
1926     80.8678     80.9833
1927     80.7167     80.9624
1928     80.7167     80.9488
1929     80.7167     80.9349
1930     80.7167     80.9251
1931     80.7167     80.9207
1932     80.7167     80.9164
1933     80.7167     80.9124
1934     80.7167     80.9033
1935     80.7167     80.9013
1936     80.7167     80.8989
1937     80.7167     80.8963
1938     80.7167     80.8948
1939     80.7167     80.8931
1940     80.7167     80.8922
1941     80.7167     80.8899
1942     80.7167     80.8889
1943     80.7167     80.8862
1944     80.7167     80.8851
1945     80.7167     80.8828
1946     80.7167     80.8807
1947     80.7167     80.8792
1948     80.7167     80.8762
1949     80.7167     80.8745
1950     80.7167     80.8736
1951     80.7167     80.8714
1952     80.7167     80.8696
1953     80.7167     80.8661
1954     80.7167      80.864
1955     80.7167     80.8616
1956     80.7167     80.8587
1957     80.7167     80.8569
1958     80.7167     80.8526
1959     80.7167     80.8462
1960     80.7167     80.8398
1961     80.7167       80.83
1962     80.7167     80.8231
1963     80.7167     80.8219
1964     80.7167     80.8185
1965     80.7167     80.8113
1966     80.7167     80.8071
1967     80.7167     80.7992
1968     80.7167     80.7929
1969     80.6791      80.788
1970     80.6791     80.7868
1971     80.6791     80.7846
1972     80.6791     80.7825
1973     80.6791     80.7786
1974     80.6791     80.7732
1975     80.6791      80.771
1976     80.6791     80.7674
1977     80.6791     80.7638
1978     80.6791     80.7614
1979     80.6791     80.7577
1980     80.6791     80.7534
1981     80.6791     80.7482
1982     80.6791     80.7431
1983     80.6791     80.7398
1984     80.0933     80.7348
1985     80.0933     80.7311
1986     80.0933     80.7237
1987     80.0933     80.7191
1988     80.0933     80.7163
1989     80.0933     80.7147
1990     80.0933      80.713
1991     80.0933      80.713
1992     80.0933     80.7114
1993     80.0933     80.7112
1994     80.0933     80.7109
1995     80.0933     80.7104
1996     80.0933     80.7095
1997     80.0556      80.707
1998     80.0556     80.7041
1999     80.0556     80.6984
