GEN:      BEST_LOSS:      AVERAGE_LOSS: 
0      441.08     499.579
1      441.08      492.34
2     412.725     485.732
3     412.725     479.504
4     412.725     473.977
5     410.822     468.371
6     410.822      463.36
7     407.644     458.535
8     401.882     453.555
9     390.598     448.328
10     390.598     444.072
11     385.796     439.523
12     385.796     435.393
13     385.796     431.159
14     385.796     427.534
15     374.837     423.647
16     374.837     420.234
17     374.837     416.909
18     363.243     413.674
19     363.243     410.524
20     363.243     407.965
21     363.045     405.044
22     356.781     402.568
23     356.781     399.801
24     356.781     397.304
25     353.305     394.331
26     353.305     391.627
27     353.305     389.327
28     347.177     386.683
29     330.358     384.204
30     330.358     382.259
31     330.358     380.071
32     330.358     377.418
33     329.688     375.313
34     329.688     372.952
35     329.688     370.961
36     329.688     369.599
37      328.44     367.179
38      328.44     365.281
39      328.44     363.539
40     324.815     361.879
41     324.815     359.988
42     324.815     358.282
43     324.815     357.308
44     324.815     355.676
45     324.815     353.923
46     319.407     352.867
47      313.02     351.474
48      313.02     349.858
49     309.855     348.502
50     309.855     346.973
51     309.855     345.996
52     309.855     344.949
53     309.855     344.042
54     309.855     343.044
55     309.855     341.958
56     309.855      340.97
57     309.855     339.709
58     298.158     338.965
59     298.158     337.911
60     298.158     336.617
61     298.158     335.556
62     298.158      334.25
63     298.158     333.141
64     298.158     332.223
65     298.158     331.611
66     298.158     330.978
67     295.194     329.828
68     287.984     328.949
69     287.984     327.707
70     287.984     326.771
71     287.984     325.485
72     287.984     324.721
73     287.984     323.525
74     285.994     321.892
75     285.994     320.157
76     279.828     318.374
77     279.828     317.064
78     279.828     315.721
79     279.828     314.352
80     279.828     313.493
81     273.527     311.993
82     273.527     310.848
83     273.527     309.909
84     273.527     308.776
85     273.527     307.877
86     273.527     307.046
87     273.527     306.159
88     273.527     305.283
89     273.527     304.611
90     273.527     303.977
91     273.527      303.04
92     273.527     302.478
93     273.527      301.74
94     273.527     300.649
95     273.527     300.118
96     272.134     299.431
97     272.134     298.531
98     266.805     297.405
99     266.805     296.836
100     266.805     296.115
101     266.805     295.351
102     266.805     294.526
103     266.805     294.058
104     266.805     293.408
105     266.805     292.983
106       264.9      292.39
107       264.9     291.676
108       264.9     290.965
109      263.44     290.304
110      263.44     289.997
111      263.44     289.647
112      263.44     289.024
113      263.44     288.505
114     257.402     287.729
115     257.402     286.856
116     257.402     285.961
117     257.402     285.202
118     256.381     284.401
119     256.381      283.37
120     256.354     282.357
121     256.354     281.368
122     256.354     280.346
123     256.354     279.622
124      255.79     278.405
125      255.79     277.692
126      255.36     276.771
127     254.257     275.504
128     254.257     274.457
129     254.257     273.741
130     249.836     272.954
131      245.26         272
132      245.26     271.224
133     241.405     270.113
134     238.178     269.013
135     238.178     267.853
136     238.178     266.908
137     238.178     265.976
138     238.178     265.324
139     238.178     264.162
140     238.178     263.335
141     238.178     262.371
142     236.291     261.491
143     235.692     260.281
144     235.692     259.184
145     232.193     258.347
146     232.193     257.786
147     232.193     256.854
148     232.193     255.865
149     231.729      254.83
150     231.729     253.926
151     231.729      253.16
152     230.881      252.56
153     230.881     251.699
154     230.881     250.721
155     229.955     250.015
156     229.955     249.432
157     229.955     248.618
158     229.955     248.147
159     227.349     247.687
160     227.349     247.107
161     225.171     246.685
162     225.171     246.042
163     221.267     245.584
164     221.267     244.863
165     221.267     244.425
166     221.267     244.064
167     221.267     243.575
168     221.267     242.881
169     221.267     242.072
170     221.267     241.602
171     221.267     241.012
172     221.267      240.42
173     221.267     239.605
174     221.267     238.872
175     219.015     238.236
176     219.015     237.773
177     219.015     237.138
178     219.015     236.258
179     219.015     235.977
180     217.478     235.376
181     215.492      235.01
182     215.492     234.454
183     215.492     234.144
184     215.492     233.645
185     215.492     233.092
186     215.492     232.361
187     215.492     231.917
188     211.838     231.397
189     211.838     231.185
190     211.838     230.679
191     209.652     229.965
192     209.652     229.475
193     209.652     228.707
194     209.652     228.164
195     209.652     227.576
196      202.02     227.001
197      202.02      226.22
198      202.02      225.44
199      202.02     224.839
200      202.02     223.828
201     199.364     222.958
202     199.364     222.274
203     199.364     221.397
204     199.364     220.695
205     199.364     219.886
206     199.364     219.041
207      198.26     218.329
208     198.211     217.459
209     198.211     216.523
210     198.211     215.855
211     197.702     214.906
212     197.702     214.257
213     196.612     213.516
214     196.612     212.986
215     196.612     212.624
216     192.642     211.982
217     192.642     211.547
218     192.642     210.847
219     192.642     210.451
220     192.642     210.068
221     192.642     209.642
222     192.642     209.352
223     192.642     208.858
224     192.642     208.526
225     192.642     208.163
226     192.642     207.641
227     192.642     207.004
228     189.128     206.524
229     189.128     206.004
230     189.128     205.472
231     189.128     205.228
232     189.128     204.932
233     188.568     204.544
234     188.568     204.014
235     188.285     203.492
236     187.433     203.176
237     187.433     202.605
238     187.433     202.308
239     187.433     201.934
240     187.433     201.777
241     187.433     201.473
242     187.433     201.273
243     187.433     200.652
244     187.433     200.558
245     187.433     200.263
246     187.433     200.022
247     187.433     199.598
248     187.433     199.343
249     187.433     199.122
250     187.433      198.97
251     187.433     198.657
252     187.433     198.486
253     187.433     198.165
254     187.433     197.992
255     187.433     197.761
256     187.433     197.508
257     177.826      197.27
258     177.826     197.131
259     177.826     196.888
260     177.826     196.777
261     177.826      196.59
262     177.826     196.538
263     177.826     196.152
264     177.826     196.061
265     177.826     195.965
266     177.826     195.888
267     177.826     195.721
268     177.826     195.569
269     177.826     195.287
270     177.826     194.994
271     177.826     194.827
272     177.826     194.483
273     177.826     194.113
274     177.826     193.815
275     177.826     193.561
276     177.826      193.23
277     177.826     193.092
278     177.826      192.94
279     177.826     192.757
280     177.826     192.588
281     177.826     192.355
282     177.826     192.143
283     177.826     192.035
284     177.826     191.853
285     177.826     191.716
286     177.826     191.603
287     177.826     191.322
288     177.826     191.262
289     177.826     191.172
290     177.826     190.918
291     177.826      190.58
292     176.672     190.364
293     176.672     189.976
294     176.672     189.852
295     176.672     189.647
296     176.672     189.431
297     176.672     189.267
298     176.672     189.065
299     176.672     188.879
300     176.672     188.521
301     176.672     188.234
302     171.396     187.877
303     171.396     187.412
304     171.396     187.138
305     171.396     186.704
306     171.396     186.294
307     171.396     185.861
308     171.396     185.573
309     171.396     185.267
310     171.396     185.096
311     171.396     184.939
312     171.396     184.671
313     171.396     184.506
314     171.396     184.216
315     171.396     183.977
316     171.396     183.835
317     171.396     183.595
318     171.396     183.507
319     171.396     183.335
320     171.396     183.156
321     171.396      182.95
322     171.396      182.77
323     171.396     182.578
324     171.396     182.434
325     171.396      182.26
326     171.396     181.992
327     171.396     181.958
328     171.396     181.913
329     167.545     181.675
330     167.545     181.712
331     167.545     181.649
332     167.545     181.484
333     167.545     181.219
334     167.545     181.036
335     167.545     180.773
336     167.545     180.617
337     167.545     180.417
338     167.545     180.183
339     167.545     179.946
340     167.545     179.658
341     167.307     179.336
342     167.307     179.074
343     167.307     178.938
344     167.307      178.49
345     167.307     178.316
346     167.031     178.067
347     167.031     177.714
348     167.031      177.54
349     167.031     177.059
350     167.031     176.904
351     167.031     176.504
352     167.031     176.364
353     167.031     175.994
354     167.031     175.642
355     167.031     175.522
356     167.031     175.297
357     167.031     174.906
358     167.031     174.743
359     167.031     174.613
360     166.927     174.163
361     166.672     173.699
362       164.8     173.448
363       164.8     173.183
364       164.8     172.925
365       164.8     172.465
366       164.8     172.033
367       164.8     171.696
368     162.422     171.316
369     162.422      171.01
370     162.422     170.779
371     162.422     170.489
372     162.422     170.223
373     162.422     170.096
374     162.422     169.812
375     162.422     169.714
376     162.422     169.495
377     162.422     169.338
378      161.13     169.209
379      161.13     169.013
380      161.13     168.833
381      161.13     168.578
382      161.13     168.399
383      161.13      168.31
384      161.13     168.248
385      161.13     168.079
386      161.13     167.873
387     158.442      167.76
388     158.442     167.743
389     158.442     167.595
390     158.442       167.5
391     158.442     167.448
392     158.442     167.308
393     158.442     167.181
394     158.442     167.106
395     158.442     166.933
396     158.442     166.813
397     158.442     166.676
398     158.442     166.488
399     156.166      166.28
400     156.166     166.001
401     156.166     165.879
402     156.166      165.75
403     156.166      165.63
404     156.166     165.551
405     156.166     165.412
406     156.166     165.217
407     156.166      165.04
408     156.166     164.902
409     153.534     164.604
410     153.534     164.299
411     153.534     163.992
412     153.534      163.77
413     152.892      163.37
414     149.878     163.067
415     149.878     162.831
416     149.878     162.537
417     149.878     162.373
418     149.878     162.105
419     149.878      161.87
420     149.878     161.664
421     149.878      161.39
422     149.878     161.021
423     149.878     160.713
424     149.878     160.477
425     149.878     160.286
426     149.878      160.05
427     146.071     159.728
428     146.071     159.685
429     146.071     159.393
430     146.071     159.117
431     146.071     158.849
432     146.071     158.709
433     146.071     158.446
434     146.071     158.216
435     145.154     157.973
436     145.154     157.513
437     145.154     157.268
438     145.154      157.05
439     145.154     156.813
440     145.154     156.501
441     145.154     156.204
442     145.154      155.81
443     145.154     155.572
444     144.189     155.309
445     144.189     154.933
446     144.189     154.686
447     144.189     154.362
448     142.219     154.055
449     142.219     153.759
450     142.219     153.426
451     142.219     153.139
452     140.753     152.752
453     140.753     152.301
454     140.753     151.896
455     140.753     151.544
456     140.753     151.236
457     140.753     150.887
458     139.731     150.627
459     139.597     150.098
460     139.597     149.838
461     139.597     149.315
462     139.597     148.877
463     139.597     148.454
464     139.597     148.077
465     138.678     147.757
466     138.678     147.229
467     138.678     146.811
468     138.678      146.44
469     138.678     146.144
470     137.388     145.863
471     137.388     145.493
472     137.388     145.196
473     135.914     144.966
474     135.914     144.645
475     135.914     144.328
476     135.914     144.157
477     132.649     143.833
478     132.649     143.414
479     132.649     143.125
480     132.649     142.947
481     132.649     142.873
482     132.649     142.662
483     132.649     142.321
484     132.649     142.107
485     132.649     141.793
486     132.649      141.53
487     132.649     141.193
488     132.218     140.765
489     132.218     140.504
490     132.218     140.286
491     132.218     140.012
492     132.218     139.799
493     131.846     139.639
494     131.846     139.386
495     131.846      139.09
496     131.846     138.972
497     130.722     138.714
498     130.722     138.588
499     130.683     138.312
500     130.683     138.169
501     130.683     137.969
502     130.683     137.712
503     130.683     137.613
504     130.683     137.313
505     130.453     137.036
506     130.453     136.771
507     130.453     136.578
508     130.453     136.402
509     130.453     136.152
510     129.879     135.935
511     129.552     135.773
512     129.552     135.608
513     129.521     135.385
514     128.497     135.196
515     128.497     134.875
516     128.497     134.737
517     128.497     134.559
518     128.497     134.402
519     128.497     134.123
520     128.497     133.973
521     127.229       133.9
522     127.229     133.751
523     127.229     133.564
524     127.229     133.426
525     127.229     133.201
526     127.229     133.075
527     127.229     132.918
528     127.229     132.789
529     127.229     132.654
530     127.229     132.519
531     127.229     132.367
532     127.229     132.225
533     126.282     131.921
534     126.282      131.78
535     126.282     131.683
536     126.282     131.505
537     126.282     131.437
538     126.187     131.237
539     126.187     131.044
540     126.187     130.927
541     126.159     130.824
542     125.715     130.628
543     125.715      130.47
544     125.715     130.365
545     125.504     130.297
546     125.504     130.163
547     125.504      130.07
548     124.246     129.934
549     124.246     129.848
550     124.246     129.713
551     124.246     129.576
552     124.246     129.416
553     124.246     129.384
554     124.246     129.231
555     124.246     129.168
556     124.246     128.983
557     124.246     128.875
558     124.246     128.789
559     124.246     128.714
560     124.246     128.571
561     124.246     128.442
562     124.246     128.351
563     124.246     128.241
564     124.246     128.115
565     124.246     128.047
566     124.246     127.951
567     123.354     127.839
568     123.354     127.821
569     123.354     127.641
570     123.354     127.533
571     123.354     127.442
572      122.85     127.312
573      122.85     127.304
574      122.85     127.331
575      122.85      127.34
576      122.85     127.178
577      122.85     127.022
578      122.85     126.949
579      122.85     126.901
580      122.85     126.861
581      122.85     126.801
582      122.85     126.707
583     122.727     126.642
584     122.727     126.587
585     122.727     126.545
586     122.727     126.475
587     122.727     126.339
588     122.727     126.281
589     121.625     126.203
590     121.625     126.119
591     121.625     126.068
592     121.625     125.958
593     121.625     125.845
594     121.625     125.781
595     121.399     125.708
596     121.399     125.672
597     121.399     125.681
598     121.399     125.641
599     121.399     125.561
600     121.399     125.507
601     121.399     125.474
602     121.399     125.452
603     121.399     125.394
604     121.399     125.366
605     121.252      125.32
606     121.252     125.235
607     121.252     125.156
608     121.252       125.1
609     121.035     125.007
610     120.792     124.927
611     120.792     124.876
612     120.792      124.78
613     120.792     124.677
614     120.792      124.54
615     120.787     124.433
616     120.787     124.371
617     120.787     124.265
618     120.787     124.169
619     120.787     124.125
620     120.787      124.03
621     120.787     123.994
622     120.787      123.88
623     120.787     123.753
624     120.787     123.643
625     120.787      123.56
626     120.787     123.384
627     120.741     123.309
628     120.381     123.212
629     120.239     123.112
630     120.239     123.015
631     120.239      122.97
632     120.239      122.93
633     120.239     122.888
634     120.239     122.833
635     120.239     122.762
636     120.239     122.696
637     120.239     122.601
638     120.239     122.601
639     120.239     122.582
640     120.239     122.522
641     120.239     122.458
642     119.616      122.38
643     119.612     122.312
644     119.612     122.301
645     119.612     122.302
646     119.612      122.28
647     119.612     122.276
648     119.612     122.228
649     119.612      122.28
650     119.612     122.218
651     119.612     122.182
652     119.612      122.14
653     119.612     122.045
654     119.612     122.055
655     119.612     122.014
656     119.612     122.027
657     119.612     121.995
658     119.612      121.92
659     119.612     121.904
660     119.612     121.864
661     119.612     121.809
662     119.612     121.779
663     119.612     121.744
664     119.612     121.729
665     119.612     121.725
666     119.607     121.698
667     119.607      121.67
668     119.348     121.722
669     119.348     121.671
670     119.348     121.635
671     119.348     121.627
672     119.348     121.603
673     119.063     121.545
674     119.063     121.469
675     119.063     121.408
676     119.063     121.367
677     119.063     121.321
678     119.063     121.288
679     119.063     121.223
680     119.063     121.162
681     119.001     121.112
682     119.001     121.047
683      118.28     120.974
684      118.28     120.918
685      118.28     120.908
686      118.28     120.876
687      118.28     120.801
688     118.224     120.793
689     118.224     120.762
690     118.224     120.709
691     118.224     120.655
692     118.224     120.611
693     118.224     120.553
694     118.224     120.442
695     118.174     120.414
696     118.174     120.343
697     118.174     120.254
698     118.174     120.209
699     118.174     120.118
700     117.073     120.041
701     117.073     119.898
702     117.073     119.757
703     117.073     119.641
704     117.073     119.589
705     117.073     119.504
706     117.073     119.416
707     117.073     119.367
708     117.073     119.284
709     117.073     119.195
710     117.073     119.138
711     117.018     119.074
712     117.018     119.036
713     117.018     118.944
714     116.242     118.819
715     116.242     118.758
716     116.242     118.705
717     116.242     118.636
718     116.242     118.545
719     116.242     118.501
720     116.054     118.474
721     116.054     118.439
722     116.054     118.414
723     115.527     118.316
724     115.527     118.264
725     115.527     118.197
726     115.196     118.084
727     115.196     118.028
728     115.196     117.956
729     114.303     117.803
730     114.303     117.746
731     114.303     117.599
732     114.303     117.489
733     114.303     117.389
734     114.303     117.329
735     114.303     117.242
736     114.303     117.162
737     114.303     117.097
738     114.303     116.999
739     114.303     116.942
740     114.303      116.93
741     114.303     116.846
742     114.303     116.802
743     114.303      116.74
744     114.303     116.719
745     114.303     116.664
746     114.002     116.583
747     114.002     116.503
748     114.002     116.381
749     114.002     116.289
750     114.002     116.214
751     114.002     116.187
752     114.002     116.111
753     114.002     116.014
754     114.002     115.944
755     114.002     115.899
756     114.002     115.865
757     114.002     115.817
758     114.002     115.676
759     114.002     115.622
760     114.002     115.613
761     114.002     115.557
762     114.002     115.493
763     114.002     115.433
764     114.002     115.412
765     114.002     115.384
766     114.002     115.377
767     113.685     115.341
768     113.685       115.3
769     113.685     115.283
770     113.685     115.249
771     113.645     115.224
772     113.645     115.191
773     113.645      115.16
774     113.645     115.131
775     113.645     115.111
776     113.645     115.087
777     113.645      115.07
778     113.645     115.056
779     113.645     115.048
780     113.645     115.004
781     113.645     114.976
782     113.645     114.959
783     113.645     114.939
784     113.645     114.923
785     113.645     114.917
786     113.645     114.895
787     113.645     114.893
788     113.645      114.88
789     113.645     114.868
790     113.645     114.858
791     113.645     114.858
792     113.645     114.855
793     113.533     114.824
794     113.533     114.817
795     113.533     114.826
796     113.533     114.821
797     113.533     114.835
798     113.533     114.783
799     113.533     114.782
800     113.533     114.813
801     112.266     114.764
802     112.266      114.77
803     112.266      114.74
804     112.266     114.723
805     112.266     114.717
806     112.266      114.68
807     112.266     114.649
808     112.266     114.601
809     112.266      114.58
810     112.266     114.559
811     112.266     114.536
812     112.266      114.49
813     112.266     114.471
814     112.266     114.451
815     112.266     114.422
816     112.266       114.4
817     112.266     114.369
818     112.266     114.337
819     112.266     114.299
820     112.266     114.274
821     112.266     114.253
822     112.266     114.234
823     111.871     114.212
824     111.871     114.177
825     111.871     114.178
826     111.871     114.173
827     111.871     114.158
828     111.871     114.114
829     111.871     114.099
830     111.871     114.089
831     111.795      114.08
832     111.795     114.085
833     111.299     114.033
834     111.299     114.005
835     111.299     113.973
836     111.299     114.027
837     111.299     113.964
838     111.299     113.943
839     111.299     113.905
840     111.299     113.818
841     111.299     113.786
842     111.299      113.72
843     111.299     113.649
844     111.299     113.605
845     111.299      113.58
846     111.299     113.546
847     111.299     113.499
848     111.299     113.459
849     111.299     113.392
850     111.063     113.355
851     111.063     113.291
852     111.063      113.22
853     111.063     113.201
854     111.063     113.225
855     111.063     113.184
856     111.063     113.174
857     111.063     113.135
858     110.996     113.118
859     110.996     113.071
860     110.072     113.035
861     110.072     112.933
862     110.072     112.885
863     110.072     112.851
864     110.072     112.845
865     110.072     112.828
866     110.072     112.791
867     110.072     112.706
868     110.072     112.649
869     110.072     112.631
870     110.072     112.515
871     110.072     112.413
872     110.072     112.324
873     110.072     112.211
874     110.053     112.126
875     110.053     112.065
876     109.322      111.87
877     109.322     111.837
878     109.253     111.649
879     109.218     111.451
880     109.218      111.34
881     109.218     111.265
882     108.798     111.162
883     108.798     111.108
884     108.798     111.009
885     108.798     110.949
886     108.798     110.867
887     108.798     110.819
888     108.798       110.8
889     108.798     110.697
890     108.694     110.622
891     108.019     110.542
892     108.019     110.459
893     108.019     110.367
894     108.019     110.276
895     106.867     110.194
896     106.867     110.129
897     106.867     109.999
898     106.867     109.875
899     106.867     109.797
900     106.867     109.728
901     106.867      109.62
902     106.867     109.569
903     106.867     109.472
904     106.867     109.401
905     106.867     109.308
906     106.867      109.21
907     106.867     109.112
908     106.867     109.046
909     106.867     108.997
910     106.867     108.891
911     106.867     108.828
912     106.867       108.7
913     106.867     108.608
914     106.867     108.542
915     106.867     108.457
916     106.867     108.402
917     106.867     108.283
918     106.827     108.272
919     106.827     108.254
920     106.419     108.229
921     106.419     108.173
922     106.419     108.142
923     106.419     108.089
924     106.419     108.058
925     106.419      107.99
926     106.419     107.945
927     106.419      107.93
928     106.419      107.89
929     106.419     107.859
930     106.306     107.843
931     106.306     107.811
932     106.306     107.778
933     106.306     107.754
934     106.306     107.727
935     106.012     107.698
936     106.012      107.67
937     105.206      107.63
938     105.206     107.592
939     105.206     107.565
940     105.206     107.519
941     105.206     107.484
942     105.206     107.456
943     105.206     107.424
944     105.206     107.389
945     105.206     107.374
946     105.206     107.333
947     105.206     107.302
948     105.206     107.278
949     105.206     107.246
950     105.206     107.219
951     105.206     107.201
952     105.206     107.188
953     105.206     107.172
954     105.206      107.17
955     105.206     107.172
956     105.206     107.128
957     105.206     107.115
958     105.206     107.087
959     105.206     107.064
960     105.206     107.033
961     105.206     107.005
962     105.206     106.979
963     105.206     106.983
964     105.206     106.992
965     105.206     106.962
966     105.206     106.937
967     105.206     106.899
968     105.206     106.881
969     105.206     106.879
970     105.206     106.841
971     104.682      106.83
972     104.682     106.807
973     104.682     106.818
974     104.682     106.746
975     104.682     106.702
976     104.682     106.687
977     104.682     106.629
978     104.682     106.609
979     104.682     106.578
980     104.682     106.556
981     104.682     106.519
982     104.266     106.471
983     103.992     106.407
984     103.992     106.352
985     103.992     106.314
986     103.992     106.252
987     103.992     106.246
988     103.765      106.18
989     103.765     106.166
990     103.765     106.082
991     103.765     106.008
992     103.432     105.945
993     102.739      105.87
994     102.739     105.817
995     102.443     105.745
996     102.443     105.659
997     102.443     105.548
998     102.443     105.513
999     102.443     105.441
1000     102.443     105.372
1001     102.363     105.286
1002     102.363     105.243
1003     102.363     105.156
1004     101.961     105.056
1005     101.961     105.031
1006     101.961     104.921
1007     101.961     104.854
1008     101.961     104.748
1009     101.961     104.683
1010     101.746     104.616
1011     101.746     104.521
1012     101.582     104.409
1013     101.582     104.359
1014     101.582     104.224
1015     101.473     104.214
1016     100.859      104.13
1017     100.807     104.073
1018     100.442     103.886
1019     100.442     103.766
1020     100.308     103.628
1021     100.308      103.53
1022     100.308     103.508
1023      98.564     103.391
1024      98.564     103.296
1025      98.564     103.157
1026      98.564     103.068
1027      98.564     102.913
1028      98.564     102.755
1029      98.564     102.662
1030      98.564     102.434
1031      98.564     102.319
1032      98.564     102.227
1033      98.564     102.022
1034     97.8673     101.914
1035     97.8673     101.765
1036     97.8673     101.612
1037     97.7921     101.499
1038     97.7921     101.376
1039     97.7921     101.205
1040     97.7921     101.113
1041     97.7921     100.957
1042     97.7921     100.852
1043     97.7921     100.781
1044     97.3969     100.588
1045     97.3969     100.521
1046     97.3969     100.467
1047     97.3969     100.375
1048     97.3969     100.266
1049     97.3969     100.152
1050     97.3969     100.077
1051     97.2527     99.9267
1052     97.2159     99.8878
1053     97.2159     99.8037
1054     97.2159     99.7414
1055     97.2159     99.6874
1056     96.4758      99.524
1057     96.4758     99.4435
1058     96.4758     99.3612
1059     96.4758     99.2425
1060     96.4758      99.163
1061     96.4758     99.0861
1062     96.4758     99.0251
1063     96.4758     98.9108
1064     96.4758     98.7825
1065     96.4758     98.7347
1066     96.4758     98.6024
1067     96.4758     98.4431
1068     96.4758     98.3581
1069     96.4758     98.2713
1070     96.4758     98.1937
1071     96.4758     98.1068
1072     96.4758     98.0265
1073     96.4758     97.9606
1074     96.4758     97.9257
1075     96.4758     97.8487
1076      95.975     97.7836
1077      95.975     97.7349
1078      95.975     97.6702
1079      95.975     97.6057
1080     95.8919     97.5456
1081     95.8919     97.4706
1082     95.8919     97.3818
1083     95.8919     97.3113
1084     95.8919     97.2418
1085      95.747     97.2168
1086      95.747     97.1821
1087      95.747     97.1352
1088      95.745     97.0821
1089      95.745     97.0433
1090      95.745     97.0312
1091      95.745     97.0012
1092      95.745     96.9726
1093     95.6959      96.941
1094     95.6523     96.8826
1095     95.6523     96.8247
1096     95.6523     96.8003
1097     95.6523     96.7699
1098     94.9727     96.7184
1099     94.9727     96.6457
1100     94.9727     96.5916
1101     94.9727     96.5568
1102     94.9727     96.4902
1103     94.9727     96.4388
1104     94.9727     96.3955
1105     94.9727     96.3613
1106     94.9727     96.2808
1107     94.9727     96.2254
1108      94.904     96.1931
1109      94.878     96.1427
1110      94.878     96.0796
1111      94.878     96.0322
1112      94.878     95.9758
1113     94.8082     95.9178
1114     94.7949      95.822
1115     94.7949      95.745
1116     94.7949     95.6585
1117     94.7949     95.6352
1118     94.7949     95.5691
1119     94.7949     95.5495
1120     94.7949     95.5147
1121     94.7949     95.4587
1122     94.7949     95.3934
1123     94.7949     95.3391
1124     94.7949     95.2724
1125     94.7949     95.2519
1126     94.7949     95.2306
1127     94.7949     95.2154
1128     94.7949     95.1891
1129     94.7949     95.1361
1130     94.7949      95.104
1131     94.7949     95.0693
1132     94.7949     95.0259
1133     94.7949     95.0015
1134     94.7949     94.9677
1135     94.7949     94.9414
1136     94.7949     94.9172
1137     94.7949     94.8983
1138     94.7949     94.8886
1139     94.7949     94.8843
1140     94.7949     94.8799
1141     94.7949     94.8694
1142      94.675     94.8581
1143      94.675     94.8537
1144      94.675     94.8499
1145      94.675     94.8434
1146      94.675     94.8367
1147      94.675     94.8328
1148      94.675      94.828
1149      94.675     94.8237
1150      94.675     94.8216
1151      94.675     94.8167
1152      94.675     94.8161
1153      94.675     94.8143
1154      94.675     94.8101
1155      94.675     94.8071
1156      94.675      94.805
1157      94.675     94.8026
1158      94.675     94.7986
1159      94.675     94.7949
1160     94.3972     94.7885
1161     94.3972     94.7829
1162     94.3972     94.7721
1163     94.3972     94.7647
1164     94.3972     94.7552
1165     94.1486     94.7483
1166     94.1486     94.7411
1167     94.1486     94.7369
1168     94.1486     94.7322
1169     94.1486      94.728
1170     94.1486     94.7248
1171     94.1486     94.7193
1172     94.1486     94.7122
1173     94.1486      94.709
1174     94.1486     94.7025
1175     94.1486     94.6974
1176     94.1486     94.6899
1177     94.1486       94.68
1178     94.1486     94.6659
1179     94.1486     94.6514
1180     94.1486     94.6361
1181      93.994     94.6151
1182      93.994     94.5979
1183      93.994     94.5824
1184     93.1591     94.5569
1185     93.1591     94.5286
1186     93.1591     94.5155
1187     93.1591     94.4872
1188     93.1591     94.4614
1189     93.1591     94.4389
1190     93.1591      94.421
1191     93.1591      94.389
1192     93.1591     94.3713
1193     93.1591     94.3598
1194     93.1591     94.3467
1195     93.1591     94.3292
1196     93.1591      94.299
1197     93.1591     94.2682
1198     93.1591     94.2518
1199     93.1591      94.236
1200     93.1591     94.2188
1201     93.1591     94.1731
1202     93.1591     94.1536
1203     93.1591     94.1197
1204     93.1591     94.0921
1205     93.1591      94.044
1206     93.1591          94
1207     93.1591     93.9522
1208     93.1591     93.9361
1209     93.1591     93.9206
1210     93.1591     93.8805
1211     93.1591     93.8176
1212     92.6984     93.7661
1213     92.2634     93.7327
1214     92.2634     93.7079
1215     92.2634     93.6869
1216     92.2634     93.6334
1217     92.2634     93.6061
1218     92.2634     93.5841
1219     92.2634     93.5743
1220     92.2634     93.5392
1221     92.2634     93.5016
1222     92.2634     93.4669
1223     92.2634     93.4276
1224     92.2634     93.4139
1225     92.2634     93.4005
1226     92.2634      93.377
1227     92.2634     93.3404
1228     92.2634     93.2964
1229     92.2634     93.2739
1230     91.6331     93.2416
1231     91.6331     93.2113
1232     91.6331     93.1907
1233     91.6331     93.1603
1234     91.6331     93.1288
1235     91.6331     93.0825
1236     91.2403      93.039
1237     91.2403     93.0076
1238      91.071     92.9744
1239      91.071     92.9973
1240      91.071     92.9488
1241      91.071     92.9222
1242     90.9618     92.8754
1243     90.1072     92.8472
1244     90.1072     92.7893
1245     90.1072     92.7871
1246     90.1072     92.7129
1247     90.1072     92.6567
1248     90.1072     92.5941
1249     90.1072     92.5627
1250     90.0478     92.5253
1251     90.0478      92.456
1252     90.0478     92.3865
1253     90.0478     92.3182
1254     89.5871     92.2604
1255     89.5871     92.1845
1256     89.5871     92.1316
1257     89.5871     92.0779
1258     89.5871     92.0112
1259     89.5871     91.9269
1260     89.5871     91.8257
1261     89.5871     91.7175
1262     89.2356     91.5994
1263     89.2356     91.4972
1264     89.2356     91.3528
1265     89.2356     91.2101
1266     89.2356     91.1641
1267     89.2356     91.0447
1268     89.2356     90.9804
1269     89.2356     90.9184
1270     89.2356     90.7887
1271     89.2356     90.7098
1272     89.2356     90.5927
1273     89.2356     90.5749
1274     89.2356     90.4961
1275     89.2356     90.3826
1276     89.2356     90.3345
1277     89.2356     90.2475
1278     89.2356     90.1544
1279     89.2356       90.05
1280     89.2356     89.9897
1281     89.2356     89.9199
1282     89.2356     89.8854
1283     89.2356     89.8117
1284     89.2356     89.7335
1285     89.2356     89.7085
1286     89.2356     89.6359
1287     88.7893     89.5662
1288     88.7893     89.5326
1289     88.7893     89.4745
1290     87.7603     89.4267
1291     87.7603     89.3925
1292     87.7603     89.3669
1293     87.7603     89.3428
1294     87.7603     89.3314
1295     87.7603     89.3154
1296     87.7603     89.3056
1297     87.7603      89.295
1298     87.7603     89.2817
1299     87.7603     89.2687
1300     87.7603     89.2515
1301     87.7603     89.2314
1302     87.7603     89.2172
1303     87.7603     89.2038
1304     87.7603      89.196
1305     87.7603     89.1843
1306     87.7603       89.17
1307     87.7603     89.1473
1308     87.7603     89.1369
1309     87.7603     89.1308
1310     87.7603     89.1285
1311     87.7603     89.1233
1312     87.7603     89.1084
1313     87.7603     89.0957
1314     87.7603     89.0756
1315     87.7603     89.0601
1316     87.7603     89.0534
1317     87.7603     89.0328
1318     87.7603     88.9988
1319     87.7603     88.9759
1320     87.7603     88.9512
1321     87.2885     88.9112
1322     87.2885       88.88
1323     87.2885     88.8417
1324     86.9322      88.812
1325     86.9322      88.777
1326     86.9322     88.7246
1327     86.9322     88.7084
1328     86.9322     88.6539
1329     86.9322     88.6087
1330     86.3182     88.5898
1331     86.3182     88.5542
1332     86.3182     88.5211
1333     86.3182     88.4587
1334     86.3182     88.3985
1335     86.3182     88.3611
1336     86.3182     88.3429
1337     86.3182     88.3196
1338     86.3182     88.2983
1339     86.3182     88.2481
1340     86.3182     88.2407
1341     86.3182     88.2223
1342     86.3182     88.1865
1343     86.3182     88.1446
1344     86.3182     88.1058
1345     86.3182     88.0611
1346     86.3182     88.0289
1347     86.3182     87.9862
1348     86.3182     87.9514
1349     86.3182     87.8677
1350     86.3182      87.827
1351     86.3182     87.7538
1352     86.3182     87.6832
1353     86.3182     87.6257
1354     86.3182     87.5959
1355     86.3182     87.5814
1356     86.3182     87.5251
1357     86.3182      87.478
1358     85.5319     87.4764
1359     85.5319     87.4037
1360     85.5319     87.3837
1361     85.5319     87.3435
1362     85.5319     87.2915
1363     85.5319     87.2635
1364     85.5319     87.2181
1365     85.5319     87.1399
1366     85.5319     87.1256
1367     85.5319     87.0852
1368     85.5319     87.0224
1369     85.5319     87.0072
1370     85.5319     86.9704
1371     85.5319     86.8993
1372     85.5319     86.8603
1373     85.5319     86.8157
1374     85.5319     86.7828
1375     85.5319     86.7592
1376     85.5319     86.7215
1377     85.5319     86.7083
1378     85.5319      86.672
1379     85.5319     86.6557
1380     85.5319     86.6351
1381     85.5319     86.6228
1382     85.5319     86.6099
1383     85.5319     86.5942
1384     85.5319     86.5868
1385       85.07     86.5691
1386       85.07     86.5557
1387       85.07     86.5485
1388       85.07     86.5446
1389       85.07     86.5374
1390       85.07     86.5369
1391       85.07     86.5369
1392       85.07     86.5369
1393       85.07     86.5369
1394       85.07     86.5369
1395       85.07     86.5369
1396       85.07     86.5369
1397       85.07     86.5369
1398       85.07     86.5369
1399       85.07     86.5369
1400       85.07     86.5369
1401       85.07     86.5369
1402       85.07      86.534
1403       85.07      86.534
1404       85.07      86.534
1405       85.07      86.534
1406       85.07      86.534
1407       85.07      86.534
1408       85.07      86.534
1409       85.07      86.534
1410       85.07      86.534
1411       85.07      86.534
1412       85.07      86.534
1413       85.07      86.534
1414       85.07      86.534
1415       85.07      86.534
1416       85.07      86.534
1417       85.07      86.534
1418       85.07      86.534
1419       85.07      86.534
1420       85.07      86.534
1421       85.07      86.534
1422       85.07      86.534
1423       85.07      86.534
1424       85.07      86.534
1425       85.07      86.534
1426       85.07      86.534
1427       85.07      86.534
1428       85.07      86.534
1429       85.07      86.534
1430       85.07      86.534
1431       85.07      86.534
1432       85.07      86.534
1433       85.07      86.534
1434       85.07      86.534
1435       85.07      86.534
1436       85.07      86.534
1437       85.07      86.534
1438       85.07      86.534
1439       85.07      86.534
1440       85.07      86.534
1441       85.07      86.534
1442       85.07      86.534
1443       85.07      86.534
1444       85.07      86.531
1445       85.07      86.531
1446       85.07      86.531
1447       85.07      86.531
1448       85.07      86.531
1449       85.07      86.531
1450       85.07      86.531
1451       85.07      86.531
1452       85.07      86.531
1453       85.07      86.531
1454       85.07      86.531
1455       85.07      86.531
1456       85.07      86.531
1457       85.07      86.531
1458       85.07      86.531
1459       85.07      86.531
1460       85.07      86.531
1461       85.07      86.531
1462       85.07      86.531
1463       85.07      86.531
1464       85.07      86.531
1465       85.07      86.531
1466       85.07      86.531
1467       85.07      86.531
1468       85.07      86.531
1469       85.07      86.531
1470       85.07      86.531
1471       85.07      86.531
1472       85.07      86.531
1473       85.07      86.531
1474       85.07      86.531
1475       85.07      86.531
1476       85.07      86.531
1477       85.07      86.531
1478       85.07      86.531
1479       85.07      86.531
1480       85.07     86.5281
1481       85.07     86.5281
1482       85.07     86.5281
1483       85.07     86.5281
1484       85.07     86.5293
1485       85.07     86.5281
1486       85.07     86.5261
1487       85.07     86.5261
1488       85.07     86.5261
1489       85.07     86.5261
1490       85.07     86.5261
1491       85.07     86.5261
1492       85.07     86.5261
1493       85.07     86.5261
1494       85.07     86.5261
1495       85.07     86.5261
1496       85.07     86.5261
1497       85.07     86.5261
1498       85.07     86.5261
1499       85.07     86.5261
1500       85.07     86.5261
1501       85.07     86.5256
1502       85.07     86.5256
1503       85.07     86.5256
1504       85.07     86.5256
1505       85.07     86.5256
1506       85.07     86.5256
1507       85.07     86.5256
1508       85.07     86.5256
1509       85.07     86.5256
1510       85.07     86.5256
1511       85.07     86.5256
1512       85.07     86.5256
1513       85.07     86.5256
1514       85.07     86.5256
1515       85.07     86.5256
1516       85.07     86.5256
1517       85.07     86.5256
1518       85.07     86.5256
1519       85.07     86.5244
1520       85.07     86.5244
1521       85.07     86.5241
1522       85.07     86.5241
1523       85.07     86.5241
1524       85.07     86.5241
1525       85.07     86.5241
1526       85.07     86.5241
1527       85.07     86.5233
1528       85.07     86.5225
1529       85.07     86.5225
1530       85.07     86.5213
1531       85.07     86.5198
1532       85.07      86.519
1533       85.07     86.5182
1534       85.07     86.5163
1535       85.07     86.5159
1536       85.07     86.5149
1537       85.07     86.5127
1538       85.07     86.5108
1539       85.07     86.5072
1540       85.07     86.5022
1541       85.07     86.4972
1542       85.07     86.5069
1543       85.07     86.4877
1544       85.07     86.4776
1545       85.07     86.4672
1546       85.07     86.4573
1547       85.07     86.4461
1548       85.07     86.4362
1549       85.07     86.4184
1550       85.07     86.4092
1551       85.07     86.3952
1552       85.07     86.3786
1553       85.07     86.3712
1554       85.07     86.3586
1555       85.07       86.35
1556       85.07     86.3436
1557       85.07     86.3387
1558       85.07     86.3274
1559       85.07     86.3145
1560       85.07     86.3104
1561       85.07     86.3034
1562       85.07     86.2969
1563       85.07     86.2904
1564       85.07     86.2855
1565       85.07      86.271
1566       85.07     86.2588
1567       85.07     86.2483
1568       85.07     86.2385
1569       85.07      86.228
1570       85.07     86.2272
1571       85.07     86.2159
1572       85.07     86.2053
1573       85.07      86.194
1574       85.07     86.1929
1575       85.07     86.1912
1576       85.07     86.1823
1577       85.07     86.1791
1578       85.07     86.1734
1579       85.07     86.1637
1580       85.07     86.1628
1581       85.07     86.1587
1582       85.07     86.1521
1583       85.07     86.1391
1584       85.07     86.1323
1585       85.07     86.1267
1586       85.07     86.1244
1587       85.07     86.1278
1588       85.07     86.1221
1589       85.07      86.122
1590       85.07     86.1216
1591       85.07     86.1215
1592       85.07     86.1212
1593       85.07     86.1189
1594       85.07     86.1182
1595       85.07      86.118
1596       85.07     86.1179
1597       85.07     86.1179
1598       85.07     86.1174
1599       85.07     86.1168
1600       85.07     86.1163
1601       85.07     86.1155
1602       85.07     86.1145
1603       85.07     86.1132
1604       85.07     86.1118
1605       85.07     86.1093
1606       85.07     86.1061
1607       85.07     86.1048
1608       85.07     86.1037
1609       85.07     86.1017
1610       85.07     86.0998
1611       85.07     86.0986
1612       85.07     86.0979
1613       85.07     86.0969
1614       85.07     86.0948
1615       85.07     86.0942
1616       85.07     86.0928
1617       85.07     86.0922
1618       85.07     86.0908
1619       85.07     86.0898
1620       85.07     86.0881
1621       85.07     86.0857
1622       85.07     86.0843
1623       85.07     86.0841
1624       85.07     86.0891
1625       85.07     86.0841
1626       85.07     86.0831
1627       85.07     86.0822
1628       85.07     86.0805
1629       85.07       86.08
1630       85.07     86.0794
1631       85.07      86.078
1632       85.07     86.0765
1633       85.07     86.0763
1634       85.07     86.0753
1635       85.07     86.0738
1636       85.07      86.072
1637       85.07     86.0737
1638       85.07     86.0717
1639       85.07     86.0716
1640       85.07     86.0706
1641       85.07     86.0691
1642       85.07     86.0686
1643       85.07     86.0679
1644       85.07     86.0663
1645       85.07     86.0658
1646       85.07     86.0649
1647       85.07     86.0649
1648       85.07     86.0644
1649       85.07     86.0629
1650       85.07     86.0609
1651     84.6031     86.0571
1652     84.6031     86.0556
1653     84.6031      86.053
1654     84.6031     86.0519
1655     84.6031     86.0519
1656     84.6031     86.0518
1657     84.6031     86.0518
1658     84.6031     86.0517
1659     84.6031     86.0517
1660     84.6031     86.0515
1661     84.6031     86.0529
1662     84.6031     86.0513
1663     84.6031      86.051
1664     84.6031     86.0508
1665     84.6031     86.0506
1666     84.6031     86.0501
1667     84.6031     86.0498
1668     84.6031     86.0495
1669     84.6031     86.0493
1670     84.6031     86.0486
1671     84.6031     86.0478
1672     84.6031      86.047
1673     84.6031      86.046
1674     84.6031     86.0441
1675     84.6031     86.0419
1676     84.6031     86.0402
1677     84.6031     86.0392
1678     84.6031     86.0382
1679     84.6031     86.0377
1680     84.6031     86.0369
1681     84.6031     86.0358
1682     84.6031     86.0351
1683     84.6031      86.034
1684     84.6031     86.0307
1685     84.6031     86.0306
1686     84.6031     86.0293
1687     84.6031     86.0292
1688     84.6031     86.0293
1689     84.6031     86.0292
1690     84.6031     86.0259
1691     84.6031     86.0245
1692     84.6031     86.0233
1693     84.6031     86.0221
1694     84.6031     86.0215
1695     84.6031     86.0215
1696     84.6031     86.0213
1697     84.6031      86.021
1698     84.6031     86.0209
1699     84.6031       86.02
1700     84.6031     86.0192
1701     84.6031     86.0189
1702     84.6031     86.0183
1703     84.6031     86.0184
1704     84.6031     86.0152
1705     84.6031     86.0122
1706     84.6031     86.0107
1707     84.6031     86.0092
1708     84.6031     86.0087
1709     84.6031     86.0075
1710     84.6031     86.0085
1711     84.6031     86.0067
1712     84.6031     86.0057
1713     84.6031     86.0055
1714     84.6031     86.0053
1715     84.5537     86.0018
1716     84.5537          86
1717     84.5537      85.999
1718     84.5537     85.9986
1719     84.5537     86.0031
1720     84.5537      85.998
1721     84.5537     85.9974
1722     84.5537     86.0082
1723     84.5537     85.9964
1724     84.5537      85.996
1725     84.5537     85.9995
1726     84.5537     85.9955
1727     84.5537     86.0067
1728     84.5537     85.9988
1729     84.5537     86.0415
1730     84.5537     86.0133
1731     84.5537     85.9993
1732     84.5537     85.9951
1733     84.5537     85.9928
1734     84.5537     85.9918
1735     84.5537     85.9947
1736     84.5537     85.9907
1737     84.5537     85.9901
1738     84.5537     85.9969
1739     84.5537     85.9801
1740     84.5537     85.9767
1741     84.5537     85.9825
1742     84.5537     85.9894
1743     84.5537     85.9754
1744     84.5537     85.9727
1745     84.5537     85.9632
1746     84.5537     85.9559
1747     84.5537     85.9669
1748     84.5537     85.9542
1749     84.5537     85.9474
1750     84.5537     85.9392
1751     84.5537     85.9391
1752     84.5537     85.9253
1753     84.5537     85.9291
1754     84.5537     85.9351
1755     84.5537     85.9223
1756     84.5537      85.947
1757     84.5537      85.923
1758     84.5537     85.9068
1759     84.5537     85.9212
1760     84.5537     85.9202
1761     84.5537     85.9172
1762     84.5537      85.891
1763     84.5537     85.8999
1764     84.5537      86.108
1765     84.5537     86.0662
1766     84.5537     86.0182
1767     83.7393     86.0371
1768     83.7393     86.0241
1769     83.7393      85.993
1770     83.7393     85.9517
1771     83.7393     85.9741
1772     83.7393      85.917
1773     83.7393     85.9249
1774     83.7393     85.8761
1775     83.7393     85.8082
1776     83.7393     85.7881
1777     83.7393     85.7817
1778     83.7393     85.7418
1779     83.7393     85.8169
1780     83.7393     85.7499
1781     83.7393      85.712
1782     83.7393     85.7343
1783     83.7393     85.7266
1784     83.7393     85.7786
1785     83.7393     85.7793
1786     83.7393     85.7654
1787     83.7393     85.7209
1788     83.7393     85.7196
1789     83.7393      85.726
1790     83.7393     85.7184
1791     83.7393     85.7395
1792     83.7393      85.732
1793     83.7393     85.7269
1794     83.7393       85.77
1795     83.7393     85.7299
1796     83.7393     85.7559
1797     83.7393       85.73
1798     83.7393     85.7102
1799     83.7393     85.6575
1800     83.7393     85.6805
1801     83.7393     85.6772
1802     83.7393     85.5687
1803     83.7393     85.4915
1804     83.7393     85.3962
1805     83.7393     85.3392
1806     83.7393      85.291
1807     83.1047     85.2557
1808     83.1047     85.2004
1809     83.1047     85.1212
1810     83.1047      85.066
1811     83.1047     85.0418
1812     83.1047     84.9276
1813     83.1047     84.8328
1814     83.1047     84.7661
1815     83.1047     84.6785
1816     83.1047     84.5947
1817     83.1047     84.5446
1818     83.1047     84.5344
1819     83.1047     84.4945
1820     83.1047     84.4975
1821     83.1047     84.4375
1822     83.1047     84.4013
1823     83.1047     84.4008
1824     83.1047     84.3543
1825     83.1047     84.2982
1826     83.1047     84.2551
1827     83.1047     84.2427
1828     83.1047     84.1973
1829     83.1047     84.1215
1830     83.1047     84.0693
1831     83.1047     83.9709
1832     83.1047     83.8975
1833     83.1047     83.8126
1834     83.1047     83.7574
1835     83.1047     83.6985
1836     83.1047     83.6171
1837     83.1047     83.5927
1838     83.1047     83.5659
1839     83.1047     83.5485
1840     83.1047     83.5118
1841     83.1047     83.4809
1842     83.1047     83.4584
1843     83.1047     83.4257
1844     83.1047     83.4041
1845     83.1047     83.3696
1846     83.1047     83.3528
1847     83.1047     83.3331
1848     83.1047      83.303
1849     83.1047     83.2948
1850     83.1047     83.2687
1851     83.1047     83.2541
1852     83.1047     83.2264
1853     83.1047      83.215
1854     83.0565     83.1829
1855     83.0565     83.1666
1856     83.0565     83.1601
1857     83.0565     83.1519
1858     83.0565     83.1294
1859     83.0565     83.1122
1860     83.0565      83.106
1861     83.0565     83.1047
1862     83.0565     83.1045
1863     83.0565     83.1044
1864     83.0565     83.1044
1865     83.0565     83.1044
1866     83.0565     83.1043
1867     83.0565      83.104
1868     83.0565     83.1037
1869     83.0565     83.1034
1870     83.0565     83.1033
1871     83.0565     83.1031
1872     83.0565     83.1026
1873     83.0565     83.1018
1874     83.0565     83.1011
1875     83.0565     83.1003
1876     83.0565     83.0996
1877     83.0565     83.0978
1878     82.8205     83.0953
1879     82.8205     83.0924
1880     82.8205     83.0897
1881     82.8205     83.0878
1882     82.8205     83.0861
1883     82.8205     83.0849
1884     82.8205     83.0831
1885     82.8205     83.0816
1886     82.8205     83.0795
1887     82.8205     83.0787
1888     82.8205     83.0772
1889     82.8205     83.0756
1890     82.8205      83.074
1891     82.8205     83.0724
1892     82.8205       83.07
1893     82.8205     83.0695
1894     82.8205     83.0669
1895     82.8205     83.0642
1896     82.8205     83.0617
1897     82.8205     83.0599
1898     82.8205     83.0582
1899     82.8205     83.0579
1900     82.8205     83.0562
1901     82.8205     83.0545
1902     82.8205     83.0532
1903     82.7999      83.051
1904     82.7999     83.0492
1905     82.7999     83.0477
1906     82.7999     83.0465
1907     82.7999      83.045
1908     82.7999     83.0431
1909     82.7999     83.0412
1910     82.7651     83.0386
1911     82.7651     83.0338
1912     82.7651     83.0289
1913     82.7651     83.0265
1914     82.7651     83.0216
1915     82.7651     83.0133
1916     82.7651     83.0017
1917     82.7651     82.9901
1918     82.7651     82.9798
1919     82.7651     82.9716
1920     82.7651     82.9611
1921     82.6455     82.9514
1922     82.6455     82.9463
1923     82.6455     82.9387
1924     82.6455     82.9454
1925     82.6455     82.9305
1926     82.6455     82.9238
1927     82.6455     82.9149
1928     82.6455     82.9033
1929     82.6455     82.8967
1930     82.6455     82.8916
1931     82.6455      82.884
1932     82.6455     82.8791
1933     82.6455      82.867
1934     82.6455     82.8549
1935     82.6455     82.8487
1936     82.6455     82.8403
1937     82.6455     82.8292
1938     82.6455     82.8179
1939     82.6455     82.8101
1940     82.6455     82.8017
1941     82.6455     82.7963
1942     82.6455     82.7911
1943     82.6455     82.7829
1944     82.6455     82.7747
1945     82.6455     82.7718
1946     82.6455     82.7678
1947     82.6455     82.7647
1948     82.6455     82.7619
1949     82.6455     82.7593
1950     82.6455      82.754
1951     82.6455     82.7461
1952     82.6455     82.7381
1953     82.6455      82.733
1954     82.6455     82.7764
1955     82.6455     82.7242
1956     82.6455     82.7212
1957     82.6455     82.7162
1958     82.6455      82.715
1959     82.6455     82.7132
1960     82.6455     82.7106
1961     82.6455     82.7067
1962     82.6455     82.7043
1963     82.6455     82.7027
1964     82.6455     82.7015
1965     82.6455     82.6996
1966     82.6455      82.696
1967     82.6455     82.6945
1968     82.6455     82.6914
1969     82.6455     82.6883
1970     82.6455     82.6874
1971     82.6455     82.6835
1972     82.6455     82.6814
1973     82.6455     82.6761
1974     82.6455     82.6723
1975     82.6455      82.669
1976     82.6455     82.6647
1977     82.6455     82.6616
1978     82.6455      82.658
1979     82.6455     82.6551
1980     82.6455     82.6522
1981     82.4282      82.647
1982     82.4282     82.6451
1983     82.4282     82.6451
1984     82.3503     82.6445
1985     82.3503     82.6445
1986     82.3503     82.6439
1987     82.3503     82.6439
1988     82.3503     82.6429
1989     82.3503     82.6428
1990     82.3503     82.6428
1991     82.3503     82.6422
1992     82.3503     82.6412
1993     82.3503     82.6412
1994     82.3503     82.6404
1995     82.3503     82.6398
1996     82.3503      82.639
1997     82.3503     82.6378
1998     82.3503     82.6362
1999     82.3503     82.6343
