GEN:      BEST_LOSS:      AVERAGE_LOSS: 
0     433.513     499.937
1     433.513     492.088
2     431.916     484.344
3     414.205     477.219
4     414.205     471.129
5     407.342     465.856
6     407.342     460.405
7     406.548     455.384
8     405.768     450.239
9     389.274     445.674
10     389.274     440.712
11     358.535     436.781
12     358.535     432.995
13     358.535     429.995
14     358.535      426.61
15     358.535     423.947
16     358.535      421.09
17     358.535     418.088
18     358.535     415.159
19     358.535     412.807
20     358.535     410.356
21     358.535     408.122
22     358.535     405.654
23     358.535     403.338
24     358.535      400.87
25     358.535     398.271
26     358.535     395.759
27     358.535     393.584
28     356.163      391.74
29     356.163     389.966
30     346.644      388.35
31     346.644     386.601
32     346.644     384.784
33     346.644     383.104
34     346.644      381.57
35     346.644     379.941
36     346.644     378.046
37     346.644     376.417
38     346.644     374.644
39     346.644     373.342
40     344.642     371.737
41     344.642     371.051
42     344.642     369.935
43     344.642     368.743
44     344.642     367.716
45     344.642     366.431
46     334.029     364.951
47     334.029     363.814
48     329.061     362.532
49     329.061     361.123
50     323.789     359.799
51     323.789       358.3
52     323.789     357.235
53     323.176     355.325
54     321.878      353.87
55     318.734     352.415
56     318.734     350.562
57     316.752      349.31
58     316.752     347.791
59     316.752     346.506
60     316.416     345.254
61     303.965     343.665
62     303.965     341.839
63     303.965     340.395
64     303.965     338.677
65     303.965     337.081
66     296.045      335.77
67     296.045     333.956
68     296.045     331.929
69     291.198     329.969
70     291.198     327.957
71     291.198     325.713
72     291.198     323.734
73     291.198     321.664
74     291.198     320.062
75     291.198     318.075
76     285.281     316.215
77     285.281     314.829
78     285.281     312.951
79     285.281     311.605
80     285.281     310.169
81     279.296     308.786
82     278.082     307.592
83     278.082     306.169
84     278.082     304.844
85     278.082      303.85
86     269.701     302.693
87     269.701     301.697
88     269.701     300.452
89     269.701     299.355
90     263.231     298.412
91     263.231     297.622
92     263.231     296.754
93     263.231     295.833
94     263.231     294.884
95     263.231     293.984
96     263.231     293.244
97     263.231     292.913
98     263.231     292.302
99     263.231     291.573
100     263.231     290.766
101     263.231     290.185
102     263.231     289.423
103     263.231     288.629
104     263.231     288.117
105     261.371     287.408
106     261.371     286.733
107     259.851     286.239
108     259.613     285.393
109     259.613     284.636
110     259.613     283.721
111     249.164     283.249
112     249.164     282.288
113     249.164      281.55
114     249.164     280.866
115     249.164     280.156
116     249.164     279.212
117     249.164     278.339
118     248.773     277.348
119     248.773     276.626
120     248.773     275.934
121     248.773     275.065
122     248.773     274.103
123     248.773     273.412
124     248.773     272.468
125     248.773     271.693
126     248.773     271.027
127     244.918     270.048
128     244.918     269.413
129     244.918     268.582
130     244.918     267.957
131     244.918     267.296
132     244.918     266.821
133     244.918      266.35
134     244.918     265.672
135     242.712     264.865
136     241.049     264.141
137     241.049     263.229
138     241.049     262.681
139     241.049     261.951
140     241.049     261.461
141     241.049     260.825
142     241.049     260.344
143     241.049     259.887
144     241.049     259.511
145     239.999     258.926
146     239.999     258.381
147     239.999     257.894
148     239.999     257.582
149     239.946       257.1
150     239.946     256.737
151     239.946     256.323
152     234.936      255.94
153     234.568      255.29
154     234.568     255.029
155     234.568     254.612
156     227.641     254.124
157     227.641      253.39
158     227.641      252.58
159     227.641     252.085
160     227.641     251.265
161     222.008     250.642
162     222.008     249.903
163     222.008     249.153
164     222.008      248.54
165     222.008     247.861
166     222.008     247.195
167     222.008     246.413
168     222.008     245.668
169     222.008     244.809
170     222.008     243.989
171     222.008     243.302
172     220.741     242.634
173     220.629     241.838
174     220.629      241.08
175     220.629      240.26
176     217.626     239.509
177     217.626     238.813
178     217.626      238.22
179     217.626     237.482
180     217.626     237.105
181     217.626     236.834
182     212.787     236.163
183     212.787      235.68
184     212.787     235.042
185     212.787     234.377
186     212.787     233.822
187     212.787     233.782
188     212.787     233.316
189     212.787     232.755
190     212.787     232.175
191     212.787     231.778
192     206.572     231.081
193     206.572     230.589
194     206.572     230.076
195     206.572     229.722
196     206.572     229.135
197     206.572     228.658
198     206.572      227.92
199     206.572     227.345
200     206.572      226.87
201     206.572      226.15
202     206.572     225.551
203     206.311     224.982
204      205.62     224.483
205      205.62     224.061
206      205.62     223.524
207      205.62     223.086
208     205.462     222.626
209     202.777     221.939
210     202.777      221.39
211     202.777     220.934
212     201.442     220.381
213     201.442     219.957
214     201.442     219.295
215     201.442     218.876
216     201.442     218.499
217     201.442     217.923
218     201.442     217.683
219     201.061     217.393
220     200.619     216.561
221     200.619       216.1
222     200.619      215.82
223     200.619     215.385
224     200.619     215.049
225     200.619     214.754
226     200.619     214.332
227     200.619     213.859
228     200.619     213.773
229     200.619     213.517
230     200.619     213.099
231     200.619     212.747
232     194.364     212.396
233     194.364     211.962
234     194.364     211.589
235     193.704     211.237
236     193.704     211.019
237     193.704     210.574
238     193.704     210.234
239     193.704     209.792
240     193.704     209.454
241     193.704     209.044
242     193.704     208.404
243     193.704     207.931
244     193.704     207.515
245     193.704     207.288
246     193.704     206.924
247     193.704      206.63
248     193.704     206.163
249     193.704     205.825
250     193.704     205.316
251     193.046     204.969
252     193.046     204.677
253     190.165     204.371
254     187.709     203.977
255     187.709     203.465
256     187.709     202.951
257     187.709      202.47
258     187.709     201.904
259     187.709     201.589
260     185.629     201.102
261     185.629     200.735
262     182.874     200.367
263     182.874     200.173
264     182.874      199.82
265     179.745     198.968
266     179.745     198.405
267     179.745     197.854
268     179.745     197.346
269     179.745     196.767
270     179.745      196.26
271     176.438     195.876
272     176.438     195.341
273     176.358     194.787
274     176.358     194.367
275     176.358     193.862
276     176.358     193.215
277     172.549     192.568
278     172.549     191.859
279     172.549     191.123
280     172.549     190.423
281     172.549         190
282     172.549     189.396
283     172.549     189.067
284     172.549     188.533
285     172.549     188.017
286     172.549     187.637
287     172.549     187.146
288     172.549     186.808
289     172.549      186.43
290     172.549     185.936
291     172.549     185.403
292     172.549     185.221
293     172.549     184.721
294     168.198     184.193
295     168.198     183.838
296     168.198      183.58
297     168.198     183.066
298     168.198      182.66
299     168.198     182.159
300     168.198     181.696
301     166.246     181.055
302     166.246      180.85
303     166.246     180.537
304     166.246      180.17
305     166.246     179.823
306     166.246       179.5
307     166.246     179.218
308     166.246     179.043
309     166.246     178.821
310     166.246     178.437
311     166.246     177.968
312     166.246      177.63
313     164.412     177.157
314     164.412      176.87
315     164.412     176.597
316     164.412     176.128
317     164.412     175.854
318     164.412     175.612
319      163.74     175.169
320      163.74     174.988
321      163.74     174.973
322      163.74      174.75
323      163.74     174.555
324      163.74     174.363
325      163.74     174.119
326      163.74     173.898
327      163.74     173.622
328      163.74     173.463
329      163.74     173.296
330      162.68     173.094
331      162.68     172.752
332     156.647     172.474
333     156.647     172.075
334     156.647     171.835
335     156.647     171.305
336     156.647     171.039
337     156.647     170.782
338     156.647     170.576
339     156.647     170.245
340     156.647     169.926
341     156.647     169.712
342     155.849     169.257
343     155.849     168.948
344     155.849      168.61
345     155.849     168.362
346     155.849     168.032
347     155.849     167.572
348     155.466     167.422
349     155.466     167.136
350     155.466     166.831
351     155.466     166.516
352     155.466      166.32
353     155.466      166.03
354     155.466      165.74
355     154.528      165.65
356     154.528     165.403
357     154.528     165.079
358     154.528     164.661
359     154.528     164.385
360     154.528     164.057
361     153.598     163.732
362     153.598     163.448
363     153.598     163.161
364     153.598     162.994
365     152.647     162.578
366     152.647     162.159
367     149.768     161.797
368     149.768     161.508
369     149.768      161.11
370     149.768     160.864
371     148.645     160.499
372     148.645     160.008
373     148.645      159.66
374     147.959     159.283
375     147.959      159.03
376     147.959     158.608
377     147.425     158.155
378     147.425     157.993
379     147.425     157.533
380     143.928     157.197
381     143.928       156.7
382     143.928     156.337
383     143.928     155.993
384     143.681     155.635
385     143.681     155.333
386     143.681     154.988
387     143.681     154.742
388     143.681     154.273
389     143.316     153.739
390     143.316     153.317
391     143.316     153.008
392     142.266     152.603
393     141.465      152.17
394     141.465     151.809
395     141.465     151.368
396     141.465     151.086
397     141.292     150.665
398     141.292     150.178
399     141.292     149.888
400     139.834     149.547
401     139.834     149.305
402     139.834     148.864
403     139.834     148.606
404     139.834     148.485
405     139.834     148.332
406     139.834     148.105
407     139.834     147.796
408     139.834     147.583
409     137.343     147.264
410     137.343     147.072
411     137.343     146.863
412     137.343     146.585
413     137.343     146.258
414     137.343     146.113
415     137.343     146.042
416     137.343     145.742
417     137.343     145.582
418     137.343     145.371
419     137.343      145.18
420     137.343      145.06
421     137.343     144.935
422     137.291     144.776
423     137.291     144.679
424     137.291     144.536
425     137.291     144.385
426     137.291     144.183
427     137.291     143.962
428     137.291     143.887
429     137.291     143.736
430     137.291     143.563
431     137.291     143.397
432     137.291     143.166
433     137.291     143.005
434     137.291     142.795
435     137.291     142.661
436      137.24     142.536
437     136.824     142.434
438     136.824     142.238
439     135.799     142.131
440     135.799     142.042
441     135.799     141.834
442     135.799     141.698
443     134.629     141.567
444     134.629     141.503
445     134.629     141.346
446     134.629     141.269
447     134.629     141.113
448     134.629      141.05
449     134.629     140.973
450     134.629     140.859
451     134.629     140.689
452     134.629     140.544
453     134.629     140.355
454     134.629      140.22
455     134.629     140.121
456     134.547     140.015
457     134.547     139.871
458     134.461     139.645
459     132.017     139.493
460     132.017     139.265
461     132.017     139.086
462     132.017     138.892
463     130.088     138.637
464     130.088     138.449
465     130.088     138.258
466     130.088      138.11
467     130.088     137.917
468     130.088      137.94
469     130.088       137.8
470     130.088      137.52
471     130.088     137.387
472     130.088     137.316
473     130.088      137.09
474     130.088     136.887
475     130.088     136.779
476     130.088     136.597
477     130.088     136.445
478     130.088     136.221
479     129.168     136.157
480     129.168     136.009
481     129.168     135.818
482     129.168     135.688
483     129.168     135.527
484     129.168     135.302
485     129.097     135.081
486     129.097     134.915
487     129.097     134.844
488     129.097      134.75
489     129.097     134.684
490     129.083      134.58
491     129.083     134.394
492     129.083     134.207
493     127.884     133.928
494     127.013     133.713
495     127.013     133.501
496     127.013     133.326
497     127.013      133.17
498     127.013     132.907
499     127.013     132.589
500     127.013     132.338
501     127.013     132.079
502     126.872     131.947
503     126.872     131.778
504     126.002     131.477
505     125.783     131.222
506     125.101     131.059
507     125.101     130.745
508     123.692     130.455
509     123.692     130.099
510     123.692     129.952
511     123.692     129.712
512     123.504       129.5
513     123.504     129.327
514     123.504     129.194
515     123.504     129.011
516     123.504     128.854
517     123.504     128.654
518     122.596     128.388
519     122.596     128.204
520     122.596      127.99
521     122.596     127.904
522     122.596     127.797
523     122.596      127.54
524     122.596     127.367
525      121.46      127.13
526      121.46     126.901
527     121.202     126.693
528     121.202     126.506
529     121.202     126.219
530     121.202     125.954
531     121.202     125.809
532     121.202     125.585
533     121.202     125.388
534     121.202     125.204
535     121.202     125.007
536     121.202     124.824
537     121.202     124.764
538     121.202     124.633
539     121.202     124.634
540     121.202     124.425
541     121.056     124.378
542     121.056     124.311
543     120.894     124.183
544     120.894     124.071
545     120.894     123.903
546     120.894      123.78
547     120.838     123.667
548     120.838     123.508
549     120.394     123.346
550     120.394     123.171
551     120.167     123.013
552     120.167     122.906
553     120.167      122.79
554     120.167     122.739
555     119.932     122.705
556     119.932     122.537
557     119.932     122.438
558     119.579     122.381
559     119.579     122.308
560     118.647     122.178
561     118.647     121.996
562     118.647     121.945
563     118.647     121.856
564     118.647     121.772
565     118.647     121.669
566     118.506     121.515
567     118.506     121.441
568     118.506     121.307
569     118.506     121.207
570     118.392     121.109
571     118.392     121.018
572     118.392         121
573     118.392     120.946
574     118.206     120.936
575     118.206     120.922
576     117.825     120.825
577     117.637     120.748
578     117.637     120.585
579     117.637     120.507
580     117.637     120.427
581     117.637     120.321
582     117.062     120.188
583     117.062     120.049
584     117.062     119.942
585     117.062     119.838
586     117.062     119.716
587     116.669     119.631
588      116.42      119.56
589      116.42       119.5
590      116.42     119.422
591      116.42     119.337
592      116.42      119.23
593      116.42     119.205
594      116.42     119.122
595      116.42     119.038
596     115.989     118.918
597     115.989     118.843
598     115.989     118.761
599     115.983      118.68
600     115.983     118.571
601     115.983     118.476
602     115.983     118.368
603     115.983      118.28
604     115.801     118.211
605     115.223     118.074
606     115.223     117.898
607     115.223     117.734
608     115.223     117.633
609     115.223     117.546
610     115.081     117.452
611     115.081     117.369
612     115.081     117.308
613     115.081     117.218
614     115.081     117.126
615     115.075     117.032
616     115.075     116.953
617     115.075     116.789
618     115.075     116.737
619     115.075     116.651
620     115.075     116.578
621      114.98     116.509
622      114.98     116.455
623      114.98     116.358
624     114.461     116.233
625     114.461     116.178
626     114.461      116.11
627     114.461     116.011
628     114.461     115.958
629     114.461     115.897
630     114.461     115.803
631     114.154     115.725
632     114.154     115.673
633     113.216     115.609
634     113.216     115.568
635     113.216     115.499
636     113.216     115.434
637     113.216     115.412
638     113.216     115.346
639     113.216     115.304
640     113.216     115.251
641     113.216     115.212
642     113.216     115.162
643     113.216     115.088
644     113.216     115.021
645     113.216     114.947
646     113.216     114.889
647     113.216     114.844
648     113.216     114.801
649     113.216     114.747
650     113.216     114.665
651     113.216     114.609
652     113.216     114.588
653     112.859     114.537
654     112.859     114.497
655     112.859     114.466
656     112.859     114.448
657     112.859     114.421
658     112.859     114.393
659     112.859     114.379
660     112.859      114.36
661     112.708     114.321
662     112.708     114.303
663     112.708     114.265
664     112.708     114.246
665     112.708      114.23
666     112.708     114.212
667     112.708     114.165
668     112.708     114.137
669     112.708     114.107
670     112.708     114.058
671     112.708     114.048
672     112.708     114.017
673     112.708     113.996
674     112.708     113.975
675     112.661     113.938
676     112.377     113.892
677     112.284     113.822
678     112.284      113.77
679     112.195     113.753
680     112.195      113.72
681     112.195     113.654
682     112.195     113.603
683     112.195     113.556
684     111.879     113.529
685     111.879     113.508
686     111.879     113.492
687     111.879      113.47
688     111.879     113.432
689     110.215     113.367
690     110.215     113.335
691     110.215     113.291
692     110.215     113.286
693     110.215     113.246
694     110.215     113.189
695     110.215     113.158
696     110.215     113.108
697     110.215     113.073
698     110.215      113.03
699     110.215     112.944
700     110.215     112.918
701     110.215     112.866
702     110.215     112.786
703     110.215     112.717
704     110.215     112.651
705     109.954     112.555
706     109.954     112.474
707     109.954     112.441
708     109.954     112.358
709     109.954     112.269
710     109.954     112.195
711     109.954     112.075
712     109.875     111.988
713     109.874      111.91
714     109.874     111.805
715     109.874     111.776
716     109.562     111.781
717     109.562     111.675
718     109.467     111.621
719     108.522     111.629
720     108.522       111.6
721     108.522     111.472
722     108.522     111.426
723     108.522     111.396
724     107.895     111.326
725     107.895     111.203
726     107.532     111.138
727     107.532     111.049
728     107.532     110.972
729     107.532      110.86
730     107.532     110.832
731     107.532     110.766
732     105.203      110.66
733     105.203     110.559
734     105.203     110.526
735     105.203      110.41
736     105.203     110.273
737     105.203     110.194
738     105.203     110.135
739     105.038     110.053
740     105.038     109.948
741     105.038      109.87
742     105.038     109.751
743     105.038     109.609
744     104.625      109.52
745     104.625     109.404
746     104.625     109.316
747     104.209     109.237
748     104.209     109.129
749     104.209     109.044
750     104.131     108.917
751     104.131     108.748
752     104.131     108.565
753     104.069     108.405
754     104.032     108.242
755     104.032     108.057
756     104.032     107.949
757     104.032      107.79
758     104.032     107.698
759     104.032      107.59
760     104.032     107.393
761     104.032     107.189
762     103.965     107.085
763      103.87     106.978
764      103.87     106.925
765      103.87      106.87
766      103.87     106.716
767      103.87     106.625
768      103.87     106.525
769      103.87     106.322
770      103.87     106.228
771      103.87     106.111
772      103.87         106
773     103.783     105.784
774     103.783     105.661
775     103.783      105.54
776     103.783     105.381
777     103.783     105.232
778     103.783     105.106
779     103.783     105.062
780     103.783     104.957
781     103.621     104.912
782     103.621     104.791
783     103.621     104.702
784     103.621     104.708
785     103.621     104.654
786     103.621     104.564
787     103.621     104.508
788     103.621     104.465
789     103.621     104.409
790     103.621     104.329
791     103.621     104.261
792     103.621     104.244
793     103.621     104.227
794     103.621     104.189
795     103.621     104.179
796     103.621     104.157
797     103.475     104.124
798     103.475     104.113
799     103.475     104.078
800     103.475     104.053
801     103.475     104.022
802     103.475     103.996
803     103.475     103.975
804     103.475     103.943
805     103.418     103.914
806     103.418     103.876
807     103.314     103.876
808     103.314      103.85
809     103.314     103.819
810     103.314     103.803
811     103.314     103.784
812     103.314     103.774
813     103.314     103.762
814     103.314      103.75
815     103.314     103.736
816     103.314     103.733
817     103.314      103.72
818     102.718     103.703
819     102.718     103.696
820     102.613     103.684
821     102.613     103.674
822     102.613     103.663
823     102.613     103.655
824     102.613     103.644
825     102.613     103.622
826     102.411     103.595
827     102.273     103.568
828     102.273     103.546
829     102.273     103.521
830     102.273     103.478
831     102.273     103.443
832     102.273     103.419
833     102.273     103.385
834     102.273     103.347
835     102.043     103.274
836     102.043     103.239
837     102.043     103.211
838     102.043      103.19
839     102.043     103.138
840     102.043      103.09
841     102.043     103.073
842     101.383     103.042
843     101.383     103.026
844     101.383     102.994
845     101.383     102.957
846     101.383     102.914
847     101.383     102.866
848     101.205     102.827
849     101.205     102.768
850     101.205     102.692
851     101.205     102.641
852     100.399      102.58
853     100.399     102.529
854     100.399     102.462
855     100.399     102.416
856     100.399     102.369
857     100.399     102.324
858     100.399     102.261
859     100.399     102.272
860     100.399     102.244
861     100.399     102.186
862     100.399     102.142
863     100.399     102.099
864     100.399     102.075
865     100.399         102
866     100.399     101.941
867     100.399     101.855
868     100.399     101.807
869      100.35     101.749
870      100.35     101.694
871      100.35     101.667
872     100.148      101.61
873     100.148     101.534
874     100.148     101.475
875     100.148     101.426
876     100.148     101.332
877     100.148     101.271
878     100.148     101.225
879     100.148     101.184
880     100.148     101.146
881     100.006     101.071
882     100.006     101.027
883     100.006      100.97
884     100.006     100.925
885     100.006     100.851
886     100.006     100.808
887     100.006      100.78
888     100.006     100.763
889     100.006      100.72
890      99.783      100.68
891      99.783     100.656
892      99.783     100.638
893      99.783     100.622
894      99.783     100.593
895      99.783     100.574
896      99.783     100.555
897      99.783     100.523
898      99.783     100.479
899     99.6681     100.449
900     99.6681     100.443
901     99.6681     100.414
902     99.6681     100.376
903     99.6681     100.363
904     99.3684     100.337
905     99.3684     100.309
906     99.2145     100.288
907     99.2145     100.266
908     99.2145     100.246
909     99.2145     100.202
910     99.2145     100.172
911     99.2145     100.136
912     99.2145     100.108
913     99.2145     100.079
914     99.2145      100.04
915     99.2145     100.015
916     99.2145       99.98
917     99.0674     99.9618
918     99.0674     99.9534
919     99.0148     99.9385
920     99.0148     99.8993
921     99.0148     99.8698
922     99.0148     99.8395
923     99.0148     99.8174
924      98.993     99.7903
925      98.993     99.7404
926     98.8529      99.676
927     98.8529     99.6234
928     98.8529     99.5943
929     98.8529     99.5778
930     98.7416     99.5482
931     98.1791     99.5144
932     98.1791     99.4821
933     98.1791     99.4511
934     98.0377     99.4156
935     98.0377     99.3732
936     98.0377     99.3379
937     97.9467     99.3091
938     97.9467     99.2556
939     97.9467     99.2454
940     97.9467     99.2011
941     97.8993     99.1754
942     97.8993     99.1571
943     97.8993     99.1224
944      97.838     99.0839
945     97.4514     99.0455
946     97.4514     99.0063
947     97.4514      98.964
948     97.3129     98.9048
949     97.3129     98.8279
950     97.3129     98.7829
951     97.3129     98.7555
952     96.9336     98.7165
953     96.6469      98.688
954     96.6469     98.6353
955     96.6469      98.598
956     96.6469     98.5431
957     96.6469     98.5156
958     96.6469     98.4665
959     96.6339     98.4186
960     96.6339     98.3787
961     96.4681      98.327
962     96.4681     98.2998
963     96.2098     98.2386
964     96.1684     98.1703
965     96.1684     98.1182
966     96.1684      98.064
967     96.1684      97.982
968     96.1684     97.9159
969     96.0299     97.8454
970     96.0299     97.7562
971     96.0299      97.677
972     96.0299      97.559
973     96.0299     97.4748
974     96.0299     97.4383
975     96.0299     97.3694
976     96.0299     97.2962
977     95.3924     97.2106
978     95.3924     97.1336
979     95.3924     96.9773
980     95.3924     96.8995
981      95.351     96.8144
982      95.351     96.7728
983      95.351     96.7473
984      95.351     96.6971
985      95.351     96.6616
986      95.351     96.6377
987      95.351     96.5424
988     95.2125      96.512
989     95.1256     96.4605
990     95.1256     96.4321
991     95.1256     96.3693
992     95.1256      96.328
993     95.1256     96.2703
994     95.1256        96.2
995     95.1256     96.1349
996     95.1256     96.0493
997     95.1256      95.991
998     95.1256     95.9235
999     95.1256     95.8645
1000     95.1256     95.8118
1001     95.1256     95.7669
1002     95.1256     95.7041
1003     95.0675     95.6716
1004     94.9681     95.6373
1005     94.9681     95.5979
1006     94.9681     95.5653
1007     94.9681     95.5421
1008     94.9681     95.4965
1009     94.9681     95.4798
1010     94.9681     95.4688
1011     94.9681     95.4312
1012     94.9681     95.4286
1013     94.9681      95.421
1014     94.7336      95.394
1015     94.7336     95.3626
1016     94.7336      95.349
1017     94.7336     95.3141
1018     94.4237      95.302
1019     94.4237     95.2941
1020     94.4237     95.2718
1021     94.4237     95.2531
1022     94.4237     95.2314
1023     94.4237     95.1674
1024     94.4237     95.1312
1025     94.4237     95.1144
1026     94.4237     95.0979
1027     94.4237     95.0833
1028     94.4237     95.0779
1029     94.4237     95.0654
1030     94.4237     95.0566
1031     94.4237      95.063
1032     94.4237     95.0514
1033     94.4237     95.0455
1034     94.4237     95.0465
1035     94.3533     95.0297
1036     94.3533     95.0213
1037     94.3533     95.0122
1038     94.3533     95.0084
1039      94.022     94.9954
1040      94.022     94.9853
1041      94.022     94.9742
1042      94.022     95.0251
1043      94.022     94.9615
1044     93.9318      94.948
1045     93.9318     94.9337
1046     93.9318     94.9136
1047     93.9318     94.8906
1048     93.9318     94.8689
1049     93.9318     94.8505
1050     93.9318     94.8246
1051     93.8801     94.7984
1052     93.8801     94.7675
1053     93.8801     94.7456
1054     93.8801     94.7264
1055     93.8801     94.7028
1056     93.8801     94.6701
1057     93.5393     94.6545
1058     93.5393     94.6449
1059     93.5393     94.6193
1060     93.5301     94.5785
1061     93.5301     94.5631
1062     93.5301     94.5399
1063     93.5301     94.5129
1064     93.5301     94.4757
1065     93.4463     94.4445
1066     93.4463     94.4262
1067     93.4463     94.4062
1068     93.4463     94.3875
1069      93.434     94.3765
1070      93.434      94.354
1071     93.0446     94.3313
1072     93.0446     94.3094
1073     93.0446      94.299
1074     93.0446     94.2678
1075     93.0446      94.235
1076     93.0446     94.1808
1077     93.0446     94.1271
1078     93.0446     94.0679
1079     93.0446     94.0524
1080     93.0446     94.0231
1081     93.0446     93.9888
1082     93.0446     93.9709
1083     93.0446     93.9616
1084     93.0446     93.9531
1085     93.0446     93.9369
1086     92.7135     93.9212
1087     92.7135     93.9176
1088     92.7135      93.885
1089     92.7135     93.8452
1090     92.7135     93.8091
1091     92.3118     93.7605
1092     92.3118     93.7192
1093     92.3118     93.6739
1094     92.3118     93.6089
1095     92.3118     93.5478
1096     92.3118     93.5315
1097     92.3118       93.48
1098     92.3118     93.4564
1099     92.1822     93.4219
1100     92.1822     93.4003
1101     92.1822     93.3523
1102     92.1822     93.3169
1103     92.1822     93.2862
1104     92.1822     93.2354
1105     92.1822     93.1765
1106     92.1822     93.1332
1107     92.0718     93.0925
1108     92.0718     93.0462
1109     92.0718     93.0064
1110     92.0718     93.0371
1111     92.0718     92.9406
1112     92.0718     92.9212
1113     92.0718      92.911
1114     91.8745     92.8533
1115     91.8745     92.8036
1116     91.8745      92.741
1117     91.4887     92.6939
1118     91.4887     92.6448
1119     91.4887     92.6038
1120     91.4887     92.5714
1121     91.4887     92.5311
1122     91.4887     92.4813
1123     91.4887     92.4389
1124     91.4887     92.3951
1125     91.4887     92.3622
1126     91.4887     92.3134
1127     91.4631     92.2631
1128     91.4631     92.2244
1129     91.4631      92.188
1130     91.4631     92.1898
1131     91.4631     92.1264
1132     91.4631     92.0822
1133     91.4631     92.0548
1134     91.4631     91.9886
1135     91.4631      91.941
1136     91.4631     91.9187
1137     91.4631     91.9058
1138     91.4631     91.8727
1139     91.4631     91.8697
1140     91.4631     91.8543
1141     91.4631     91.8278
1142     91.4631     91.8214
1143     91.4631     91.7978
1144     91.4631     91.7725
1145     91.4631     91.7496
1146     91.4631     91.7117
1147     91.4631     91.6933
1148     91.4631     91.6768
1149      91.386     91.6568
1150      91.386     91.6442
1151      91.386     91.6252
1152      91.386     91.6051
1153      91.386     91.5957
1154      91.386     91.5879
1155      91.386     91.5714
1156      91.386     91.5551
1157      91.386     91.5407
1158      91.386     91.5184
1159      91.386     91.4996
1160     90.8386      91.486
1161     90.8386     91.4784
1162     90.8386     91.4692
1163     90.8386     91.4683
1164     90.8386     91.4676
1165     90.8386     91.4661
1166     90.8386     91.4642
1167     90.8386     91.4611
1168     90.8386     91.4596
1169     90.8386     91.4574
1170     90.8386     91.4559
1171     90.8386     91.4528
1172     90.8386     91.4497
1173     90.8386     91.4469
1174     90.8386     91.4415
1175     90.8386     91.4372
1176     90.8386     91.4342
1177     90.8386     91.4288
1178     90.8386     91.4276
1179     90.8386     91.4234
1180     90.8386     91.4207
1181     90.8386     91.4168
1182     90.8386     91.4143
1183     90.7615     91.4108
1184     90.7615     91.4095
1185     90.7615     91.4069
1186     90.4684     91.4014
1187     90.4684     91.3944
1188     90.4684     91.3932
1189     90.4684     91.3916
1190     90.4684     91.3864
1191     90.4684     91.3796
1192     90.4684     91.3765
1193     90.4684     91.3724
1194     90.4684     91.3657
1195     90.4684     91.3539
1196     90.4684     91.3502
1197     90.4684       91.34
1198     90.4684     91.3299
1199     90.4684     91.3241
1200     90.4684     91.3146
1201     90.4684     91.3025
1202     90.4684     91.2851
1203     90.4684     91.2651
1204     90.4684     91.2285
1205     90.4684     91.1876
1206     90.3944     91.1591
1207     90.3944     91.1256
1208     90.3944     91.0943
1209     90.3944     91.0692
1210     90.3944     91.0327
1211     90.3944      90.983
1212     90.3944     90.9575
1213     90.3944     90.9345
1214     90.3944     90.9014
1215     90.3944     90.8593
1216     90.3944     90.8319
1217     90.3944     90.8153
1218     90.3944     90.7805
1219     90.3944     90.7718
1220     90.3944     90.7285
1221     90.3944     90.6973
1222     90.3944     90.6657
1223     90.3944     90.6413
1224     90.3944     90.6347
1225     90.3944     90.6213
1226     90.3944     90.6092
1227     90.3944     90.5804
1228     90.3944     90.5497
1229     90.3944     90.5381
1230     90.3944     90.5259
1231     89.9515     90.5124
1232     89.9515     90.5014
1233     89.9515     90.4962
1234     89.9515     90.4853
1235     89.9515     90.4722
1236     89.9515     90.4655
1237     89.9515     90.4526
1238     89.9515     90.4448
1239     89.9515     90.4397
1240     89.9515     90.4368
1241     89.9515     90.4338
1242     89.9515     90.4295
1243     89.9515     90.4271
1244     89.9291     90.4208
1245     89.9291     90.4094
1246     89.9291     90.4002
1247     89.5445      90.383
1248     89.5445     90.3716
1249     89.5445     90.3539
1250     89.5445     90.3338
1251     89.5221     90.3052
1252     89.5221     90.2866
1253     89.5221     90.2649
1254     89.5221     90.2511
1255     89.5221     90.2327
1256     89.5221     90.2302
1257     89.5221     90.2189
1258     89.5221     90.2034
1259     89.5221     90.1843
1260     89.5221     90.1748
1261     89.5221     90.1631
1262     89.5221     90.1518
1263     89.5221     90.1422
1264     89.5221     90.1238
1265     89.5221     90.1151
1266     89.5221     90.1102
1267     89.5221      90.098
1268     89.5221     90.0785
1269     89.5221     90.0501
1270     89.5221     90.0438
1271     89.5221     90.0366
1272     89.5221     90.0294
1273     89.5221     90.0162
1274     89.5221     90.0049
1275     89.5221       89.99
1276     89.5221      89.979
1277     89.5221     89.9613
1278     89.5221      89.949
1279     89.5221     89.9384
1280     89.5221     89.9278
1281     89.5221     89.9206
1282     89.5221     89.9147
1283     89.5221     89.9115
1284     89.5221     89.9072
1285     89.5221     89.9043
1286     89.5221     89.8927
1287     89.5221     89.8905
1288     89.5221      89.884
1289     89.5221      89.873
1290     89.5221     89.8621
1291     89.5221     89.8515
1292     89.5221     89.8292
1293     89.5221     89.8117
1294     89.5221     89.7975
1295     89.5221     89.7797
1296     89.5221     89.7692
1297     89.5221     89.7506
1298     89.5221     89.7441
1299     89.5221     89.7327
1300     89.5221     89.7181
1301     89.5221     89.7051
1302     89.5221     89.6953
1303     89.5221      89.679
1304     89.5221     89.6618
1305     89.5221     89.6561
1306     89.5221     89.6553
1307     89.5221     89.6415
1308     89.5221     89.6301
1309     89.5221     89.6179
1310     89.5221     89.6089
1311     89.5221      89.604
1312     89.5221     89.5991
1313     89.5221     89.5975
1314     89.5221     89.5861
1315     89.5221     89.5812
1316     89.5221     89.5715
1317     89.5221     89.5576
1318     89.5221     89.5454
1319     89.5221     89.5365
1320     89.5221     89.5245
1321     89.5221     89.5221
1322     89.5221     89.5221
1323     89.5221     89.5221
1324     89.5221     89.5221
1325     89.5221     89.5221
1326     89.5221     89.5221
1327     89.5221     89.5221
1328     89.5221     89.5221
1329     89.5221     89.5221
1330     89.5221     89.5221
1331     89.5221     89.5221
1332     89.5221     89.5221
1333     89.5221     89.5221
1334     89.5221     89.5221
1335     89.5221     89.5221
1336     89.5221     89.5221
1337     89.5221     89.5221
1338     89.5221     89.5221
1339     89.5221     89.5221
1340     89.5221     89.5221
1341     89.5221     89.5221
1342     89.5221     89.5221
1343     89.5221     89.5221
1344     89.5221     89.5221
1345     89.5221     89.5221
1346     89.5221     89.5221
1347     89.5221     89.5221
1348     89.5221     89.5221
1349     89.1817     89.5214
1350     89.1817     89.5214
1351     89.1817     89.5214
1352     89.1817     89.5214
1353     89.1817     89.5207
1354     89.1817     89.5201
1355     89.1817     89.5187
1356     89.1817      89.518
1357     89.1817      89.516
1358     89.1817     89.5146
1359     89.1817     89.5132
1360     89.1817     89.5111
1361     89.1817     89.5105
1362     89.1817     89.5098
1363     89.1817     89.5057
1364     89.1817     89.5023
1365     89.1817     89.5002
1366     89.1817     89.4988
1367     89.1817     89.4947
1368     89.1817     89.4905
1369     89.1817     89.4829
1370     89.1817     89.4774
1371     89.1817     89.4688
1372     89.1817     89.4512
1373     89.1817     89.4578
1374     89.1817     89.4354
1375     89.1817     89.4167
1376     89.1817     89.4099
1377     89.1817      89.395
1378     89.1817     89.3834
1379      89.128     89.3854
1380      89.128     89.3779
1381      89.128     89.3691
1382      89.128     89.3589
1383      89.128       89.35
1384      89.128     89.3397
1385      89.128     89.3309
1386      89.128      89.324
1387      89.128     89.3104
1388      89.128     89.2961
1389      89.128      89.288
1390      89.128     89.2764
1391      89.128     89.2614
1392      89.128     89.2511
1393      89.128     89.2436
1394      89.128      89.234
1395      89.128     89.2243
1396      89.128     89.2137
1397      89.128     89.2274
1398      89.128     89.2134
1399      89.128     89.2044
1400      89.128     89.1917
1401      89.128     89.1797
1402      89.128     89.1792
1403      89.128     89.1789
1404      89.128     89.1783
1405      89.128     89.1773
1406      89.128     89.1754
1407      89.128     89.1734
1408      89.128     89.1713
1409      89.128     89.1677
1410      89.128     89.1659
1411      89.128     89.1634
1412      89.128     89.1616
1413      89.128     89.1601
1414     89.1237     89.1585
1415     89.1237     89.1577
1416     89.1237     89.1562
1417     89.1237     89.1553
1418     89.1237     89.1533
1419     89.1237      89.152
1420     89.1237      89.151
1421     89.1237     89.1493
1422     89.1237     89.1477
1423     89.1237     89.1473
1424     89.1237     89.1461
1425     89.1237     89.1446
1426     88.7363     89.1423
1427     88.7363     89.1408
1428     88.7363     89.1389
1429     88.7363      89.136
1430     88.7363     89.1345
1431     88.7363     89.1325
1432     88.7363     89.1319
1433     88.7363     89.1308
1434     88.7363      89.129
1435     88.7363     89.1274
1436     88.7363      89.125
1437     88.7363     89.1224
1438     88.7363     89.1224
1439     88.7363     89.1216
1440     88.7363     89.1409
1441     88.7363     89.1197
1442     88.7363     89.1185
1443     88.7363     89.1185
1444     88.7363     89.1184
1445     88.7363     89.1176
1446     88.7363     89.1168
1447     88.7363      89.116
1448     88.7363     89.1148
1449     88.7363     89.1132
1450     88.7363     89.1116
1451     88.7363     89.1084
1452     88.7363     89.1056
1453     88.7363     89.1031
1454     88.7363        89.1
1455     88.7363     89.0982
1456     88.7363     89.0955
1457     88.5293      89.088
1458     88.5293     89.0813
1459     88.5293     89.0749
1460     88.5293     89.0646
1461     88.5293     89.0548
1462     88.5293     89.0303
1463     88.5293     89.0138
1464     88.5293     88.9958
1465     88.5293     88.9856
1466     88.5293     88.9715
1467     88.5293     88.9626
1468     88.5293     88.9488
1469     88.5293     88.9381
1470     88.5293     88.9281
1471     88.5293     88.9197
1472     88.5293     88.9177
1473     88.5293     88.9011
1474     88.5293     88.9131
1475     88.5293     88.8943
1476     88.5293     88.8894
1477     88.5293      88.871
1478     88.5293     88.8535
1479     88.5293     88.8358
1480     88.5293     88.8256
1481     88.5293     88.8104
1482     88.5293     88.7993
1483     88.5293     88.7752
1484     88.5293     88.7652
1485     88.5293     88.7539
1486     88.5293     88.7399
1487     88.5293     88.7279
1488     88.5293     88.7143
1489     88.5293     88.6987
1490     88.5293     88.6737
1491     88.5293     88.6666
1492     88.5293     88.6583
1493     88.5293     88.6476
1494     88.5293     88.6404
1495     88.5293     88.6345
1496     88.5293      88.625
1497     88.5293     88.6084
1498     88.5293     88.6001
1499     88.5293     88.5987
1500     88.5293     88.5906
1501     88.5293     88.5856
1502     88.5293     88.5802
1503     88.5293     88.5745
1504     88.5293     88.5707
1505     88.5293     88.5649
1506     88.5293       88.56
1507     88.5293     88.5554
1508     88.5293     88.5533
1509     88.5293     88.5492
1510     88.5293     88.5446
1511     88.5293     88.5405
1512     88.5293     88.5355
1513     88.5293     88.5326
1514     88.5293     88.5293
1515     88.5293     88.5293
1516     88.5293     88.5293
1517     88.5293     88.5293
1518     88.5293     88.5293
1519     88.5293     88.5293
1520     88.5293     88.5293
1521     88.5293     88.5293
1522     88.5293     88.5293
1523     88.5293     88.5293
1524     88.5293     88.5293
1525     88.5293     88.5293
1526     88.5293     88.5293
1527     88.5293     88.5293
1528     88.5293     88.5293
1529     88.5293     88.5293
1530     88.5293     88.5293
1531     88.5293     88.5293
1532     88.5293     88.5293
1533     88.5293     88.5293
1534     88.5293     88.5293
1535     88.5293     88.5293
1536     88.5293     88.5293
1537     88.5293     88.5392
1538     88.5293     88.5293
1539     88.5293     88.5293
1540     88.5293     88.5293
1541     88.5293     88.5293
1542     88.5293     88.5293
1543     88.5293     88.5293
1544     88.5293     88.5293
1545     88.5293     88.5293
1546     88.5293     88.5293
1547     88.5293     88.5293
1548     88.5293     88.5293
1549     88.5293     88.5293
1550     88.5293     88.5293
1551     88.5293     88.5293
1552     88.5293     88.5293
1553     88.5293     88.5293
1554     88.5293     88.5293
1555     88.5293     88.5293
1556     88.5293     88.5293
1557     88.5293     88.5293
1558     88.5293     88.5293
1559     88.5293     88.5293
1560     88.5293     88.5293
1561     88.5293     88.5293
1562     88.5293     88.5293
1563     88.5293     88.5293
1564     88.5293     88.5293
1565     88.5293     88.5293
1566     88.5293     88.5293
1567     88.5293     88.5293
1568     88.5293     88.5293
1569     88.5293     88.5293
1570     88.5293     88.5293
1571     88.5293     88.5293
1572     88.5293     88.5293
1573     88.5293     88.5293
1574     88.5293     88.5293
1575     88.5293     88.5293
1576     88.5293     88.5293
1577     88.5293     88.5293
1578     88.5293     88.5293
1579     88.5293     88.5293
1580     88.5293     88.5293
1581     88.5293     88.5293
1582     88.5293     88.5293
1583     88.5293     88.5293
1584     88.5293     88.5293
1585     88.5293     88.5293
1586     88.5293     88.5293
1587     88.5293     88.5293
1588     88.5293     88.5293
1589     88.5293     88.5293
1590     88.5293     88.5293
1591     88.5293     88.5293
1592     88.5293     88.5293
1593     88.5293     88.5293
1594     88.5293     88.5293
1595     88.5293     88.5293
1596     88.5293     88.5293
1597     88.5293     88.5293
1598     88.5293     88.5293
1599     88.5293     88.5293
1600     88.5293     88.5293
1601     88.5293     88.5293
1602     88.5293     88.5293
1603     88.5293     88.5293
1604     88.5293     88.5293
1605     88.5293     88.5293
1606     88.5293     88.5293
1607     88.5293     88.5293
1608     88.5293     88.5293
1609     88.5293     88.5293
1610     88.5293     88.5293
1611     88.5293     88.5293
1612     88.5293     88.5293
1613     88.5293     88.5293
1614     88.5293     88.5293
1615     88.5293     88.5293
1616     88.5293     88.5293
1617     88.5293     88.5293
1618     88.5293     88.5293
1619     88.5293     88.5293
1620     88.5293     88.5293
1621     88.5293     88.5293
1622     88.5293     88.5293
1623     88.5293     88.5293
1624     88.5293     88.5293
1625     88.5293     88.5293
1626     88.5293     88.5293
1627     88.5293     88.5293
1628     88.5293     88.5293
1629     88.5293     88.5293
1630     88.5293     88.5293
1631     88.5293     88.5293
1632     88.5293     88.5293
1633     88.5293     88.5293
1634     88.5293     88.5293
1635     88.5293     88.5293
1636     88.5293     88.5293
1637     88.5293     88.5293
1638     88.5293     88.5293
1639     88.5293     88.5293
1640     88.5293     88.5293
1641     88.5293     88.5293
1642     88.5293     88.5293
1643     88.5293     88.5293
1644     88.5293     88.5293
1645     88.5293     88.5293
1646     88.5293     88.5293
1647     88.5293     88.5293
1648     88.5293     88.5293
1649     88.5293     88.5293
1650     88.5293     88.5293
1651     88.5293     88.5293
1652     88.5293     88.5293
1653     88.5293     88.5293
1654     88.3578     88.5289
1655     88.3578     88.5297
1656     88.3578     88.5289
1657     88.3578     88.5289
1658     88.3578     88.5289
1659     88.3578     88.5289
1660     88.3578     88.5289
1661     88.3578     88.5289
1662     88.3578     88.5289
1663     87.9292     88.5277
1664     87.9292     88.5277
1665     87.9292     88.5277
1666     87.9292     88.5265
1667     87.9292     88.5265
1668     87.9292     88.5253
1669     87.9292     88.5253
1670     87.9292     88.5253
1671     87.9292     88.5241
1672     87.9292     88.5229
1673     87.9292     88.5229
1674     87.9292     88.5217
1675     87.7552     88.5202
1676     87.7552     88.5186
1677     87.7552     88.5167
1678     87.7552     88.5148
1679     87.7552     88.5109
1680     87.7552     88.5057
1681     87.7552     88.4994
1682     87.7552     88.4924
1683     87.7552     88.4849
1684     87.7552     88.4833
1685     87.7552     88.4782
1686     87.7552     88.4697
1687     87.7552       88.46
1688     87.7552     88.4532
1689     87.7552     88.4385
1690     87.7552      88.422
1691     87.7552     88.3934
1692     87.7552     88.3509
1693     87.7552     88.3163
1694     87.7552     88.2943
1695     87.7552     88.2671
1696     87.7552     88.2309
1697     87.7552     88.2167
1698     87.7552     88.2059
1699     87.7552     88.2017
1700     87.7552     88.1671
1701     87.7552     88.1399
1702     87.7552     88.1209
1703     87.7552     88.0969
1704     87.7552      88.082
1705     87.7552      88.068
1706     87.7552      88.051
1707     87.7552     88.0333
1708     87.7552     88.0209
1709     87.7552     88.0116
1710     87.7552     87.9815
1711     87.7552     87.9649
1712     87.7552     87.9432
1713     87.7552     87.9277
1714     87.7552     87.9216
1715     87.7552      87.882
1716     87.7552     87.8727
1717     87.6042     87.8399
1718     87.6042      87.826
1719     87.6042     87.7993
1720     87.6042     87.7883
1721     87.6042     87.7832
1722     87.6042     87.7776
1723     87.6042     87.7748
1724     87.6042       87.77
1725     87.6042     87.7655
1726     87.6042     87.7602
1727     87.6042     87.7581
1728     87.6042     87.7543
1729     87.6042      87.754
1730     87.6042      87.754
1731     87.6042      87.754
1732     87.6042     87.7537
1733     87.6042     87.7531
1734     87.6042     87.7531
1735     87.6042     87.7528
1736     87.6042     87.7525
1737     87.6042     87.7522
1738     87.6042     87.7513
1739     87.6042     87.7506
1740     87.6042     87.7497
1741     87.6042     87.7484
1742     87.6042     87.7468
1743     87.6042     87.7447
1744     87.6042     87.7435
1745     87.6042     87.7411
1746     87.6042     87.7385
1747     87.6042     87.7352
1748     87.6042     87.7317
1749     87.6042     87.7251
1750     87.6042     87.7166
1751     87.6042     87.7106
1752     87.6042     87.7044
1753     87.6042     87.7011
1754     87.6042     87.6988
1755     87.6042     87.6918
1756     87.6042     87.6895
1757     87.6042     87.6862
1758     87.6042     87.6823
1759     87.6042     87.6793
1760     87.6042     87.6735
1761     87.6042     87.6732
1762     87.6042     87.6708
1763     87.6042     87.6654
1764     87.6042     87.6615
1765     87.6042     87.6557
1766     87.6042     87.6521
1767     87.6042     87.6503
1768     87.6042     87.6485
1769     87.6042     87.6439
1770     87.6042     87.6379
1771     87.6042     87.6334
1772     87.6042     87.6285
1773     87.6042     87.6249
1774     87.6042     87.6219
1775     87.6042     87.6204
1776     87.6042      87.614
1777     87.6042     87.6089
1778     87.6042     87.6044
1779     87.6042     87.6042
1780     87.6042     87.6042
1781     87.6042     87.6042
1782     87.6042     87.6042
1783     87.6042     87.6042
1784     87.6042     87.6042
1785     87.6042     87.6042
1786     87.6042     87.6042
1787     87.6042     87.6042
1788     87.6042     87.6042
1789     87.6042     87.6042
1790     87.6042     87.6042
1791     87.6042     87.6079
1792     87.6042     87.6042
1793     87.6042     87.6042
1794     87.6042     87.6042
1795     87.6042     87.6042
1796     87.6042     87.6042
1797     87.6042     87.6042
1798     87.6042     87.6042
1799     87.6042     87.6042
1800     87.6042     87.6042
1801     87.6042     87.6042
1802     87.6042     87.6042
1803     87.6042     87.6042
1804     87.6042     87.6042
1805     87.6042     87.6042
1806     87.6042     87.6042
1807     87.6042     87.6042
1808     87.6042     87.6042
1809     87.6042     87.6042
1810     87.6042     87.6042
1811     87.6042     87.6042
1812     87.6042     87.6042
1813     87.6042     87.6042
1814     87.6042     87.6042
1815     87.6042     87.6042
1816     87.6042     87.6042
1817     87.6042     87.6042
1818     87.6042     87.6042
1819     87.6042     87.6042
1820     87.6042     87.6042
1821     87.6042     87.6042
1822     87.6042     87.6042
1823     87.6042     87.6103
1824     87.6042     87.6042
1825     87.6042     87.6042
1826     87.6042     87.6042
1827     87.6042     87.6042
1828     87.6042     87.6042
1829     87.6042     87.6042
1830     87.6042     87.6042
1831     87.6042     87.6042
1832     87.6042     87.6042
1833     87.6042     87.6042
1834     87.6042     87.6042
1835     87.6042     87.6042
1836     87.6042     87.6042
1837     87.6042     87.6042
1838     87.6042     87.6042
1839     87.6042     87.6042
1840     87.6042     87.6042
1841     87.6042     87.6042
1842     87.6042     87.6042
1843     87.6042     87.6042
1844     87.6042     87.6042
1845     87.6042     87.6042
1846     87.6042     87.6042
1847     87.6042     87.6042
1848     87.6042     87.6042
1849     87.6042     87.6042
1850     87.6042     87.6042
1851     87.6042     87.6042
1852     87.6042     87.6042
1853     87.6042     87.6042
1854     87.6042     87.6042
1855     87.6042     87.6042
1856     87.6042     87.6042
1857     87.6042     87.6042
1858     87.6042     87.6042
1859     87.6042     87.6042
1860     87.6042     87.6042
1861     87.6042     87.6042
1862     87.3105     87.6036
1863     87.3105     87.6036
1864     87.3105     87.6036
1865     87.3105     87.6032
1866     87.3105     87.6032
1867     87.3105     87.6032
1868     87.3105     87.6026
1869     87.3105     87.6026
1870     87.3105     87.6026
1871     87.3105     87.6022
1872     87.3105     87.6012
1873     87.3105     87.6002
1874     87.3105     87.5992
1875     87.3105     87.5992
1876     87.3105     87.5988
1877     87.3105     87.5988
1878     87.3105      87.598
1879     87.3105     87.5968
1880     87.3105     87.5962
1881     87.3105     87.5962
1882     87.3105     87.5934
1883     87.3105     87.5934
1884     87.3105      87.591
1885     87.3105     87.5882
1886     87.3105     87.5846
1887     87.3105     87.5822
1888     87.3105     87.5794
1889     87.3105     87.5768
1890     87.3105     87.5724
1891     87.3105      87.588
1892     87.3105     87.5567
1893     87.3105     87.5452
1894     87.3105     87.5367
1895     87.3105     87.5305
1896     87.3105     87.5301
1897     87.3105     87.5259
1898     87.3105     87.5239
1899     87.3105     87.5187
1900     87.3105     87.5147
1901     87.3105     87.5113
1902     87.3105     87.5077
1903     87.3105     87.5061
1904     87.3105     87.5011
1905     87.3105     87.4974
1906     87.3105     87.4928
1907     87.3105     87.4813
1908     87.3105     87.4734
1909     87.3105     87.4665
1910     87.3105     87.4554
1911     86.9927     87.4533
1912     86.9927     87.4453
1913     86.9927     87.4369
1914     86.9927     87.4263
1915     86.9927     87.4238
1916     86.9927      87.413
1917     86.9927     87.4072
1918     86.9927     87.4036
1919     86.9927       87.39
1920     86.9927     87.3771
1921     86.9927     87.3724
1922     86.9927     87.3647
1923     86.9927     87.3581
1924     86.9927     87.3499
1925     86.9927      87.347
1926     86.9927     87.3357
1927     86.9927      87.328
1928     86.9927     87.3208
1929     86.9927     87.3192
1930     86.9927      87.319
1931     86.9927     87.3162
1932     86.9927     87.3141
1933     86.9927      87.311
1934     86.9927     87.3083
1935     86.9927      87.303
1936     86.9927     87.2979
1937     86.9927      87.295
1938     86.9927     87.2922
1939     86.9927     87.2878
1940     86.9927     87.2843
1941     86.9927     87.2759
1942     86.9927     87.2694
1943     86.9927     87.2611
1944     86.9927     87.2514
1945     86.9927     87.2421
1946     86.9927     87.2262
1947     86.9927     87.2136
1948     86.9927     87.2042
1949     86.9927     87.1948
1950     86.9927     87.1853
1951     86.9927     87.1739
1952     86.9927     87.1637
1953     86.9927     87.1567
1954     86.9927     87.1459
1955     86.9927     87.1415
1956     86.9927     87.1357
1957     86.9927     87.1287
1958     86.9927     87.1198
1959     86.9927     87.1109
1960     86.9927      87.097
1961     86.9927     87.0957
1962     86.9927     87.0881
1963     86.9927     87.0801
1964     86.9927     87.0782
1965     86.9927      87.071
1966     86.9927      87.057
1967     86.9927     87.0475
1968     86.9927     87.0443
1969     86.9927     87.0303
1970     86.9927     87.0215
1971     86.9927     87.0141
1972     86.9927     87.0079
1973     86.9927     87.0024
1974     86.9927     87.0023
1975     86.9927     86.9979
1976     86.9927     86.9927
1977     86.9927     86.9927
1978     86.9927     86.9927
1979     86.9927     86.9927
1980     86.9927     86.9927
1981     86.9927     86.9927
1982     86.9927     86.9927
1983     86.9927     86.9927
1984     86.9927     86.9927
1985     86.9927     86.9927
1986     86.9927     86.9927
1987     86.9927     86.9927
1988     86.9927     86.9927
1989     86.9927     86.9955
1990     86.9927     86.9927
1991     86.9927     86.9927
1992     86.9927     86.9927
1993     86.9927     86.9927
1994     86.9927     86.9927
1995     86.9927     86.9927
1996     86.9927     86.9927
1997     86.9927     86.9927
1998     86.9927     86.9927
1999     86.9927     86.9927
