GEN:      BEST_LOSS:      AVERAGE_LOSS: 
0      428.89      499.49
1      428.89      491.84
2      428.89     485.624
3      428.89     479.678
4     416.691     473.436
5     413.787     467.425
6     409.342     461.625
7     405.114     456.658
8     387.445     451.734
9     387.445     447.533
10     387.445     443.948
11     387.445     439.939
12     387.445     437.114
13     387.445      433.99
14     378.899     430.983
15     378.899     428.304
16     378.899     425.337
17     378.899      422.32
18      378.48     419.537
19      378.48     417.153
20      378.48     414.142
21     370.922     411.211
22     348.292     407.661
23     348.292     404.274
24     348.292     400.968
25     344.446     398.046
26     344.446     395.559
27     344.446     392.866
28     344.446     390.244
29     344.446     387.832
30     344.446     385.392
31     337.311     383.369
32     337.311     381.818
33     327.929     379.161
34     324.607     376.401
35     324.607     373.738
36     324.607     370.861
37     324.607     368.054
38     324.607     365.429
39     320.658     362.701
40     318.878     360.134
41     318.878     357.928
42     318.833      355.98
43     318.833     353.643
44     312.577     351.592
45     312.577     349.323
46     310.518     347.228
47     310.518     345.355
48     310.518     343.911
49     310.518     341.856
50     310.518     340.233
51     310.518     338.718
52     310.518      337.34
53     305.369     336.222
54     305.369     334.852
55      299.81     333.538
56      299.81      332.34
57     298.102     330.796
58     298.032     329.595
59     298.032     328.659
60     284.565     327.286
61     284.565     325.969
62     284.565     324.803
63     284.565     323.454
64     284.565     322.403
65     284.565     321.054
66     284.565     319.757
67     284.565     318.616
68     284.565     317.262
69     284.565     316.093
70     284.288     314.529
71     284.288     313.377
72     284.288     312.296
73     284.288     311.293
74     283.625     309.993
75     276.987     308.354
76     276.987     307.172
77     276.987     305.847
78      271.47     304.289
79      271.47     302.592
80     271.221     300.952
81     271.221     299.219
82     266.279     297.309
83     266.279     295.869
84      264.31     294.487
85      264.31     293.158
86     249.465      291.83
87     249.465     290.416
88     249.465     289.189
89     249.465     287.773
90     249.465     286.646
91     249.465     285.675
92     249.465      284.41
93     249.465     283.068
94     249.465     282.137
95     249.465     280.824
96     249.465     279.687
97     249.465     278.537
98     249.465     277.212
99     244.253     275.926
100     244.253     275.063
101     244.253     274.296
102     244.253     272.978
103     244.253     272.238
104     244.253     271.427
105     242.696     270.747
106     242.696     269.738
107     242.696     268.892
108     237.327     267.849
109     237.327     267.044
110     237.327     266.333
111     237.327     265.655
112     237.327     264.952
113     234.292     264.376
114     234.292     263.525
115     234.292     262.795
116     234.292      261.89
117     234.292     260.938
118     230.795     259.775
119     229.849     258.693
120     229.849     258.143
121     229.533     257.134
122     228.673     255.778
123     228.673      254.77
124     228.673     253.539
125     228.673     252.681
126     225.637     251.848
127     225.637     251.254
128     225.637     250.494
129     225.637     249.435
130     225.637     248.629
131     225.637     247.555
132     219.171     246.013
133     219.171     245.091
134     219.171     243.955
135     219.171     242.823
136     219.171     241.532
137     219.171     240.681
138     219.171     239.682
139     219.171     238.728
140     219.171     237.827
141     219.171     236.862
142     213.509     236.237
143     213.509     235.147
144     212.506     234.519
145      205.07     233.972
146      205.07     233.308
147      205.07     232.685
148      205.07     231.943
149      205.07      231.25
150      205.07     230.405
151      205.07      229.62
152      205.07     228.806
153      205.07     227.974
154      205.07     227.274
155      205.07     226.489
156      205.07      225.74
157      205.07     225.041
158      205.07     224.528
159      205.07     223.935
160      205.07     223.545
161      205.07     223.035
162      205.07     222.728
163      205.07     222.076
164      205.07      221.59
165      205.07      220.98
166      205.07     220.698
167      205.07     220.237
168      205.07     219.817
169      204.82     219.518
170     203.464     219.015
171     203.464      218.66
172     203.464     218.434
173     203.464     218.243
174     199.531         218
175     199.531     217.636
176     199.531     217.394
177     199.531     216.961
178     199.531      216.52
179     199.531     216.147
180     199.531     215.948
181     199.531     215.941
182     199.531      215.67
183     199.531     215.577
184     199.531     215.282
185     199.531     215.124
186     199.531     215.035
187     199.531     214.824
188     199.531     214.668
189     199.531     214.418
190     199.531     214.087
191     199.531     213.859
192     198.463      213.58
193     198.463     213.362
194     198.463     213.121
195     198.463     212.774
196     198.031     212.489
197     198.031     212.198
198     196.343     211.968
199     196.343     211.821
200      193.61       211.7
201      193.61     211.261
202      193.61     211.229
203      193.61     211.003
204      193.61     210.679
205      193.61      210.49
206      193.61     210.349
207      193.61     210.132
208      193.61     209.786
209      193.61     209.617
210      193.61     209.505
211      193.61     209.414
212      193.61     209.219
213     192.977     208.901
214     192.269      208.62
215     190.752     208.484
216     190.752     208.307
217     190.752     207.802
218     190.752     207.627
219     190.752     207.394
220     190.752     207.203
221     188.468     206.905
222     185.659     206.358
223     185.659     206.032
224     185.659     205.914
225     185.659     205.547
226     185.659     205.197
227     185.659     204.764
228     185.659     204.283
229     185.659     203.982
230     185.659     203.712
231     185.659     203.488
232     185.659     203.207
233     185.659     202.784
234     185.659     202.447
235     185.659     202.114
236     185.659     201.747
237     185.659     201.403
238     185.659     201.115
239     185.659     200.883
240     185.659     200.528
241     185.659      200.55
242     185.659     200.296
243     185.659     199.927
244     185.651     199.746
245     185.651     199.449
246     185.651     199.282
247     183.683     198.817
248     183.307     198.385
249     182.314     197.923
250     182.314      197.81
251     178.057     197.419
252     177.314     197.278
253     177.314     196.889
254     177.314     196.512
255     177.314     196.291
256     177.314     195.978
257     177.314      195.53
258     177.314     195.163
259     177.314     194.701
260     177.314     194.264
261     177.314     194.227
262     177.314     194.003
263     177.314     193.432
264     177.314     193.249
265     177.314     192.958
266     177.314     192.381
267     177.314     192.143
268     177.314     191.695
269     177.314       191.4
270     177.314     191.057
271     176.455     190.694
272     172.189     190.353
273     171.187     190.109
274     171.187     189.407
275     171.187     189.054
276     171.187     188.746
277     171.187     188.267
278     171.187     188.091
279     171.187     187.703
280     171.187      187.49
281     171.187      187.25
282     171.187     186.981
283     171.187     186.772
284     171.187     186.437
285     171.187     186.041
286     171.187     185.783
287     171.187     185.563
288     171.187     185.291
289     171.187     185.033
290     171.187     184.781
291     171.187     184.537
292     171.187     184.319
293     171.187     183.865
294     171.187     183.825
295     171.187     183.553
296     171.187      183.35
297     171.187     183.074
298     171.187     182.887
299     168.037     182.675
300     168.037     182.359
301     168.037     182.274
302     168.037     182.151
303     168.037      181.74
304     168.037     181.586
305     168.037     181.283
306      164.39     180.915
307      164.39     180.575
308      164.39     180.333
309      164.39     180.062
310      164.39     179.523
311      164.39     179.208
312      164.39      178.96
313      164.39      178.74
314      164.39     178.585
315      164.39     178.284
316      164.39     178.008
317      164.39     177.782
318      164.39     177.392
319      164.39     177.167
320      164.39      176.89
321      164.39     176.684
322     163.732     176.386
323     163.732     176.355
324     163.732     176.187
325     163.732     175.784
326     163.732     175.607
327     163.732     175.318
328     163.732     175.011
329     162.784     174.653
330     162.784     174.323
331     162.784     173.937
332     162.784     173.849
333     162.423     173.245
334     162.423     173.006
335     162.423     172.898
336     162.373     172.533
337     162.373     172.229
338     162.314     171.993
339     162.314     171.796
340     162.314     171.258
341     161.874     171.043
342     161.874      170.86
343     161.874     170.702
344     161.874     170.403
345     161.874     170.337
346     157.795     170.149
347     157.795      170.01
348     157.795     169.711
349     157.795      169.56
350     157.795     169.323
351     157.795     169.237
352     157.795     168.991
353     157.795     168.901
354     157.795     168.706
355     157.795     168.538
356     157.795     168.233
357     157.795     168.168
358     157.795     167.984
359     157.208     167.744
360      154.27     167.589
361      154.27     167.469
362      154.27     167.385
363      154.27      167.17
364      154.27     166.962
365      154.27      166.76
366      154.27     166.587
367      154.27     166.313
368      154.27     166.059
369      154.27     165.971
370      154.27     165.846
371      154.27     165.763
372      154.27     165.465
373      154.27      165.28
374      154.27     165.154
375      154.27     165.082
376      154.27     164.855
377      154.27     164.695
378      154.27      164.54
379      154.27     164.361
380      154.27     164.006
381      154.27     163.692
382      154.27      163.49
383      154.27      163.32
384     153.865      163.12
385     153.865     163.015
386     153.865     162.914
387     153.865     162.933
388     153.865     162.763
389     153.865     162.705
390     153.865     162.522
391     153.865     162.329
392     153.865     161.922
393     153.865     161.683
394     153.811      161.51
395     153.811     161.436
396     153.811     161.175
397     153.811     161.093
398     153.069     160.923
399     153.069     160.777
400     151.606     160.424
401     151.606     160.302
402     151.606     160.097
403     151.606      159.85
404     151.606      159.56
405     151.606     159.303
406     151.606     159.226
407     151.606     158.926
408      151.39     158.638
409      151.39     158.397
410      151.39     157.937
411      151.39     157.619
412      151.39     157.353
413      151.39     157.159
414      151.39     156.948
415      151.39      156.81
416     150.659     156.561
417     149.075     156.357
418     149.075     156.137
419     149.075     155.841
420     149.075     155.712
421     149.075     155.501
422     149.075     155.348
423     149.075      155.14
424     149.075     154.963
425     149.075     154.657
426       147.6     154.499
427       147.6     154.407
428       147.6     154.381
429       147.6      154.23
430       147.6     154.043
431       147.6     153.863
432       147.6      153.78
433       147.6     153.597
434       147.6     153.569
435     146.404     153.534
436     146.404     153.437
437     146.404     153.373
438     146.404     153.372
439     146.404     153.275
440     146.404     153.203
441     146.404     153.031
442     146.404     152.994
443     146.404     152.937
444     146.404     152.851
445     146.292      152.72
446     146.292     152.631
447     144.825     152.618
448     144.825     152.584
449     144.825     152.509
450     144.825     152.411
451     144.825     152.301
452       143.3     152.343
453       143.3     152.263
454       143.3     152.252
455       143.3     152.079
456       143.3     151.863
457       143.3     151.742
458     141.559     151.577
459     141.559     151.442
460     141.559       151.3
461     141.559     151.124
462     141.559      150.91
463     141.559     150.756
464     141.559      150.59
465     141.559     150.443
466     141.559     150.321
467     141.559     150.172
468     141.559     149.873
469     141.559     149.717
470     141.559     149.479
471     140.993     149.314
472     139.667     149.185
473     139.667      148.86
474     139.667     148.628
475     139.667     148.456
476     139.667     148.334
477     139.667     147.969
478     139.667     147.939
479     139.667     147.609
480     139.383     147.242
481     138.615     146.955
482     138.615     146.557
483     138.615     146.071
484     138.615     145.855
485     138.615     145.548
486     138.012     145.084
487     138.012     144.715
488     138.012     144.246
489     138.012     143.814
490     138.012     143.467
491     137.351     143.111
492     137.351     142.857
493     137.351     142.605
494     137.351     142.282
495     137.351     142.157
496     137.351      141.99
497     137.351     141.924
498     137.351     141.749
499     137.351     141.613
500     137.351     141.344
501     137.351     141.118
502     137.351     140.914
503     137.125     140.663
504     137.125     140.489
505     137.125     140.331
506     137.125     140.289
507     136.962     140.249
508     136.962     140.213
509     136.962     140.128
510     136.962     140.082
511     136.811      140.05
512     133.837     139.995
513     133.837     139.893
514     133.837     139.812
515     133.837     139.779
516     133.837     139.665
517     133.837     139.543
518     133.837     139.458
519     133.837     139.381
520     133.837     139.308
521     133.837     139.158
522     133.837     139.058
523     133.837      138.92
524      133.78     138.712
525      133.78     138.597
526      133.78     138.528
527      133.78     138.394
528      133.78     138.188
529      133.78     138.118
530     133.295     138.002
531     133.295     137.869
532     132.653     137.873
533     132.653     137.732
534     132.653     137.602
535     132.653     137.518
536     132.653     137.465
537     132.653     137.393
538     132.653     137.293
539     132.653     137.126
540     132.653     137.046
541     132.653     136.976
542     132.653     136.921
543     132.653     136.844
544     132.653     136.769
545     132.653     136.704
546     132.632     136.599
547     132.534     136.544
548     132.534     136.359
549     132.534      136.17
550     130.958     136.046
551     130.958     135.903
552     130.958     135.827
553     130.958      135.77
554     130.958     135.737
555     130.958     135.653
556     130.182     135.617
557     130.182     135.407
558     130.182     135.322
559     130.182     135.304
560     130.182     135.272
561     130.182     135.212
562     130.182     135.219
563     130.182     135.091
564     130.182     134.967
565     130.182     134.812
566     130.182     134.782
567     130.182     134.719
568     129.401     134.656
569     129.401     134.545
570     129.401     134.429
571     129.401     134.317
572     129.401     134.319
573     129.401     134.295
574     129.401     134.188
575     129.401     134.127
576     129.401     134.036
577     129.401     133.966
578     129.401     133.954
579     129.401     133.917
580     128.491      133.82
581     128.491     133.716
582     128.491     133.606
583     127.972     133.526
584     127.972     133.435
585     127.972     133.296
586     127.972     133.172
587     127.972     133.121
588     127.972     133.111
589     127.972     133.064
590     127.972     132.955
591     127.972     132.972
592     127.972     133.017
593     127.972     132.983
594     127.972     132.874
595     127.972     132.792
596     127.972     132.838
597     127.972     132.733
598     127.972     132.766
599     127.972     132.816
600     127.807     132.705
601     127.807      132.67
602     127.807     132.629
603     127.807     132.546
604     127.807     132.486
605     127.807     132.469
606     127.807     132.402
607     127.807     132.367
608     127.807     132.394
609     127.689     132.424
610     127.689     132.311
611     126.688     132.292
612     126.688     132.285
613     126.688     132.399
614     126.688     132.331
615     126.688     132.275
616     126.688     132.178
617     126.688     132.111
618     126.688     132.029
619     126.688     131.938
620     126.688     131.862
621     126.688     131.779
622     126.688     131.738
623     126.688     131.722
624     126.688     131.555
625     126.688      131.42
626     126.688     131.353
627     126.688     131.267
628     126.688     131.317
629     126.688     131.249
630     126.688     131.063
631     126.688      130.92
632     126.688      130.75
633     126.688     130.611
634     126.662     130.476
635     126.662      130.47
636     126.662     130.446
637     126.662     130.333
638      125.64     130.259
639      125.64     130.171
640     125.561     130.049
641     125.561     129.959
642     125.561     129.901
643     125.561     129.985
644     125.561     129.889
645     125.561     129.719
646     125.561     129.698
647     125.561     129.553
648     125.561      129.48
649     125.561     129.451
650     125.561     129.406
651     125.561     129.394
652     125.507     129.286
653     125.507     129.253
654     125.507     129.278
655     125.507     129.207
656     124.693     129.137
657     124.693     129.047
658     124.693     128.971
659     124.693     128.862
660     124.693     128.721
661     124.649     128.677
662     124.649     128.671
663     124.649     128.592
664     124.649     128.553
665     124.241     128.398
666     124.241     128.326
667     124.241     128.185
668     124.241     128.043
669     124.241     127.887
670     124.241     127.755
671     123.932     127.574
672     123.932     127.367
673     123.104     127.289
674     123.104     127.027
675     123.104     126.813
676     123.104     126.711
677     123.104     126.572
678     123.104     126.399
679     123.104      126.23
680     123.104     126.141
681     123.104     125.998
682     123.104     125.925
683     123.104     125.826
684     122.775     125.807
685     122.775      125.73
686     122.775     125.635
687     122.775     125.593
688     122.775     125.502
689     122.775      125.37
690     122.775     125.345
691     122.294     125.202
692     122.294      125.22
693     121.944     125.092
694     121.944     125.161
695     121.548     125.092
696     121.548      124.98
697     121.548     124.855
698     121.548     124.785
699     121.548     124.649
700     121.548     124.671
701     121.548     124.601
702     120.764       124.5
703     120.764     124.449
704     120.764     124.391
705     120.764     124.396
706     120.764     124.343
707     120.764      124.26
708     120.764     124.288
709     120.764     124.232
710     120.764     124.172
711     120.764     124.076
712     120.764     124.001
713     120.764       124.1
714     120.764     123.918
715     120.764     123.849
716     119.293      123.77
717     119.293     123.703
718     119.293     123.626
719     119.293     123.464
720     119.293     123.394
721     119.293     123.332
722     119.293     123.178
723     119.293      123.16
724     119.293     123.128
725     119.293     123.038
726     119.293     122.977
727     119.293     122.801
728     119.293     122.771
729     119.293      122.69
730     119.293     122.631
731     119.293      122.56
732     119.293     122.479
733     119.293     122.334
734     119.293     122.304
735     119.293     122.214
736     119.293     122.149
737     119.293     121.998
738     119.293     121.834
739     118.508     121.719
740     118.508     121.673
741     118.508      121.63
742     118.508     121.538
743     118.508     121.433
744     118.508     121.351
745     118.508     121.215
746     118.508     121.035
747     118.508     120.977
748     118.508     120.932
749     118.508     120.864
750     118.508     120.839
751     118.508     120.835
752     118.508     120.781
753     118.508     120.725
754     118.508     120.624
755     118.508     120.626
756     118.508      120.55
757     118.508     120.476
758     118.508     120.444
759     118.508     120.394
760     118.508     120.321
761      118.15     120.278
762      118.15     120.248
763      118.15     120.206
764      118.15     120.117
765      118.15      120.09
766      118.15     120.037
767      118.15     120.044
768      118.15     120.007
769      118.15     119.981
770      118.15     119.943
771      118.15     119.899
772      118.15     119.922
773      118.15     119.885
774      118.15     119.842
775      118.15     119.813
776      118.15     119.781
777      118.15     119.757
778      118.15     119.738
779      117.67      119.68
780      117.67     119.651
781      117.67     119.588
782      117.67     119.533
783      117.67     119.476
784      117.67     119.442
785      117.67     119.425
786      117.67     119.388
787     117.345     119.353
788     117.345     119.339
789     117.345     119.275
790     117.345     119.254
791     117.345     119.192
792     117.345     119.157
793     117.342     119.099
794     117.342     119.054
795     117.342     118.998
796     117.342     118.956
797     117.342     118.991
798     117.342     118.921
799     117.342     118.839
800     117.342     118.765
801     117.342     118.689
802     117.342     118.601
803     117.342     118.596
804     117.342     118.537
805     117.127     118.472
806     117.127     118.388
807     117.127     118.311
808     117.127     118.299
809     117.127     118.213
810     117.127     118.168
811     117.127     118.098
812     117.127     118.054
813     117.127     117.993
814     117.127     117.889
815     117.127     117.825
816     116.933     117.776
817     116.933     117.709
818     116.933     117.691
819     116.933     117.653
820     116.933     117.598
821     116.933     117.555
822     116.933     117.549
823     116.933     117.499
824     116.933     117.481
825     116.933     117.459
826     116.933     117.445
827     116.933     117.424
828     116.561     117.408
829     116.561     117.397
830     116.561     117.379
831     116.561     117.369
832     116.561     117.354
833     116.561     117.336
834     116.561      117.32
835     116.085     117.296
836     116.085      117.29
837     116.085     117.279
838     116.085     117.262
839     116.085     117.242
840     115.568     117.228
841     115.568     117.219
842     115.568     117.208
843     115.568     117.195
844     115.568      117.18
845     115.568     117.168
846     115.568     117.157
847     115.568     117.146
848     115.568     117.104
849     115.568     117.075
850     115.568     117.045
851      115.14     117.003
852      115.14     116.957
853      115.14     116.898
854      115.14     116.863
855      115.14     116.835
856      115.14     116.791
857     114.968      116.76
858     114.968     116.747
859     114.968     116.731
860     114.968     116.706
861     114.968     116.685
862     114.968     116.652
863     114.968     116.615
864     114.968     116.571
865     114.835     116.528
866     114.835     116.475
867     114.835     116.408
868     114.835      116.35
869     114.824     116.278
870     114.563     116.173
871     114.563     116.081
872     114.563     116.029
873     114.563     115.969
874     114.563     115.903
875     114.563     115.827
876     114.563     115.731
877     114.563     115.694
878     114.563     115.634
879     114.563     115.568
880     114.527      115.54
881     114.527     115.465
882     114.527     115.432
883     114.285     115.386
884     114.285      115.35
885     114.285     115.306
886     114.285     115.275
887     114.274     115.244
888     114.274       115.2
889     114.274     115.158
890     114.274     115.134
891     114.257     115.107
892     114.257     115.067
893     114.023     115.029
894     114.023     115.019
895     114.023     114.989
896     114.023      114.96
897     113.818     114.932
898     113.818     114.904
899     113.818      114.84
900     113.818     114.815
901     113.818     114.758
902     113.818      114.71
903      113.58      114.68
904      113.58      114.66
905      113.58     114.638
906      113.58     114.596
907     113.533     114.567
908     113.533      114.51
909     113.533     114.479
910     113.222     114.433
911     113.222     114.388
912     113.222     114.352
913     113.222     114.317
914     113.222     114.272
915     113.222     114.226
916     113.222     114.215
917     113.222     114.194
918     113.222     114.165
919     113.089     114.128
920     113.089     114.112
921     113.089     114.088
922     113.089     114.057
923     113.089     114.018
924     113.089      113.99
925     113.089     113.966
926     113.089     113.925
927     113.089     113.906
928     113.089     113.855
929     113.089     113.813
930     113.089      113.79
931     113.089      113.75
932     113.089     113.707
933     113.089     113.671
934     113.089     113.624
935     113.089      113.59
936     113.089     113.568
937     112.815     113.522
938     112.815     113.484
939     112.815     113.435
940     112.815     113.392
941     112.815     113.371
942     112.815     113.351
943     112.815     113.328
944     112.815     113.319
945     112.815     113.295
946     112.815     113.267
947     112.778     113.255
948     112.778     113.211
949     112.778     113.202
950     112.778     113.189
951     112.778     113.176
952     112.778     113.167
953     112.778      113.15
954     112.778     113.141
955     112.778     113.128
956     112.778     113.111
957     112.705     113.102
958     112.705     113.092
959     112.705     113.084
960      112.53     113.078
961      112.53     113.076
962      112.53     113.072
963      112.53     113.068
964      112.53     113.066
965      112.53     113.062
966      112.53     113.058
967      112.53     113.054
968      112.53     113.047
969      112.53     113.035
970      112.53     113.019
971      112.53     113.004
972      112.53     112.995
973      112.53      112.98
974      112.53     112.977
975      112.53      112.97
976      112.53     112.961
977      112.53     112.949
978      112.53     112.941
979     112.487     112.933
980     112.487     112.928
981     112.487     112.919
982     112.487     112.914
983     112.487     112.902
984     112.487     112.895
985     112.487     112.886
986     112.487     112.873
987     112.487     112.865
988     112.487     112.858
989     112.487     112.853
990     112.473     112.844
991     112.473     112.836
992     112.473     112.824
993     112.473     112.815
994     112.473     112.811
995     112.473     112.794
996     112.473     112.784
997     112.473     112.776
998     112.442     112.767
999     112.442      112.76
1000     112.442     112.742
1001     112.442     112.736
1002     112.442     112.729
1003     112.436     112.725
1004     112.436     112.725
1005     112.399     112.721
1006     112.399     112.719
1007     112.399     112.715
1008     112.385     112.712
1009     112.369     112.708
1010     112.369     112.705
1011     112.369     112.701
1012     112.369     112.696
1013     112.191     112.683
1014     112.191     112.675
1015     112.191     112.668
1016     112.191     112.659
1017     112.191     112.657
1018     112.191     112.643
1019     112.191     112.637
1020      112.13     112.637
1021      112.13     112.649
1022     112.027     112.622
1023     112.027     112.614
1024     112.027     112.603
1025     112.027     112.597
1026     112.027     112.592
1027     111.148     112.582
1028     111.148     112.578
1029     111.148     112.574
1030     111.148     112.568
1031     111.148      112.56
1032     111.148     112.552
1033     111.148      112.54
1034     111.148     112.531
1035     111.148     112.526
1036     111.148     112.521
1037     111.148     112.506
1038     111.148     112.494
1039     111.148     112.481
1040     111.148     112.469
1041     111.148     112.466
1042     111.148     112.457
1043     111.148     112.444
1044     111.148     112.456
1045     111.148     112.462
1046     109.724     112.413
1047     109.724     112.406
1048     109.724     112.389
1049     109.724     112.451
1050     109.724     112.402
1051     109.724     112.365
1052     109.724     112.355
1053     109.724     112.329
1054     109.724     112.335
1055     109.724     112.318
1056     109.724     112.296
1057     109.724     112.276
1058     109.724     112.256
1059     109.724     112.248
1060     109.724     112.225
1061     109.724     112.208
1062     109.724     112.225
1063     109.724     112.176
1064     109.724     112.149
1065     109.724     112.134
1066     109.724     112.121
1067     109.724     112.114
1068     109.724     112.122
1069     109.724     112.099
1070     109.724     112.049
1071     109.724     112.042
1072     109.724     112.029
1073      109.33     111.978
1074      109.33     111.941
1075      109.33     111.929
1076      109.33     111.886
1077      109.33      111.83
1078      109.33     111.789
1079      109.33     111.751
1080      109.33     111.725
1081      109.33     111.712
1082      109.33     111.661
1083      109.33     111.561
1084      109.33     111.501
1085      109.33     111.487
1086      109.33     111.442
1087      109.33     111.356
1088      109.33     111.331
1089      109.31     111.261
1090      109.31      111.23
1091     108.605     111.179
1092     108.605     111.151
1093     108.605      111.12
1094     108.605     111.091
1095     108.371      111.04
1096     108.371     110.992
1097     108.371     110.879
1098     108.371     110.846
1099     108.371     110.765
1100      108.35     110.702
1101      108.35      110.65
1102      108.35     110.623
1103      108.35     110.564
1104      108.35     110.533
1105      108.35       110.5
1106      108.35     110.434
1107      108.35     110.393
1108     108.317     110.328
1109     108.317     110.311
1110     108.317     110.258
1111     108.317     110.217
1112     106.921     110.167
1113     106.921     110.118
1114     106.921     110.075
1115     106.921     110.052
1116     106.921     110.072
1117     106.921     110.036
1118     106.921     109.985
1119     106.921     109.948
1120       106.9     109.909
1121     106.059     109.871
1122     106.059     109.821
1123     106.059     109.739
1124     106.059      109.68
1125     106.059      109.58
1126     106.059     109.488
1127     106.059     109.362
1128     105.811     109.261
1129     105.811     109.184
1130      105.79     109.116
1131      105.79     109.058
1132     105.552     108.966
1133     105.552     108.814
1134     105.552     108.697
1135     105.531     108.626
1136     105.531     108.539
1137     105.531     108.439
1138     105.531     108.309
1139     105.531     108.243
1140     105.498     108.095
1141     105.498     107.952
1142     105.498     107.826
1143     105.498      107.73
1144     105.498     107.705
1145     104.669     107.576
1146     104.669     107.527
1147     104.556     107.377
1148     104.556     107.272
1149     104.556     107.189
1150     104.556      107.12
1151     104.556     107.022
1152     104.556     106.916
1153     104.358     106.802
1154     104.358     106.617
1155     104.117     106.449
1156     104.117     106.456
1157     104.117     106.369
1158     104.117     106.322
1159     103.694     106.196
1160     103.694     106.155
1161     103.539     106.014
1162     103.539     105.872
1163     103.539     105.792
1164     103.539     105.693
1165     103.539     105.656
1166     103.539     105.596
1167     103.539     105.529
1168     103.539     105.513
1169     103.539     105.476
1170     103.539     105.434
1171     103.539     105.392
1172     103.475     105.362
1173     103.475     105.325
1174     103.475     105.263
1175     103.442     105.264
1176     103.442     105.245
1177     103.421     105.176
1178     103.025     105.145
1179     103.025     105.118
1180     103.025     105.058
1181     103.025     105.047
1182     102.854     104.993
1183     102.854     104.962
1184     102.854     104.911
1185     102.854      104.89
1186     102.854     104.963
1187     102.803     104.861
1188     102.803     104.809
1189     102.803     104.817
1190     102.803     104.751
1191     102.803     104.795
1192     102.803     104.673
1193     102.803     104.636
1194     102.803     104.597
1195     102.434     104.533
1196     102.434     104.432
1197     102.434     104.367
1198     102.434     104.327
1199     102.434     104.235
1200     102.434     104.198
1201     102.434     104.125
1202     102.434     104.081
1203     102.434     103.991
1204     102.434     103.946
1205     102.434     103.934
1206     102.434     103.901
1207     102.434     103.852
1208     102.434     103.817
1209     102.434     103.767
1210     102.434     103.739
1211     102.434     103.644
1212     102.434     103.607
1213     102.155     103.579
1214     102.155     103.519
1215     102.155     103.529
1216     102.155     103.525
1217     102.155     103.509
1218      102.03     103.425
1219      102.03     103.415
1220      102.03     103.356
1221      102.03     103.339
1222      102.03     103.268
1223      102.03     103.203
1224      102.03     103.197
1225      102.03      103.17
1226      102.03     103.127
1227      102.03     103.122
1228      102.03     103.068
1229      102.03     103.054
1230      102.03     103.015
1231      102.03     102.968
1232      102.03     102.941
1233      102.03     102.899
1234      102.03     102.887
1235     101.821      102.85
1236     101.821      102.83
1237     101.821       102.8
1238     101.821     102.796
1239     101.821     102.786
1240     101.821     102.767
1241     101.821     102.727
1242     101.821     102.706
1243     101.821     102.682
1244     101.821     102.673
1245     101.821     102.657
1246     101.821     102.637
1247     101.821     102.634
1248     101.821     102.628
1249     101.821     102.583
1250     101.821     102.582
1251     101.821     102.567
1252     101.821     102.535
1253     101.821     102.483
1254     101.821     102.464
1255     101.821     102.487
1256     101.821     102.451
1257     101.821     102.432
1258     101.821      102.43
1259     101.821     102.419
1260     101.821     102.389
1261     101.821     102.373
1262     101.821     102.352
1263     101.821     102.337
1264     101.821     102.313
1265     101.821     102.302
1266     101.821     102.297
1267     101.821     102.273
1268     101.691     102.257
1269     101.691     102.239
1270     101.691      102.23
1271     101.691     102.224
1272     101.691     102.249
1273     101.691     102.214
1274     101.691     102.205
1275     101.691     102.198
1276     101.691      102.19
1277     101.691     102.175
1278     101.691     102.171
1279     101.691     102.165
1280     101.691     102.217
1281     101.682     102.239
1282     101.682     102.248
1283     101.682     102.215
1284     101.682     102.204
1285     101.682     102.246
1286     101.682     102.359
1287     101.682     102.332
1288     101.682     102.285
1289     101.682     102.277
1290     101.411     102.237
1291     101.411     102.235
1292     101.411     102.189
1293     101.411      102.18
1294     101.411     102.162
1295     101.411     102.136
1296     101.411     102.108
1297     101.411     102.122
1298     101.411     102.075
1299     101.411     102.068
1300     101.411     102.049
1301     101.411     102.037
1302     101.411     102.026
1303     101.411      102.02
1304     101.411     102.016
1305     100.681     101.994
1306     100.681     101.978
1307     100.681     101.968
1308     100.681     101.964
1309     100.681     101.949
1310     100.681     101.941
1311     100.681     101.921
1312     100.681     101.905
1313     100.681     101.897
1314     100.681     101.895
1315     100.681     101.881
1316     100.681     101.872
1317     100.681     101.857
1318     100.681     101.844
1319     100.681     101.828
1320     100.681     101.807
1321     100.681     101.789
1322     100.681     101.765
1323     100.681     101.745
1324     100.681      101.72
1325     100.681     101.701
1326     100.681     101.672
1327     100.681     101.637
1328     100.681     101.612
1329     100.681       101.6
1330     100.671     101.584
1331     100.069     101.554
1332     100.069     101.544
1333     100.069     101.511
1334     100.069      101.49
1335     100.069     101.473
1336     100.069     101.435
1337     100.069     101.406
1338     100.069     101.385
1339     100.069     101.333
1340     100.069     101.294
1341     100.069     101.264
1342     100.069     101.199
1343     100.069     101.172
1344     99.3777     101.156
1345     99.3777     101.129
1346     99.3777     101.091
1347     99.3777     101.068
1348     99.3777      101.04
1349     99.3777     101.011
1350     99.3777         101
1351     99.3777     100.989
1352     99.3777     100.963
1353     99.3777      100.93
1354     99.3777      100.92
1355     99.3777     100.904
1356     99.3777      100.88
1357     99.3777     100.852
1358     99.3777     100.822
1359     99.3777     100.798
1360     99.3777     100.772
1361     99.3777     100.737
1362     99.3777     100.706
1363     99.3777     100.686
1364     99.3777     100.674
1365     99.3777     100.658
1366     99.3777     100.654
1367     99.3777     100.656
1368     99.3777     100.637
1369     99.3777     100.632
1370     99.3777     100.621
1371     99.3777     100.606
1372     99.3777     100.602
1373     99.3777     100.585
1374     99.3296     100.573
1375     99.3296     100.552
1376     99.3296     100.534
1377     99.3296     100.519
1378     99.3296     100.507
1379     99.3296     100.494
1380     99.3296     100.475
1381     99.3296     100.454
1382     99.3296      100.44
1383     99.3296     100.443
1384     99.3296     100.435
1385     99.3296     100.389
1386     99.3296     100.372
1387     99.3296     100.361
1388     98.8801      100.33
1389     98.8801     100.305
1390     98.8801      100.27
1391     98.8801     100.239
1392     98.8801     100.231
1393     98.8801     100.218
1394       98.72     100.202
1395       98.72     100.178
1396       98.72     100.147
1397       98.72     100.124
1398       98.72     100.094
1399       98.72     100.057
1400     98.7104     100.003
1401     98.7104     99.9586
1402     98.7104     99.9391
1403     98.7104     99.9192
1404     98.7104     99.8887
1405     98.7104     99.8564
1406     97.5035     99.8138
1407     97.5035     99.7918
1408     97.5035     99.7448
1409     97.5035     99.7101
1410     97.5035     99.6887
1411     97.5035     99.6383
1412     97.5035     99.5903
1413     97.5035     99.5477
1414     97.5035     99.4953
1415     97.5035     99.4614
1416     97.5035     99.3854
1417     97.5035     99.3305
1418     97.5035     99.2966
1419     97.5035     99.2714
1420     97.5035     99.2613
1421     97.5035     99.2257
1422     97.5035      99.161
1423     97.5035     99.1377
1424     97.5035      99.097
1425     97.5035     99.0645
1426     96.9032     99.0136
1427     96.9001     98.9628
1428     96.9001     98.9415
1429     96.9001     98.8902
1430     96.9001     98.8366
1431     96.9001     98.7954
1432     96.9001     98.7537
1433     96.9001     98.7298
1434     96.9001     98.7004
1435     96.9001     98.6767
1436     96.9001     98.6369
1437     96.9001     98.5956
1438     96.7243     98.5782
1439     96.7243     98.5331
1440     96.7243     98.5086
1441     96.7243     98.4591
1442     96.7243     98.4042
1443     96.3961     98.3795
1444     96.3961      98.351
1445     96.3961     98.3027
1446     96.3961     98.2548
1447     96.3961     98.2169
1448     96.3961     98.1288
1449     96.3961     98.1184
1450     96.3961      98.036
1451     96.3961     97.9932
1452     96.3961     97.9336
1453     96.3961     97.8775
1454     96.3865     97.8179
1455     96.3865     97.7842
1456     96.3865     97.7344
1457     96.3865     97.6427
1458     96.3865     97.5807
1459     96.3865      97.513
1460     96.3865     97.4338
1461     96.3865      97.366
1462     96.3865     97.3047
1463     96.3865       97.26
1464     96.3865     97.2068
1465     96.3865     97.1604
1466     96.0685     97.1229
1467     96.0685     97.0901
1468     96.0685     97.0554
1469     96.0685     96.9905
1470     96.0685      96.918
1471     96.0685     96.8652
1472     96.0685     96.8459
1473     96.0685     96.8231
1474     96.0685     96.7789
1475     96.0685     96.7396
1476     96.0685     96.7194
1477     96.0685     96.7108
1478     96.0685     96.6873
1479     96.0685     96.6463
1480     96.0685     96.6232
1481     96.0685     96.6017
1482     96.0685      96.584
1483     96.0685     96.5584
1484     96.0685     96.5203
1485     96.0685     96.5033
1486     95.8081     96.4744
1487     95.8081     96.4355
1488     95.8081     96.4047
1489     95.3062     96.3642
1490     95.3062     96.3451
1491     95.3062     96.3251
1492     95.3062     96.3103
1493     95.3062     96.2891
1494     95.3062     96.2677
1495     95.3062     96.2633
1496     95.0458     96.2309
1497     95.0458     96.2164
1498     95.0458     96.2002
1499     95.0458     96.1889
1500     95.0458     96.1825
1501     95.0458     96.1583
1502     95.0458     96.1406
1503     95.0458     96.1238
1504     95.0458     96.1001
1505     95.0458     96.0747
1506     95.0458     96.0499
1507     95.0458     96.0809
1508     95.0458     96.0104
1509     95.0458     95.9703
1510     95.0458     95.9519
1511     95.0458     95.8772
1512     95.0458     95.8203
1513     95.0458      95.799
1514     95.0458     95.7556
1515     95.0458     95.7256
1516     95.0458     95.6662
1517     95.0458     95.6281
1518     95.0458     95.5831
1519     95.0458     95.5558
1520     95.0458     95.5317
1521     95.0458     95.4747
1522     95.0458     95.4289
1523     95.0458     95.3822
1524     95.0458     95.3337
1525     94.8899     95.3061
1526     94.8899     95.2894
1527     94.8899     95.2765
1528     94.8899     95.2558
1529     94.8899     95.2125
1530     94.8899     95.1853
1531     94.8899     95.1566
1532     94.8899      95.144
1533     94.8899      95.103
1534     94.8899     95.0757
1535     94.8899     95.0657
1536     94.8899     95.0519
1537     94.8899     95.0454
1538     94.8899      95.038
1539     94.8899     95.0368
1540     94.8899     95.0364
1541     94.8899     95.0355
1542     94.4959     95.0332
1543     94.4959     95.0308
1544     94.4959     95.0288
1545     94.4959     95.0263
1546     94.4959      95.023
1547     94.4959     95.0207
1548     94.4959     95.0147
1549     94.4959      95.005
1550     94.4959     94.9952
1551     94.4959     94.9853
1552     94.4959     94.9795
1553     94.4959     94.9775
1554     94.4959     94.9656
1555     94.4959     94.9563
1556     94.4959     94.9486
1557     94.4959     94.9402
1558     94.4959     94.9303
1559     94.4959     94.9179
1560     94.4959     94.8996
1561     94.4959     94.8742
1562     94.4959     94.8466
1563     94.4959     94.8293
1564     94.4959     94.8224
1565     94.4959     94.7899
1566     94.4959     94.7746
1567     94.4959     94.7597
1568     94.4959     94.7597
1569     94.4959     94.7487
1570     94.1813     94.7429
1571     94.1813     94.7267
1572     94.1813     94.7113
1573     94.1813     94.6893
1574     94.1813     94.6783
1575     94.1813      94.664
1576     94.1813     94.6497
1577     94.1813      94.642
1578     94.1813     94.6212
1579     94.1813     94.6297
1580     94.1813       94.61
1581     94.1813     94.6021
1582     94.1813     94.5904
1583     93.9725     94.5831
1584     93.9725     94.5697
1585     93.9725     94.5675
1586     93.9725     94.5573
1587     93.9725     94.5486
1588     93.9725     94.5428
1589     93.9725     94.5313
1590     93.9725     94.5219
1591     93.9725     94.5083
1592     93.9725     94.4991
1593     93.9725     94.4873
1594     93.9725      94.483
1595     93.9725     94.4757
1596     93.9725     94.4686
1597     93.2837     94.4601
1598     93.2837     94.4491
1599     93.2837     94.4361
1600     93.2837     94.4209
1601     93.2837     94.4002
1602     93.2837     94.3901
1603     93.2837     94.3812
1604     93.2837     94.3592
1605     93.2837     94.3552
1606     93.2837     94.3379
1607     93.2837     94.3277
1608     93.2837     94.3193
1609     93.2837     94.3052
1610     93.2837     94.2869
1611     93.2837     94.2633
1612     93.2837     94.2413
1613     93.2837     94.2178
1614     93.2837     94.1953
1615     93.2837     94.1822
1616     93.2837      94.171
1617     93.2837     94.1544
1618     93.2837     94.1279
1619     93.2837     94.1102
1620     93.2837     94.0941
1621     93.2837     94.0742
1622     93.2837     94.0573
1623     93.2837     94.0299
1624     93.1219     94.0043
1625     93.1219     93.9405
1626     93.1219     93.8849
1627     93.1219     93.8584
1628     93.1219     93.8253
1629     93.1219     93.7986
1630     93.1219     93.7929
1631     93.1219     93.7652
1632     93.1219     93.7043
1633     93.1219     93.6749
1634     93.1219     93.6532
1635     93.1219     93.6413
1636     93.1219     93.6152
1637     93.1219     93.5891
1638     93.1219     93.5776
1639     93.1219     93.5505
1640     93.1219     93.5372
1641     93.1219      93.508
1642     93.1219     93.4774
1643     93.1219     93.4576
1644     93.1219     93.4324
1645     93.1219     93.4108
1646     93.1219     93.3784
1647     93.1219     93.3537
1648     92.7318     93.3339
1649     92.7318     93.3194
1650     92.7318     93.3034
1651     92.7318     93.2898
1652     92.7318     93.2558
1653     92.7318     93.2278
1654     92.7318     93.2115
1655     92.7318     93.1991
1656     92.7318      93.189
1657     92.7318     93.1861
1658     92.7318     93.1803
1659      92.489     93.1745
1660      92.489     93.1736
1661      92.489     93.1695
1662      92.489     93.1654
1663      92.489     93.1618
1664      92.489     93.1594
1665      92.489     93.1561
1666      92.489     93.1506
1667      92.489     93.1449
1668      92.489     93.1401
1669      92.489     93.1333
1670      92.489     93.1255
1671      92.489     93.1159
1672      92.489     93.1128
1673      92.489     93.1058
1674      92.489     93.0983
1675      92.489     93.0936
1676      92.489     93.0896
1677      92.489     93.0788
1678      92.489     93.0662
1679      92.489     93.0514
1680      92.489     93.0344
1681      92.489     93.0163
1682      92.489     93.0036
1683      92.489      92.979
1684      92.489     92.9576
1685      92.489     92.9451
1686      92.489     92.9206
1687      92.489     92.8944
1688      92.489     92.8625
1689      92.489     92.8479
1690      92.489     92.8331
1691      92.489     92.7922
1692      92.489     92.7732
1693      92.489     92.7504
1694      92.489     92.7352
1695      92.489     92.7226
1696      92.489     92.7008
1697      92.489     92.6821
1698      92.489     92.6656
1699      92.489     92.6403
1700      92.489     92.6251
1701      92.489     92.6124
1702      92.489     92.5941
1703      92.489      92.584
1704      92.489     92.5764
1705      92.489     92.5574
1706      92.489      92.541
1707      92.489     92.5288
1708      92.489     92.5238
1709     91.6696     92.5125
1710     91.6696     92.5053
1711     91.6696     92.5024
1712     91.6696     92.4917
1713     91.6696     92.4857
1714     91.6696     92.4857
1715     91.6696      92.484
1716     91.6696      92.484
1717     91.6696      92.484
1718     91.6696      92.484
1719     91.6696      92.484
1720     91.6696      92.484
1721     91.6696     92.4808
1722     91.6696     92.4775
1723     91.6696     92.4758
1724     91.6696     92.4709
1725     91.6696     92.4693
1726     91.6696     92.4693
1727     91.6696     92.4676
1728     91.6696      92.466
1729     91.6696      92.466
1730     91.1418     92.4593
1731     91.1418      92.449
1732     91.1418     92.4417
1733     91.1418     92.4329
1734     91.1418     92.4229
1735     91.1418     92.4081
1736     91.1418     92.3897
1737     91.1418     92.3725
1738     91.1418     92.3368
1739     91.1418      92.287
1740     91.1418     92.2374
1741     91.1418     92.2273
1742     91.1418     92.1751
1743     91.1418     92.1603
1744     91.1418     92.1225
1745     91.1418     92.1021
1746     91.1418     92.0896
1747     91.1418     92.0668
1748     91.1418     92.0434
1749     91.1418     92.0257
1750     91.1418     92.0021
1751     91.1418     91.9777
1752     91.1418     91.9556
1753     91.1418     91.9244
1754     91.1418      91.887
1755     91.1418     91.8408
1756     91.1418     91.7762
1757     90.9835     91.7385
1758     90.9835     91.6945
1759     90.9835     91.6482
1760     90.9835     91.6268
1761     90.9835     91.5964
1762     90.9835     91.5566
1763     90.9835     91.5081
1764     90.9835     91.4769
1765     90.9835     91.4341
1766     90.9835     91.3818
1767     90.9835     91.3532
1768     90.9835     91.3271
1769     90.9835     91.3096
1770     90.9835     91.2916
1771     90.9835     91.2737
1772     90.9835     91.2834
1773     90.9835     91.2533
1774     90.7026     91.2429
1775     90.7026     91.2263
1776     90.7026     91.2217
1777     90.7026     91.2066
1778     90.7026     91.1946
1779     90.7026     91.1941
1780     90.7026     91.1763
1781     90.7026     91.1614
1782     90.7026     91.1523
1783     90.7026     91.1366
1784     90.7026      91.132
1785     90.7026     91.1302
1786     90.7026     91.1286
1787     90.7026     91.1252
1788     90.7026     91.1218
1789     90.7026      91.116
1790     90.7026     91.1113
1791      90.214     91.1013
1792      90.214     91.0857
1793      90.214     91.0765
1794      90.214      91.066
1795      90.214     91.0542
1796      90.214     91.0423
1797      90.214     91.0295
1798      90.214     91.0165
1799      90.214      90.995
1800      90.214     90.9788
1801      90.214     90.9516
1802      90.214     90.9302
1803      90.214     90.9069
1804      90.214     90.8728
1805      90.214     90.8615
1806      90.214     90.8303
1807      90.214     90.8167
1808      90.214     90.7991
1809      90.214     90.7862
1810      90.214     90.7768
1811     89.9046     90.7607
1812     89.9046     90.7349
1813     89.9046     90.6902
1814     89.9046     90.6472
1815     89.9046     90.6141
1816     89.9046     90.6008
1817     89.9046     90.5583
1818     89.9046     90.5434
1819     89.9046     90.5098
1820     89.9046     90.4725
1821     89.9046     90.4509
1822     89.9046     90.4086
1823     89.9046     90.3864
1824     89.9046     90.3493
1825     89.9046     90.3114
1826     89.9046     90.2838
1827     89.9046     90.2469
1828     89.9046     90.1986
1829     89.9046     90.1759
1830     89.9046      90.158
1831     89.9046     90.1273
1832     89.9046     90.1048
1833     89.9046     90.0895
1834     89.9046     90.0735
1835     89.9046     90.0405
1836     89.9046     90.0249
1837     89.9046     90.0061
1838     89.9046     89.9963
1839     89.9046     89.9823
1840     89.9046      89.973
1841     89.9046     89.9681
1842     89.9046     89.9582
1843     89.0913     89.9435
1844     89.0913     89.9262
1845     89.0913     89.9194
1846     89.0913     89.9132
1847     89.0913     89.9035
1848     89.0913     89.9014
1849     89.0913     89.9014
1850     89.0913     89.9014
1851     89.0913     89.9014
1852     89.0913     89.9014
1853     89.0913     89.8997
1854     89.0913     89.8965
1855     89.0913     89.8965
1856     89.0913     89.8949
1857     89.0913     89.8949
1858     89.0913     89.8932
1859     89.0913       89.89
1860     89.0913     89.8851
1861     89.0913     89.8786
1862     89.0913     89.8753
1863     89.0913     89.8672
1864     89.0913     89.8575
1865     89.0913     89.8444
1866     89.0913     89.8363
1867     89.0913     89.8282
1868     89.0913     89.8045
1869     89.0913     89.7849
1870     89.0913     89.7508
1871     89.0913     89.7066
1872     89.0913     89.6592
1873     89.0913     89.6401
1874     89.0913     89.6169
1875     89.0913     89.5769
1876     89.0913     89.5497
1877     89.0913     89.5332
1878     89.0913      89.513
1879     89.0913     89.4941
1880     89.0913     89.4737
1881     89.0913     89.4496
1882     89.0913     89.4057
1883     89.0913     89.3892
1884     89.0913     89.3761
1885     89.0913     89.3629
1886     89.0913     89.3385
1887     89.0913     89.3092
1888     89.0913     89.2735
1889     89.0913     89.2407
1890     89.0913     89.2412
1891     89.0913     89.2249
1892     89.0913     89.1895
1893     89.0913       89.16
1894     89.0913     89.1402
1895     89.0913     89.1318
1896     89.0913     89.1142
1897     89.0913     89.0985
1898     89.0913     89.0913
1899     89.0913     89.0913
1900     89.0913     89.0913
1901     89.0913     89.0913
1902     89.0913     89.0913
1903     89.0913     89.0913
1904     89.0913     89.0913
1905     89.0913     89.0913
1906     89.0913     89.0913
1907     89.0913     89.0913
1908     89.0913     89.0913
1909     89.0913     89.0913
1910     89.0913     89.0913
1911     89.0913     89.0913
1912     89.0913     89.0913
1913     89.0913     89.0913
1914     89.0913     89.0913
1915     89.0913     89.0913
1916     89.0913     89.0913
1917     89.0913     89.0913
1918     89.0913     89.0913
1919     89.0913     89.0913
1920     89.0913     89.0913
1921     89.0913     89.0913
1922     89.0913     89.0913
1923     89.0913     89.0913
1924     89.0913     89.0913
1925     89.0913     89.0913
1926     89.0913     89.0913
1927     89.0913     89.0913
1928     89.0913     89.0913
1929     89.0913     89.0913
1930     89.0913     89.0913
1931     89.0913     89.0913
1932     89.0913     89.0913
1933     89.0913     89.0913
1934     89.0913     89.0913
1935     89.0913     89.0913
1936     89.0913     89.0913
1937     89.0913     89.0913
1938     89.0913     89.0913
1939     89.0913     89.0913
1940     89.0913     89.0913
1941     89.0913     89.0913
1942     89.0913     89.0913
1943     89.0913     89.0913
1944     89.0913     89.0913
1945     89.0913     89.0913
1946     89.0913     89.0913
1947     89.0913     89.0913
1948     89.0913     89.0913
1949     89.0913     89.0913
1950     89.0913     89.0913
1951     89.0913     89.0913
1952     89.0913     89.0913
1953     89.0913     89.0913
1954     89.0913     89.0913
1955     89.0913     89.0913
1956     89.0913     89.0913
1957     89.0913     89.0913
1958     89.0913     89.0913
1959     89.0431     89.0913
1960     89.0431     89.0913
1961     89.0431     89.0913
1962     89.0431     89.0913
1963     89.0431     89.0913
1964     89.0431     89.0913
1965     89.0431     89.0913
1966     89.0431     89.0912
1967     89.0431     89.0911
1968     89.0431     89.0911
1969     89.0431     89.0911
1970     89.0431      89.091
1971     89.0431     89.0908
1972     89.0431     89.0906
1973     89.0431     89.0904
1974     89.0431       89.09
1975     89.0431       89.09
1976     88.7137     89.0889
1977     88.7137     89.0886
1978     88.7137     89.0882
1979     88.7137     89.0875
1980     88.7137     89.0869
1981     88.4559     89.0853
1982     88.4559     89.0833
1983     88.4559     89.0822
1984     88.4559     89.0799
1985     88.4559     89.0768
1986     88.4559     89.0749
1987     88.4559     89.0726
1988     88.4559     89.0717
1989     88.4559     89.0699
1990     88.4559     89.0675
1991     88.4076     89.0644
1992     88.4076     89.0618
1993     88.4076      89.061
1994     88.4076     89.0593
1995     88.4076     89.0557
1996     88.4076     89.0517
1997     88.4076     89.0484
1998     88.4076     89.0426
1999     88.4076     89.0367
