GEN:      BEST_LOSS:      AVERAGE_LOSS: 
0     449.224      500.24
1     426.789     493.053
2     426.789     486.941
3       411.2     480.681
4       411.2     475.761
5     400.724     470.228
6     400.724     464.789
7     400.724     460.609
8     400.724     455.133
9     400.724     450.726
10     394.434      446.41
11     389.084     442.734
12     381.928     438.479
13     381.928     434.102
14     379.706     430.011
15     379.706     426.319
16     379.706     423.063
17     379.706     420.524
18     378.395     417.133
19     377.944     415.141
20     377.944     413.284
21     377.944     411.245
22     376.541     409.827
23     376.123     407.551
24     372.005     405.354
25     351.688     403.355
26     351.688     401.393
27     346.384     399.077
28     346.384      397.13
29     346.384     395.294
30     346.384     393.137
31     346.384      391.02
32     346.384     388.977
33     346.384     387.469
34     346.384     385.728
35     346.384     383.897
36     346.384     382.261
37     346.384     380.645
38     346.384     379.321
39     346.384     377.679
40     343.897     376.333
41     337.077     374.593
42     337.077     373.114
43     337.077     371.848
44     336.081      369.84
45     336.081      368.18
46     322.439     367.192
47     322.439     365.757
48     322.439     364.466
49     322.439     363.261
50     322.439      362.06
51     322.439     360.936
52     322.439     359.609
53     320.386     358.398
54     320.386     356.306
55     320.386     355.108
56     320.386      353.54
57     320.386     352.236
58     320.386     350.642
59     320.386     349.339
60     320.386     347.956
61     320.386     346.479
62     320.266     344.968
63     320.266     344.302
64     308.676     343.284
65     308.676      342.63
66     308.676     341.383
67     308.676     340.295
68     308.676     339.235
69     308.676     338.188
70     296.535     337.029
71     296.535     335.594
72     296.535     334.091
73     296.535     333.259
74     296.535      331.35
75     296.535     329.431
76     296.535     328.068
77     296.535     326.659
78     296.535     325.031
79     296.535     324.002
80     296.535     322.668
81     296.535     321.582
82     284.454     320.054
83     280.969     318.461
84     280.969     317.258
85     280.969     315.862
86     280.969     314.925
87     280.969     313.437
88     280.969     312.115
89     280.969     310.811
90     280.969     309.833
91     280.969     308.784
92     280.969     307.499
93       280.5       306.6
94      279.69     305.767
95     279.062     304.754
96     279.062      303.89
97     279.062     303.288
98     275.058     302.316
99     272.862     301.587
100     272.862     300.826
101     272.572     299.914
102     272.572     299.163
103      265.67     298.336
104      265.67     297.248
105     263.529     296.235
106     263.529     294.986
107     263.529     293.643
108     263.529     292.375
109     263.529     291.052
110     256.743     289.625
111     256.743     288.403
112     256.743     287.215
113     256.419     285.918
114     256.419     284.843
115      251.14     283.322
116      251.14     281.867
117      251.14     280.533
118     250.225     279.445
119     250.225     278.248
120     250.225     276.775
121     250.225     275.494
122     250.225     274.242
123     246.737     272.915
124     239.828     271.509
125     239.828     270.039
126     239.828     268.544
127     239.828      267.78
128     239.828      266.71
129     239.828     265.812
130     239.828     264.689
131     237.893     263.611
132     237.893     262.499
133         233     261.061
134         233     259.644
135         233     258.419
136     230.576     257.322
137     230.576     256.536
138     230.576     255.383
139     230.576     254.397
140     230.576     253.269
141     226.298     252.232
142     226.298     251.419
143     226.298     250.955
144     226.298     249.634
145     226.298     248.596
146     226.298     247.812
147     226.298     247.071
148     226.072     246.075
149     226.072     245.062
150     226.072      244.16
151      219.78     243.114
152     219.532     242.442
153     216.612     241.544
154     216.612     240.555
155     215.301     239.384
156     215.054     238.568
157     215.054     237.783
158     213.361     236.986
159     213.361     236.055
160     213.361     235.223
161     212.466     234.223
162     212.466      233.34
163     212.466     232.503
164     212.466     231.975
165     212.466     231.452
166     212.466     230.795
167     212.466     230.137
168     212.466     229.271
169     212.466      228.59
170     212.466     228.058
171     209.545     227.545
172     203.391     226.664
173     203.391     225.995
174     203.391     225.464
175     203.391     224.534
176     203.391     224.047
177     203.391     223.534
178     203.391     222.834
179     203.391     222.502
180     203.391     221.982
181     203.391     221.507
182     200.178     220.901
183     200.178      220.26
184     200.178     219.893
185     200.178     219.292
186     200.178     218.906
187     196.831     218.423
188     196.426     217.704
189     196.426     217.215
190     196.426      216.79
191     196.426     216.471
192     196.426     216.168
193     196.426     215.615
194     196.426     215.331
195     196.426     214.793
196      195.11     214.413
197      195.11     213.958
198      195.11     213.212
199      195.11     212.899
200      195.11     212.531
201      195.11     212.233
202      195.11     211.725
203      195.11     211.135
204      195.11     210.687
205      195.11     210.244
206      195.11     210.006
207      195.11     209.532
208      195.11      209.05
209      195.11     208.755
210         192     208.292
211         192     208.121
212         192     207.741
213         192     207.476
214         192     207.133
215         192     206.903
216         192     206.515
217         192     206.222
218         192     205.938
219     191.647     205.486
220     188.946     205.183
221     188.946     204.898
222     188.946     204.531
223     188.946     204.305
224     188.946     204.059
225     188.946     203.661
226     188.946     203.287
227     188.946     202.935
228     188.946     202.653
229     188.946     202.276
230     188.946      201.92
231     188.946     201.738
232     188.946     201.407
233     187.085     200.938
234     187.085     200.832
235     187.085     200.578
236     187.085     200.246
237     187.085     199.981
238     185.987     199.675
239     184.999     199.341
240     184.999     199.172
241     184.999     199.034
242     184.999      198.95
243     184.999     198.641
244     184.999     198.391
245     184.999     198.147
246     183.717     197.811
247     183.717     197.555
248     183.717     197.296
249     183.717     196.955
250     183.717     196.517
251     183.717     196.251
252     183.717     195.995
253     183.717     195.665
254      178.49     195.458
255      178.49      195.16
256      178.49     194.951
257      178.49     194.762
258      178.49     194.691
259      178.49     194.375
260      178.49     194.206
261      178.49     193.937
262      178.49     193.533
263      178.49      193.32
264      178.25     193.143
265      178.25     192.794
266      178.25     192.364
267      178.25     192.057
268      178.25     191.807
269      178.25     191.349
270      178.25     191.311
271      178.25     191.014
272      178.25     190.828
273     178.182     190.405
274     178.182     190.232
275     177.963     190.019
276     177.963     189.783
277     177.963     189.638
278     177.963     189.322
279     177.963      189.02
280     176.787     188.725
281     176.787     188.501
282     173.154     188.131
283     173.154     187.919
284     173.154     187.688
285     173.154     187.513
286     173.154     187.366
287     173.154      187.21
288     172.097     187.067
289     172.097     186.651
290     172.097     186.271
291     172.097     185.931
292     172.097     185.637
293     172.097     185.434
294     172.097     185.196
295     171.144     185.002
296     171.144     184.743
297     171.144      184.49
298     171.144     184.301
299     171.144     184.107
300     171.144     183.968
301     171.144     183.722
302     171.144     183.396
303     171.144     183.271
304     171.144     182.918
305     171.144     182.734
306     171.144     182.455
307     170.689     182.296
308     170.689     181.962
309     170.689     181.733
310     170.689     181.522
311     170.589     181.422
312     170.589      181.12
313     170.589     180.736
314     170.589      180.32
315     170.589     179.957
316     170.589     179.737
317     170.589     179.425
318     170.589     179.212
319     170.335     178.961
320      170.16     178.783
321     169.494     178.468
322     169.494     178.131
323     169.494     178.003
324     168.906     177.769
325     168.906     177.588
326     168.906     177.103
327     168.906      176.85
328     168.906     176.616
329     168.064     176.474
330     166.995     176.245
331     166.995     175.997
332     166.995     175.884
333     165.693     175.559
334     164.093     175.235
335     164.093     174.955
336     164.093     174.848
337     164.093     174.657
338     164.093     174.353
339     164.093     174.102
340     164.093     174.043
341     164.093     173.755
342     164.093     173.554
343     164.093     173.603
344     164.093     173.361
345     164.093     173.206
346     164.093     172.932
347     164.093     172.637
348     164.093     172.442
349     164.093     172.265
350     162.761     171.975
351     162.761     171.711
352     162.761     171.506
353     162.242     171.171
354     162.242     171.078
355     162.242     170.825
356     162.242     170.573
357     162.242     170.339
358     162.242     170.152
359     161.667     169.939
360     161.667     169.668
361     161.667     169.528
362     159.438     169.303
363     158.531      168.97
364     158.531     168.858
365     158.531     168.585
366     158.531     168.433
367     158.531     168.202
368     157.753     168.113
369     157.753     168.066
370     157.753     167.855
371     157.753     167.619
372     157.522     167.427
373      157.22     167.161
374      157.22     166.952
375      157.22     166.746
376      157.22      166.54
377      157.22     166.347
378      157.22     166.171
379      157.22     165.873
380     154.671     165.727
381     154.671     165.454
382     154.671     165.271
383     154.671     164.989
384     154.671     164.929
385     153.522     164.797
386     153.522      164.64
387     153.522     164.443
388     153.522     164.316
389     153.522     164.277
390     153.522     164.154
391     153.522      163.86
392     153.522     163.669
393     153.522     163.496
394     153.522     163.333
395     153.522     163.153
396     153.522     162.764
397     153.522     162.506
398     153.522     162.109
399     153.522     161.971
400     153.522     161.878
401     153.522     161.756
402     153.522     161.679
403     153.522     161.552
404     153.513     161.376
405     153.428     161.108
406     153.428     160.825
407     151.842     160.719
408     151.842     160.623
409     151.577     160.389
410     151.577     160.214
411     151.577     159.968
412     151.577     159.887
413     151.577     159.599
414     151.577     159.549
415     151.577       159.4
416     151.577     159.256
417     151.577      159.02
418     151.577     158.881
419     151.091     158.789
420     146.827     158.684
421     146.827     158.503
422     146.306     158.321
423     146.306     158.191
424     146.306     158.032
425     146.306     157.829
426     146.306     157.635
427     146.306      157.35
428     146.306     157.251
429     146.306     157.051
430     146.306     156.963
431     146.306     156.631
432     146.306     156.485
433     146.306     156.437
434     146.306     156.284
435     146.306     156.033
436     146.306     155.703
437     146.302     155.454
438     144.377     155.309
439     144.377     155.071
440     144.377     154.875
441     144.377     154.786
442     144.377     154.574
443     144.377     154.467
444     144.377     154.119
445     144.377     153.833
446     144.377     153.701
447     144.377     153.484
448     144.377     153.493
449     144.377     153.296
450     144.377       152.9
451     144.377     152.716
452     144.377     152.591
453     144.377     152.396
454     139.618     151.944
455     139.618     151.736
456     139.618     151.635
457     139.618     151.418
458     139.618     151.118
459     139.618     150.905
460     139.618     150.822
461     139.618     150.555
462     139.618     150.336
463     139.618     149.865
464     139.618     149.556
465     139.618     149.394
466     139.618     149.186
467     139.618     148.917
468     139.618     148.615
469     139.618     148.458
470     138.824     148.308
471     138.824     148.013
472     138.824     147.642
473     138.824     147.409
474     138.824     147.036
475     138.824     146.813
476     138.824     146.598
477     138.824      146.47
478     138.587     146.228
479     138.587     146.034
480     138.587     145.817
481     138.587     145.704
482     138.587      145.51
483     138.587     145.124
484      138.37     144.907
485      136.47     144.568
486      136.47     144.485
487      136.47     144.395
488      136.47      144.12
489      136.47      143.86
490      136.47       143.6
491      136.47     143.289
492      136.47      143.06
493      136.47     142.902
494      136.47     142.792
495      136.47     142.642
496      136.47     142.506
497      136.47     142.303
498      136.47     142.112
499      136.47      142.02
500      136.47      141.84
501      136.47     141.763
502     136.445     141.502
503     136.396     141.301
504     135.956     141.209
505     135.956     141.064
506     135.956     141.044
507     135.956     140.864
508     135.956     140.653
509     135.192     140.584
510     135.192     140.325
511     135.192     140.172
512     135.192     140.055
513     135.192     139.853
514     133.469     139.709
515     133.469     139.607
516     133.469      139.41
517     133.469      139.36
518     133.469     139.269
519     133.469     139.128
520     133.469     138.953
521     133.469     138.829
522     133.469     138.728
523     133.023     138.657
524     133.023     138.539
525     133.023     138.308
526     133.023     138.201
527     132.113     138.031
528     132.113     137.938
529     132.113     137.798
530     132.113     137.661
531     132.113     137.448
532     132.113     137.256
533     131.613     137.079
534     131.613     137.009
535     131.613     136.933
536     131.613     136.805
537     131.613     136.642
538     131.613     136.453
539     131.613     136.317
540     131.613     136.189
541     131.613     136.094
542     131.118     135.937
543      131.06     135.759
544      131.06     135.717
545      131.06     135.564
546     130.385     135.443
547     129.968     135.166
548     129.968     135.028
549     129.968     134.932
550     129.968     134.745
551     129.514     134.481
552     129.514     134.334
553     129.514     134.249
554     129.514     134.102
555     128.329     133.963
556     128.329     133.796
557     128.329     133.686
558     128.329     133.454
559     128.329     133.343
560     128.329     133.138
561     128.329     132.971
562     128.329     132.833
563     128.232     132.603
564     128.232     132.534
565     127.605     132.316
566     127.605     132.123
567     127.605     131.975
568     127.605     131.844
569     127.605     131.767
570     127.605     131.648
571     127.605     131.559
572     127.577     131.452
573     127.577     131.354
574     127.577     131.142
575     127.577     130.995
576     127.577     130.902
577     127.481     130.761
578     127.106     130.703
579     126.371     130.607
580     126.371     130.503
581     126.371     130.476
582     126.371     130.334
583     126.371     130.206
584     125.812     130.016
585     125.812     129.898
586     125.785     129.769
587     125.626     129.665
588     125.626     129.484
589     124.076     129.317
590     124.076     129.271
591     124.076     129.254
592     124.076     129.138
593     124.076     128.999
594     124.076     128.935
595     124.076     128.792
596     124.076     128.693
597     124.076     128.654
598     124.076      128.54
599     124.076     128.314
600     124.076     128.166
601     124.076     127.959
602     124.076     127.873
603     124.052     127.808
604      122.42     127.675
605      122.42     127.581
606     122.247     127.438
607     121.867     127.248
608     121.867     127.152
609     121.272     126.992
610     121.272     126.706
611     121.272     126.491
612     121.272     126.331
613     121.272     126.221
614     121.272     126.103
615     121.272     125.991
616     121.272     125.883
617     121.272     125.623
618     121.272     125.429
619     121.068     125.294
620     121.068     125.128
621     121.054     124.878
622     120.163     124.672
623     120.163      124.51
624     120.163     124.399
625     120.163     124.241
626     120.163     123.991
627     120.053     123.881
628     120.053     123.701
629     119.811     123.524
630     119.811     123.363
631     119.811     123.262
632     119.264     123.084
633     119.264     122.929
634     119.264     122.744
635     119.264     122.595
636     119.264     122.455
637     119.264     122.295
638     119.152     122.167
639     119.152     122.086
640     119.152     121.991
641     119.152     121.854
642     119.152     121.769
643     118.922      121.74
644     118.922     121.667
645     118.353     121.557
646     118.353     121.419
647     118.353     121.341
648     118.353     121.272
649     118.353      121.22
650     118.353     121.232
651     117.612     121.127
652     117.612     121.032
653     117.612     120.931
654     117.612     120.897
655     117.447     120.757
656     117.447     120.718
657     117.447     120.573
658     117.447     120.422
659     117.447     120.359
660     117.447     120.304
661     117.447     120.197
662     117.447     120.149
663     117.447     120.098
664     117.447     120.048
665     117.447     119.947
666     117.276     119.879
667     117.276     119.795
668     117.276     119.722
669     117.276     119.635
670     117.276     119.654
671     117.173     119.486
672     117.173     119.447
673     117.173     119.478
674     117.173     119.417
675     117.173     119.342
676     116.823      119.32
677     116.823     119.202
678     116.492     119.114
679     116.492     119.092
680     116.492     119.051
681     116.492     118.968
682     116.492     118.894
683     116.492     118.853
684     115.946     118.839
685     115.946     118.754
686     115.946     118.676
687     115.946     118.565
688     115.946     118.528
689     115.946     118.466
690     115.946     118.401
691     115.946     118.322
692     115.946     118.204
693     115.659     118.113
694     115.659     118.128
695     115.659     118.127
696     115.659     118.042
697     115.659     118.032
698     115.659     117.974
699     115.659     117.903
700     115.659     117.833
701     115.269     117.797
702     115.269     117.708
703     115.269     117.605
704     115.269     117.567
705     115.269     117.514
706     115.269     117.478
707     115.269     117.437
708     115.201     117.333
709     115.201     117.294
710     115.201     117.235
711     115.201      117.26
712     115.201      117.18
713     115.201     117.109
714     115.201     116.999
715     114.872     116.894
716     114.872     116.836
717     114.872     116.746
718      114.64     116.696
719      114.64      116.63
720      114.64     116.566
721      114.64     116.519
722      114.64     116.489
723      114.64     116.493
724      114.64     116.446
725      114.64      116.45
726      114.64     116.344
727      114.64     116.265
728      114.64     116.201
729     114.127     116.146
730     114.127      116.09
731     114.127     116.065
732     114.127      116.02
733     114.127     115.975
734     114.127     115.964
735     114.127     115.922
736     114.127     115.884
737     114.051     115.807
738     114.051     115.734
739     114.051     115.694
740     114.051     115.636
741     114.051     115.635
742     114.051     115.578
743     114.051     115.566
744     113.267     115.542
745     113.267     115.475
746     113.267      115.43
747     113.094     115.376
748     113.094     115.331
749     113.094     115.255
750     113.094     115.195
751     113.094     115.156
752     113.094     115.086
753     113.094     115.058
754     113.094     115.022
755     113.094     114.925
756     113.094     114.863
757     113.094     114.848
758     113.094     114.852
759     113.094     114.831
760     113.094     114.781
761     113.094     114.741
762     113.094     114.708
763     113.094     114.674
764     113.094     114.635
765     113.094     114.594
766     113.094     114.538
767     112.879     114.517
768     112.578     114.486
769     112.578     114.455
770     112.578     114.417
771     112.578     114.385
772     112.578     114.331
773     112.578     114.289
774     112.578     114.252
775     112.578     114.221
776     112.578     114.191
777     112.578      114.19
778       112.3     114.161
779       112.3     114.131
780       112.3     114.084
781       112.3     114.037
782       112.3     114.001
783      112.03     113.968
784      112.03     113.923
785      112.03      113.91
786      112.03     113.859
787      112.03     113.818
788      112.03     113.776
789      112.03     113.722
790      112.03     113.703
791      112.03     113.603
792      112.03     113.562
793      112.03     113.489
794      112.03     113.418
795      112.03     113.323
796      112.03     113.266
797     111.726     113.226
798     111.726     113.165
799     111.726      113.14
800     111.726     113.082
801     111.726     113.019
802     111.726     112.992
803     111.726     112.971
804     111.726     112.926
805     111.726     112.883
806     111.726     112.871
807     111.726     112.803
808     111.726      112.78
809     111.726     112.715
810     111.726     112.667
811     111.726     112.638
812     111.726     112.633
813     111.726     112.609
814     111.252     112.559
815     111.252     112.535
816     111.252     112.501
817     111.252     112.465
818     111.252     112.416
819     111.252     112.393
820     111.252     112.384
821     111.252     112.378
822     111.252     112.364
823     111.252      112.34
824     111.252     112.315
825     111.252     112.295
826     111.252     112.274
827     111.252     112.235
828     111.252      112.21
829     111.252     112.203
830     111.252     112.161
831     109.835     112.122
832     109.835     112.078
833     109.835      112.07
834     109.835     112.056
835     109.835     112.031
836     109.835     112.009
837     109.835     111.991
838     109.835     111.974
839     109.835     111.955
840     109.835     111.924
841     109.835     111.899
842     109.835     111.899
843     109.835     111.868
844     109.835     111.842
845     109.835     111.815
846     109.835     111.793
847     109.835     111.745
848     109.759     111.706
849     109.759     111.668
850     109.759     111.635
851     109.759     111.606
852     109.759     111.526
853     109.759     111.511
854     109.759      111.41
855     109.084     111.312
856     109.084     111.207
857     109.084     111.165
858     109.084      111.08
859     109.084     111.011
860     109.084      110.99
861     109.084     110.914
862     109.084     110.844
863     109.084     110.749
864     109.084     110.677
865     109.084     110.628
866     109.084     110.575
867     109.084      110.56
868     109.084     110.554
869     109.084     110.514
870     109.084     110.446
871     109.084     110.441
872     109.084     110.416
873     109.084       110.4
874     109.008      110.39
875     109.008     110.366
876     109.008      110.36
877     109.008     110.309
878     109.008     110.317
879     109.008     110.297
880     109.008     110.225
881     109.008     110.209
882     109.008     110.172
883     109.008     110.122
884     109.008     110.086
885     109.008     110.038
886     109.008      110.03
887     109.008     110.007
888     109.008     109.974
889     109.008     109.956
890     109.008     109.909
891     109.008     109.909
892     109.008     109.868
893     109.008     109.867
894     109.008     109.845
895     109.008      109.85
896      108.25     109.811
897      108.25      109.77
898      108.25     109.767
899      108.25     109.744
900      108.25     109.703
901      108.25     109.692
902      108.25     109.675
903      108.25     109.628
904      108.25     109.596
905      108.25     109.563
906      108.25     109.525
907      108.25     109.511
908      108.25     109.471
909      108.25     109.445
910      108.25     109.418
911      108.25     109.391
912      108.25     109.377
913      108.25     109.347
914      108.25     109.322
915      108.25      109.27
916      108.25     109.232
917      108.25     109.187
918      108.25     109.163
919     108.196     109.115
920     108.196     109.085
921     108.196     109.048
922     108.196     109.009
923     108.196     108.967
924     108.196      108.92
925     108.196     108.849
926     108.196     108.809
927     108.196     108.768
928     108.196     108.754
929     108.196     108.714
930     108.196     108.672
931     108.196     108.645
932     108.196     108.619
933     108.196     108.585
934     108.196     108.551
935     108.196     108.518
936     108.196     108.483
937     108.196     108.449
938     108.196      108.43
939     108.196     108.405
940     108.196     108.381
941     108.196     108.365
942     107.687     108.346
943     107.687      108.31
944     107.687     108.281
945     107.687     108.263
946     107.687     108.237
947     107.687     108.225
948     107.687     108.221
949     107.687     108.219
950     107.687     108.217
951     107.687     108.215
952     107.687     108.214
953     107.687     108.214
954     107.687     108.212
955     107.687      108.21
956     107.687      108.21
957     107.687      108.21
958     107.687     108.208
959     107.687     108.206
960     107.687     108.204
961     107.687     108.204
962     107.687     108.202
963     107.687     108.199
964     107.687     108.197
965     107.687     108.194
966     107.687     108.193
967     107.687      108.19
968     107.687     108.187
969     107.687     108.183
970     107.687      108.18
971     107.687     108.178
972     107.687      108.17
973     107.687     108.166
974     107.687     108.156
975     107.687      108.14
976     107.687     108.131
977     107.687     108.129
978     107.687     108.123
979     107.673     108.116
980     107.673     108.113
981     105.807     108.105
982     105.807     108.099
983     105.807     108.095
984     105.807     108.087
985     105.807     108.081
986     105.807     108.078
987     105.807     108.074
988     105.807     108.068
989     105.807     108.066
990     105.807     108.058
991     105.807     108.056
992     105.807     108.054
993     105.807      108.05
994     105.705     108.042
995     105.705     108.039
996     105.705     108.024
997     105.705     108.012
998     105.705     108.007
999     105.705     108.019
1000     105.705     107.983
1001     105.705     107.963
1002     105.705     107.941
1003     105.705     107.967
1004     105.486     107.903
1005     105.486      107.87
1006     104.718     107.816
1007     104.718     107.783
1008     104.718     107.753
1009     104.459     107.678
1010     104.459     107.573
1011     104.459     107.463
1012     104.459     107.349
1013     104.459     107.226
1014     103.979     107.119
1015     103.979     107.086
1016     103.979     107.002
1017     103.979     106.966
1018     103.979     106.883
1019     103.979     106.788
1020     103.979     106.698
1021     103.979     106.614
1022     103.815     106.511
1023     103.815      106.45
1024     103.815     106.351
1025     103.106     106.247
1026     103.106     106.189
1027     103.106     106.079
1028     103.106      105.96
1029     103.106      105.87
1030     103.106     105.708
1031     103.106     105.549
1032     103.047     105.385
1033     103.047     105.299
1034     103.047     105.142
1035     103.047     105.028
1036     103.047     104.937
1037     101.544     104.778
1038     101.544     104.655
1039     101.544     104.554
1040     101.544     104.461
1041     101.544     104.365
1042     101.544     104.297
1043     101.544     104.181
1044     101.544     104.129
1045     101.544     104.026
1046     101.544     103.947
1047     101.544     103.875
1048     101.544     103.838
1049     101.544     103.768
1050     101.544     103.698
1051     101.544     103.705
1052     101.544     103.678
1053     101.544     103.627
1054     101.544     103.543
1055     101.336     103.478
1056     101.336     103.421
1057     101.336     103.352
1058     101.336     103.346
1059     101.336     103.326
1060     101.336     103.279
1061     101.336     103.218
1062     101.336     103.178
1063     101.336     103.141
1064     101.336     103.116
1065     101.336     103.061
1066     101.336     103.022
1067     101.276     102.966
1068     101.276     102.923
1069     101.276     102.897
1070     101.276      102.85
1071     101.276     102.763
1072     101.112     102.699
1073     101.112     102.634
1074     101.112     102.603
1075     101.112     102.556
1076     101.112     102.512
1077     101.112     102.495
1078     101.112     102.458
1079     101.112     102.423
1080     101.112     102.387
1081     101.112     102.374
1082     101.112     102.352
1083     101.112     102.319
1084     101.112     102.299
1085     101.112     102.274
1086     101.112     102.229
1087     101.112     102.192
1088     101.112     102.179
1089     101.112     102.165
1090     100.613     102.146
1091     100.094      102.16
1092     100.094     102.111
1093     100.094     102.093
1094     100.094     102.062
1095     100.094     102.045
1096     100.094     102.007
1097     100.094     101.974
1098     100.094     101.968
1099     100.094     101.919
1100     100.094     101.882
1101     100.094     101.862
1102     100.094     101.845
1103     100.094     101.834
1104     100.094     101.797
1105     100.094     101.777
1106     100.094     101.753
1107     100.094     101.733
1108     100.094     101.693
1109     100.094     101.661
1110     100.094     101.616
1111     100.094     101.593
1112     100.094     101.586
1113     100.094      101.56
1114     100.094     101.526
1115     100.094     101.502
1116     100.094     101.459
1117     100.094     101.403
1118     100.094      101.35
1119     100.094     101.282
1120     100.094     101.227
1121     98.9807     101.176
1122     98.9807     101.124
1123     98.9807     101.105
1124     98.9807     101.075
1125     98.9807     101.036
1126     98.9807     101.032
1127     98.9807     101.015
1128     98.9807     100.963
1129     98.9807     100.935
1130     98.9807     100.909
1131     98.9807      100.89
1132     98.9807     100.866
1133     98.9807     100.828
1134     98.9807     100.772
1135     98.9807      100.73
1136     98.9807     100.702
1137     98.9807     100.691
1138     98.9807     100.635
1139     98.9807      100.62
1140     98.9807     100.585
1141     98.9807     100.564
1142     98.9807     100.559
1143     98.9807     100.518
1144     98.9807     100.493
1145     98.9807     100.462
1146     98.6711     100.467
1147     98.6711     100.422
1148     98.6711     100.409
1149     98.6711     100.385
1150     98.6711      100.31
1151     98.6711     100.265
1152     98.6711     100.254
1153     98.6711     100.247
1154     98.6711     100.193
1155     98.6711     100.174
1156     98.6711     100.148
1157     98.6711     100.117
1158     98.6711     100.143
1159     98.6711     100.094
1160     98.0539     100.067
1161     98.0539     100.046
1162     98.0539     100.029
1163     98.0539     100.007
1164     98.0539      99.973
1165     98.0539     99.9282
1166     98.0539     99.8829
1167     98.0539     99.8477
1168     98.0539     99.7826
1169     98.0539     99.7355
1170     98.0539      99.703
1171     98.0539     99.6576
1172     97.5265      99.621
1173     97.5265     99.6109
1174     97.5265     99.5678
1175     97.5265     99.5341
1176     97.5265     99.5072
1177     97.5265     99.4595
1178     97.5265     99.4347
1179     97.5265     99.4048
1180     97.5265     99.3901
1181     97.5265     99.3562
1182     97.5265     99.3036
1183     97.5265     99.3009
1184     97.5265     99.2644
1185     97.5265     99.2574
1186     97.5265     99.2559
1187     97.5265     99.2376
1188     97.5265     99.2137
1189     97.5265     99.1862
1190     97.5265     99.1744
1191     97.5265     99.1473
1192     97.5265     99.1334
1193     97.5265     99.1305
1194     97.5265     99.1233
1195     97.5265     99.1156
1196     97.5265     99.0978
1197     97.5265     99.0784
1198     97.5265     99.0654
1199     97.5265     99.0594
1200     97.5265     99.0301
1201     97.5265     99.0189
1202     97.5265     99.0081
1203     97.5265     98.9992
1204     97.5265     98.9953
1205     97.5265     98.9838
1206     97.5265     98.9794
1207     97.5265     98.9776
1208     97.5265     98.9776
1209     97.5265     98.9776
1210     97.5265     98.9776
1211     97.5265     98.9776
1212     97.5265     98.9776
1213     97.5265     98.9776
1214     97.5265     98.9776
1215     97.5265     98.9776
1216     97.5265     98.9776
1217     97.5265     98.9776
1218     97.5265     98.9776
1219     97.5265     98.9776
1220     97.5265     98.9755
1221     97.5265     98.9755
1222     97.5265     98.9735
1223     97.5265     98.9715
1224     97.5265     98.9715
1225     97.5265     98.9694
1226     97.5265     98.9633
1227     97.5265     98.9625
1228     97.5265     98.9604
1229     97.5265     98.9884
1230     97.5265     98.9591
1231     97.5265     98.9442
1232     97.5265      98.932
1233     97.5265     98.9256
1234     97.5265     98.9295
1235     97.5265     98.9069
1236     97.5265     98.8926
1237     96.4893     98.8694
1238     96.4893       98.85
1239     96.4893     98.8292
1240     96.4893     98.7972
1241     96.4893     98.7361
1242     96.4893     98.6978
1243     96.4893     98.6753
1244     96.4893       98.65
1245     96.4893     98.6154
1246     96.4893     98.6082
1247     96.4893     98.5887
1248     96.4893     98.5518
1249     96.4893     98.5132
1250     96.4893     98.5091
1251     96.4893     98.4828
1252     96.4893     98.4661
1253     96.4893     98.4377
1254     96.4893     98.4255
1255     96.4893     98.4031
1256     96.4893      98.395
1257     96.4893     98.3564
1258     96.4893     98.3437
1259     96.4893     98.3213
1260     96.4893     98.3321
1261     96.4893      98.305
1262     96.4893     98.2867
1263     96.4893     98.2683
1264     96.4893      98.272
1265     96.4893     98.2439
1266     96.4893     98.2291
1267     96.4893      98.219
1268     96.4893     98.2079
1269     96.4893     98.1793
1270     96.4893      98.161
1271     96.4893     98.1406
1272     96.4893     98.1218
1273     96.4893     98.1013
1274     96.4893     98.0917
1275     96.4893     98.0633
1276     96.4893     98.0551
1277     96.4893     98.0265
1278     96.4893     98.0163
1279     96.4893     97.9999
1280     96.4893     97.9866
1281     96.4893     97.9674
1282     96.4893     97.9672
1283     96.4893     97.9662
1284     96.4893      97.965
1285     96.4893     97.9646
1286     96.4893     97.9634
1287     96.4893     97.9629
1288     96.4893     97.9594
1289     96.4893      97.957
1290     96.4893     97.9539
1291     96.4893      97.952
1292     96.4893     97.9505
1293     96.4893     97.9478
1294     96.4893     97.9619
1295     96.4893     97.9339
1296     96.4893     97.9264
1297     96.4893      97.919
1298     96.4893     97.9092
1299     96.4893     97.9021
1300     96.4893     97.9034
1301     96.4893     97.8861
1302     96.4893     97.8776
1303     96.4893     97.8622
1304     96.4893     97.8361
1305     96.4893      97.827
1306     96.4893     97.8095
1307     96.4893     97.8007
1308     96.4893     97.7869
1309     96.4893     97.7672
1310     96.4893     97.7455
1311     96.4893     97.7327
1312     96.4893     97.7249
1313     96.4893     97.6988
1314     96.4893     97.6789
1315     96.4893     97.6575
1316     96.4893     97.6469
1317     96.4893      97.633
1318     96.4893     97.6242
1319     96.4893     97.6048
1320     96.4893     97.5737
1321     96.4893     97.5581
1322     96.4893      97.522
1323     96.4893       97.51
1324     96.4893     97.4958
1325     96.4893      97.469
1326     96.4893     97.4526
1327     96.4893     97.4301
1328     96.4893     97.4153
1329     96.4893     97.4042
1330     96.4893     97.3901
1331     96.4893      97.368
1332     96.4893     97.3395
1333     96.4893     97.3124
1334     96.4893     97.2694
1335     96.4893     97.2322
1336     96.4893     97.1965
1337     96.4893     97.1532
1338     96.4893     97.1284
1339     96.4893     97.1087
1340     96.4454     97.0661
1341     96.4454     97.0205
1342     96.4454     96.9978
1343     95.9554     96.9727
1344     95.9554     96.9463
1345     95.9554     96.9194
1346     95.9554      96.889
1347     95.9554     96.8847
1348     95.9554     96.8608
1349     95.9554     96.8376
1350     95.9554     96.8314
1351     95.9554     96.8147
1352     95.9554     96.7976
1353     95.9554     96.7809
1354     95.9554      96.775
1355     95.9554      96.754
1356     95.9554     96.7385
1357     95.9554     96.7363
1358     95.9554     96.7314
1359     95.9554     96.7152
1360     95.9554     96.7067
1361     95.9554      96.694
1362     95.9554      96.683
1363     95.9554     96.6674
1364     95.9554     96.6534
1365     95.9554     96.6319
1366     95.9554      96.621
1367     95.9554     96.6014
1368     95.9554      96.592
1369     95.9554     96.5831
1370     95.9554     96.5632
1371     95.9554     96.5491
1372     95.9554     96.5416
1373     95.9554     96.5353
1374     95.9554     96.5304
1375     95.9554      96.523
1376     95.9554     96.5187
1377     95.9554     96.5141
1378     95.9554     96.5095
1379     95.9554     96.5052
1380     95.9554     96.4919
1381     95.9554     96.4864
1382     95.9554     96.4739
1383     95.9554     96.4656
1384     95.9554     96.4555
1385     95.3653     96.4468
1386     95.3653     96.4405
1387     95.3653     96.4313
1388     95.3653      96.425
1389     95.3653     96.4164
1390     95.3653     96.4084
1391     95.3653     96.3987
1392     95.3653     96.3901
1393     95.3653     96.3815
1394     95.3653     96.3689
1395     95.3653      96.358
1396     95.3653     96.3546
1397     95.3653     96.3472
1398     95.3653     96.3392
1399       94.73      96.328
1400       94.73     96.3262
1401       94.73     96.3219
1402       94.73     96.3184
1403       94.73     96.3173
1404       94.73      96.315
1405       94.73     96.3103
1406       94.73     96.3089
1407       94.73      96.308
1408       94.73     96.3034
1409       94.73     96.2997
1410       94.73     96.2971
1411       94.73     96.2971
1412       94.73     96.2971
1413       94.73     96.2971
1414       94.73     96.2971
1415       94.73     96.2971
1416       94.73     96.2971
1417       94.73     96.2971
1418       94.73     96.2971
1419       94.73     96.2971
1420       94.73     96.2971
1421       94.73     96.2971
1422       94.73     96.2971
1423       94.73     96.2971
1424       94.73     96.2971
1425       94.73     96.2955
1426       94.73     96.2955
1427       94.73     96.3172
1428       94.73     96.2955
1429       94.73     96.2955
1430       94.73     96.2955
1431       94.73     96.2955
1432       94.73     96.2955
1433       94.73     96.2955
1434       94.73     96.2955
1435       94.73     96.2955
1436       94.73     96.2955
1437       94.73     96.2955
1438       94.73      96.294
1439       94.73      96.294
1440       94.73     96.2924
1441       94.73     96.2924
1442       94.73     96.2924
1443       94.73     96.2924
1444       94.73     96.2924
1445       94.73     96.2924
1446       94.73     96.2924
1447       94.73     96.2924
1448       94.73     96.2909
1449       94.73     96.2909
1450       94.73     96.2909
1451       94.73     96.2908
1452       94.73     96.2901
1453       94.73     96.2901
1454       94.73     96.2882
1455       94.73     96.2867
1456       94.73     96.2867
1457       94.73     96.2867
1458       94.73     96.2865
1459       94.73     96.2847
1460       94.73     96.2847
1461       94.73     96.2847
1462       94.73     96.2824
1463       94.73     96.2821
1464       94.73     96.2804
1465       94.73     96.2788
1466       94.73     96.2785
1467       94.73     96.2783
1468       94.73     96.2766
1469       94.73     96.2745
1470       94.73     96.2712
1471       94.73     96.2707
1472       94.73     96.2684
1473       94.73     96.2642
1474       94.73     96.2601
1475       94.73     96.2517
1476       94.73      96.243
1477       94.73     96.2394
1478       94.73     96.2311
1479       94.73     96.2187
1480       94.73     96.2238
1481       94.73     96.1995
1482       94.73     96.1943
1483       94.73     96.1802
1484     93.9006     96.1587
1485     93.9006      96.151
1486     93.9006     96.1377
1487     93.9006     96.0841
1488     93.9006     96.0621
1489     93.9006     96.0362
1490     93.9006      96.048
1491     93.9006     96.0295
1492     93.9006      96.012
1493     93.9006     96.0036
1494     93.9006     95.9915
1495     93.9006     95.9686
1496     93.9006     95.9563
1497     93.9006     95.9361
1498     93.9006     95.9266
1499     93.9006     95.9158
1500     93.9006     95.9079
1501     93.9006     95.9013
1502     93.9006     95.8888
1503     93.9006     95.8937
1504     93.9006     95.8903
1505     93.9006     95.8887
1506     93.9006     95.8872
1507     93.9006     95.8661
1508     93.9006     95.8467
1509     93.9006     95.8338
1510     93.9006     95.8303
1511     93.9006     95.8233
1512     93.9006     95.8122
1513     93.9006     95.8117
1514     93.9006     95.7868
1515     93.9006     95.7642
1516     93.9006     95.7513
1517     93.9006     95.7299
1518     93.9006     95.7283
1519     93.9006     95.7143
1520     93.9006     95.7027
1521     93.9006     95.6806
1522     93.9006     95.6883
1523     93.9006     95.6652
1524     93.9006     95.6546
1525     93.9006     95.6269
1526     93.9006     95.6064
1527     93.9006     95.6241
1528     93.9006     95.5934
1529     93.9006     95.5765
1530     93.9006     95.5703
1531     93.9006     95.5564
1532     93.9006      95.556
1533     93.9006     95.5506
1534     93.9006     95.5455
1535     93.9006     95.5418
1536     93.9006     95.5182
1537     93.9006      95.504
1538     93.9006     95.4912
1539     93.9006     95.4856
1540     93.9006     95.5039
1541      92.964     95.4784
1542      92.964      95.469
1543      92.964     95.4616
1544      92.964      95.469
1545      92.964     95.4663
1546      92.964     95.4505
1547      92.964     95.4901
1548      92.964     95.4618
1549      92.964     95.4549
1550      92.964      95.416
1551      92.964     95.4436
1552      92.964     95.4704
1553      92.964     95.4443
1554      92.964     95.4625
1555      92.964     95.4615
1556      92.964     95.4738
1557      92.964      95.419
1558      92.964     95.4166
1559      92.964     95.4067
1560      92.964     95.4423
1561      92.964     95.3993
1562      92.964     95.5118
1563      92.964     95.4839
1564     91.8762      95.431
1565     91.8762     95.4347
1566     91.8762     95.3795
1567     91.8762     95.4079
1568     91.8762     95.4238
1569     91.8762     95.3597
1570     91.8762     95.3109
1571     91.8762     95.3077
1572     91.8762     95.2407
1573     91.8762     95.2292
1574     91.8762     95.1975
1575     91.8762     95.1568
1576     91.8762     95.0405
1577     91.8762     95.0813
1578     91.8762     95.1636
1579     91.8762      94.952
1580     91.8762     94.8217
1581     91.8762     94.7447
1582     91.8762      94.695
1583     91.8762     94.6098
1584     91.6781     94.5217
1585     91.6781     94.4142
1586     91.6781     94.3527
1587     91.6781     94.2882
1588     91.6781     94.1928
1589     91.6781     94.0896
1590     91.6781     94.0052
1591     91.0817     93.8432
1592     91.0817     93.7601
1593     91.0817     93.6486
1594     91.0817     93.5566
1595     91.0817     93.4783
1596     91.0817     93.4109
1597     91.0817     93.2862
1598     91.0817     93.2577
1599     91.0817      93.151
1600     91.0817     93.0907
1601     91.0817     92.9414
1602     91.0817     92.7858
1603     91.0817     92.6638
1604     91.0817     92.6431
1605     91.0817      92.596
1606     91.0817     92.5387
1607     91.0817     92.4925
1608     91.0817     92.4581
1609     91.0817     92.4045
1610     91.0817     92.3176
1611     91.0817       92.29
1612     91.0817     92.2723
1613     91.0817     92.2499
1614     91.0817     92.2306
1615     91.0817     92.1643
1616     91.0817     92.1357
1617     91.0817     92.1127
1618     91.0817     92.0751
1619     91.0817      92.049
1620     91.0817     92.0142
1621     91.0817     91.9874
1622     91.0817      91.963
1623     91.0817     91.9347
1624     91.0817     91.9027
1625     91.0817     91.8794
1626     91.0817     91.8694
1627     91.0817     91.8682
1628     91.0817     91.8669
1629     91.0817     91.8665
1630     91.0817     91.8653
1631     91.0817     91.8641
1632     91.0817     91.8616
1633     91.0817     91.8604
1634     91.0817     91.8575
1635     91.0817     91.8547
1636     91.0817      91.851
1637     91.0817     91.8498
1638     91.0817     91.8482
1639     91.0817     91.8429
1640     91.0817     91.8413
1641     91.0817     91.8372
1642     91.0817      91.836
1643     91.0817     91.8311
1644     91.0817     91.8263
1645     91.0817     91.8226
1646     91.0817     91.8193
1647     91.0817     91.8108
1648     91.0817     91.7973
1649     91.0817     91.7832
1650     91.0817      91.767
1651     91.0817     91.7349
1652     91.0817      91.706
1653     91.0817     91.6881
1654     91.0817     91.6765
1655     91.0817      91.661
1656     91.0817     91.6411
1657     91.0817     91.6239
1658     91.0817     91.6011
1659     91.0817     91.5827
1660     91.0817     91.5803
1661     91.0817     91.5535
1662     91.0817     91.5363
1663     91.0817     91.5228
1664     91.0817     91.5007
1665     91.0817     91.4896
1666     91.0817     91.4773
1667     91.0817     91.4675
1668     91.0817     91.4516
1669     91.0817     91.4304
1670     91.0817     91.4021
1671     91.0817       91.38
1672     91.0817     91.3721
1673     91.0817     91.3584
1674     91.0817     91.3498
1675     91.0817     91.3326
1676     91.0817     91.3123
1677     91.0817     91.2973
1678     91.0817     91.2887
1679     91.0817     91.2792
1680     91.0817     91.2719
1681     91.0817     91.2677
1682     91.0817     91.2634
1683     91.0817     91.2619
1684     91.0817     91.2619
1685     91.0817     91.2619
1686     91.0817     91.2619
1687     91.0817     91.2619
1688     91.0817     91.2619
1689     91.0817     91.2619
1690     91.0817     91.2619
1691     91.0817     91.2619
1692     91.0817     91.2619
1693     91.0817     91.2619
1694     91.0817     91.2619
1695     91.0817     91.2619
1696     91.0817     91.2619
1697     91.0817     91.2619
1698     91.0817     91.2619
1699     91.0817     91.2619
1700     91.0817     91.2619
1701     91.0817     91.2619
1702     91.0817     91.2619
1703     91.0817     91.2619
1704     91.0817     91.2619
1705     91.0817     91.2619
1706     91.0817     91.2619
1707     91.0817     91.2619
1708     91.0817     91.2619
1709     91.0817     91.2619
1710     91.0817     91.2619
1711     91.0817     91.2619
1712     91.0817     91.2619
1713     91.0817     91.2619
1714     91.0817     91.2619
1715     91.0817     91.2619
1716     91.0817     91.2619
1717     91.0817     91.2619
1718     91.0817     91.2619
1719     91.0817     91.2619
1720     91.0817     91.2619
1721     91.0817     91.2619
1722     91.0817     91.2619
1723     91.0817     91.2619
1724     91.0817     91.2619
1725     91.0817     91.2619
1726     91.0817     91.2619
1727     91.0817     91.2619
1728     91.0817     91.2619
1729     91.0817     91.2619
1730     91.0817     91.2619
1731     91.0817     91.2619
1732     91.0817     91.2619
1733     91.0817     91.2619
1734     91.0817     91.2619
1735     91.0817     91.2619
1736     91.0817     91.2619
1737     91.0817     91.2619
1738     91.0817     91.2619
1739     91.0817     91.2619
1740     91.0817     91.2619
1741     91.0817     91.2619
1742     91.0817     91.2619
1743     91.0817     91.2619
1744     91.0817     91.2619
1745     91.0817     91.2619
1746     91.0817     91.2619
1747     91.0817     91.2619
1748     91.0817     91.2619
1749     91.0817     91.2619
1750     91.0817     91.2619
1751     91.0817     91.2619
1752     91.0817     91.2619
1753     91.0817     91.2619
1754     91.0817     91.2619
1755     91.0817     91.2619
1756     91.0817     91.2619
1757     91.0817     91.2619
1758     91.0817     91.2619
1759     91.0817     91.2619
1760     91.0817     91.2619
1761     91.0817     91.2619
1762     91.0817     91.2619
1763     91.0817     91.2619
1764     91.0817     91.2619
1765     91.0817     91.2619
1766     91.0817     91.2619
1767     91.0817     91.2619
1768     91.0817     91.2619
1769     90.5291     91.2605
1770     90.5291     91.2605
1771     90.5291     91.2605
1772     90.5291     91.2605
1773     90.5291     91.2605
1774     90.5291     91.2605
1775     90.5291     91.2605
1776     90.5291     91.2605
1777     90.5291     91.2605
1778     90.5291     91.2605
1779     90.5291     91.2605
1780     90.5291     91.2605
1781     90.5291     91.2605
1782     90.5291     91.2605
1783     90.5291     91.2605
1784     90.5291     91.2605
1785     90.5291     91.2605
1786     90.5291     91.2605
1787     90.5291     91.2605
1788     90.5291     91.2605
1789     90.5291     91.2605
1790     90.5291     91.2605
1791     90.5291     91.2605
1792     90.5291     91.2605
1793     90.5291     91.2605
1794     90.5291     91.2605
1795     90.5291     91.2605
1796     90.5291     91.2602
1797     90.5291      91.259
1798     90.5291      91.259
1799     90.5291     91.2601
1800     90.5291     91.2576
1801     90.5291     91.2576
1802     90.5291     91.2576
1803     90.5291     91.2564
1804     90.5291     91.2564
1805     90.5291     91.2612
1806     90.5291     91.2564
1807     90.5291     91.2564
1808     90.5291     91.2564
1809     90.5291     91.2564
1810     90.5291     91.2536
1811     90.5291     91.2521
1812     90.5291     91.2521
1813     90.5291     91.2506
1814     90.5291     91.2477
1815     90.5291     91.2477
1816     90.5291     91.2477
1817     90.5291     91.2434
1818     90.5291     91.2434
1819     90.5291     91.2405
1820     90.5291     91.2307
1821     90.5291      91.228
1822     90.5291     91.2252
1823     90.5291     91.2198
1824     90.5291     91.2253
1825     90.5291     91.2129
1826     90.5291     91.2087
1827     90.5291     91.2019
1828          90     91.1891
1829          90     91.1762
1830          90     91.1632
1831          90     91.1478
1832          90     91.1171
1833          90     91.0886
1834          90     91.0646
1835          90     91.0418
1836          90     91.0158
1837          90     91.0008
1838          90     90.9837
1839          90      90.971
1840          90     90.9474
1841          90     90.9097
1842          90     90.8946
1843          90     90.8829
1844          90     90.8667
1845          90     90.8474
1846          90     90.8302
1847          90     90.8188
1848          90     90.8012
1849          90     90.7887
1850          90     90.7682
1851          90     90.7608
1852          90     90.7379
1853          90     90.7121
1854          90     90.6805
1855          90     90.6541
1856     89.9287     90.6296
1857     89.9287     90.6196
1858     89.9287     90.6171
1859     89.9287     90.5987
1860     89.9287     90.5817
1861     89.9287     90.5435
1862     89.9287     90.5405
1863     89.9287     90.5003
1864     89.9287     90.4858
1865     89.9287     90.4826
1866     89.9287     90.4723
1867     89.9287      90.467
1868     89.9287     90.4545
1869     89.9287     90.4434
1870       89.29     90.4217
1871       89.29     90.3912
1872       89.29     90.3627
1873       89.29     90.3372
1874       89.29     90.3129
1875       89.29     90.3079
1876       89.29     90.2994
1877       89.29     90.2857
1878       89.29     90.2618
1879       89.29      90.233
1880       89.29     90.2165
1881       89.29     90.1978
1882       89.29      90.182
1883       89.29     90.1774
1884       89.29     90.1817
1885       89.29      90.163
1886       89.29     90.1567
1887       89.29     90.1426
1888       89.29     90.1273
1889       89.29     90.1019
1890       89.29     90.0884
1891       89.29     90.0715
1892       89.29     90.0548
1893       89.29     90.0506
1894       89.29     90.0373
1895       89.29     90.0216
1896       89.29     90.0144
1897     89.2186     89.9997
1898     89.2186     89.9897
1899     89.2186     89.9717
1900     89.2186     89.9585
1901     89.2186     89.9507
1902     89.2186     89.9503
1903     89.2186     89.9494
1904     89.2186     89.9477
1905     89.2186     89.9457
1906     89.2186     89.9444
1907     89.2186     89.9441
1908     89.2186      89.943
1909     89.2186      89.942
1910     89.2186     89.9389
1911     89.2186     89.9369
1912     89.2186     89.9343
1913     89.2186      89.932
1914     89.2186     89.9437
1915     89.2186     89.9276
1916     89.2186     89.9262
1917     89.2186      89.925
1918     89.2186     89.9216
1919     89.2186     89.9198
1920     89.2186     89.9169
1921     89.2186      89.916
1922     89.2186     89.9125
1923     89.2186     89.9083
1924     89.2186     89.9073
1925     89.2186     89.9056
1926     89.2186     89.9042
1927     89.2186     89.9025
1928     89.2186     89.8969
1929     89.2186     89.8887
1930     89.2186     89.8863
1931     89.2186     89.8853
1932     89.2186     89.8812
1933     89.2186     89.8778
1934     89.2186     89.8812
1935     89.2186     89.8711
1936     88.3032     89.8608
1937     88.3032     89.8495
1938     88.3032      89.844
1939     88.3032     89.8371
1940     88.3032     89.8567
1941     88.2318     90.0314
1942     88.2318     90.0411
1943     88.2318     89.8979
1944     88.2318     89.8118
1945     88.2318     89.7344
1946     88.2318     89.7197
1947     88.2318     89.6777
1948     88.2318     89.6658
1949     88.2318      89.651
1950     88.2318     89.5984
1951     88.2139     89.5468
1952     88.2139     89.5049
1953     88.2139     89.4466
1954     88.2139      89.359
1955     87.7719     89.2908
1956     87.7719      89.249
1957     87.7719     89.1904
1958     87.7719     89.1288
1959     87.7719     89.0683
1960     87.7719     89.0225
1961     87.7006     88.9725
1962     87.7006     88.9218
1963     87.7006     88.8533
1964     87.7006     88.8005
1965     87.7006     88.7531
1966     87.7006     88.6909
1967     87.7006     88.6583
1968     87.7006     88.6076
1969     87.7006      88.522
1970     87.7006     88.4559
1971     87.7006      88.415
1972     87.7006     88.3664
1973     87.7006     88.3225
1974     87.6827     88.2885
1975     87.6827      88.271
1976     87.6827     88.2301
1977     87.6827     88.1719
1978     87.6827     88.1354
1979     87.6827     88.0959
1980     87.6827     88.0756
1981     87.6827     88.0333
1982     87.6827     88.0177
1983     87.6827     87.9996
1984     87.6827     87.9802
1985     87.6827     87.9595
1986     87.6827     87.9498
1987     87.6827     87.9354
1988     87.6827     87.9183
1989     87.6827      87.898
1990     87.6827     87.8765
1991     87.6827     87.8678
1992     87.6827     87.8531
1993     87.6827     87.8506
1994     87.6827      87.833
1995     87.6827     87.8111
1996     87.6827     87.7911
1997     87.6827     87.7643
1998     87.6827     87.7477
1999     87.6827     87.7289
