GEN:      BEST_LOSS:      AVERAGE_LOSS: 
0      441.36     500.588
1     421.811      492.97
2     421.811      486.56
3     421.811     480.643
4     418.592     474.955
5     418.183     469.371
6     418.183     465.273
7     400.407     460.874
8     400.407     457.232
9     400.407     453.953
10     400.407     449.579
11     400.407      446.45
12     400.407     443.798
13     399.552     441.067
14     394.334     437.427
15     394.334     434.275
16     393.025     431.439
17     385.118     427.961
18     385.118     425.535
19     385.118     422.958
20     385.118     420.055
21     382.335     417.429
22     382.335     415.427
23     371.185     413.513
24     371.185     411.547
25     362.935     409.934
26     362.935     408.162
27     362.935     405.795
28     354.324     403.289
29     353.044     400.525
30     353.044      398.43
31     353.044     395.591
32     338.266      392.71
33     338.266     389.946
34     338.266     387.258
35     338.266      385.04
36     333.355     382.366
37     333.355     380.338
38     333.355     377.992
39     333.355     375.987
40     333.355     373.189
41     333.355     370.821
42     333.355      368.33
43     332.901     365.549
44     332.269     363.869
45     329.638     361.826
46     328.224     359.216
47     325.922     356.951
48     316.579      355.32
49     316.579     353.836
50     316.579     352.227
51     316.579     350.368
52     310.398     348.019
53     310.398     346.283
54     310.398     344.686
55     303.233     342.863
56     303.233     341.252
57     303.233     340.149
58     303.233     338.659
59     303.233     337.406
60     303.233      335.87
61     303.233     334.005
62     303.233      332.27
63     303.233      331.22
64     303.233     329.976
65     303.233     329.256
66     303.233      328.55
67     302.119     327.815
68     302.119     327.234
69     302.119     326.575
70     294.251     325.642
71     294.251      324.59
72     294.251     323.687
73     293.869     322.926
74     293.869     322.307
75     293.869     321.598
76     291.468     320.667
77     291.468     319.777
78     291.468      318.53
79     291.468     317.554
80     275.691     316.284
81     275.691     315.062
82     275.691     314.131
83     275.691     312.901
84     275.691     312.112
85     275.691      311.24
86     275.691     309.772
87     275.691     308.269
88     275.691     307.124
89     275.691     306.072
90     274.738     305.131
91     274.738     304.257
92     274.738     302.979
93     273.325     302.033
94     273.325     301.278
95     273.325      300.16
96     273.325     299.042
97     273.325     298.087
98     273.325     297.025
99     273.325     295.933
100      270.63     294.878
101     264.376     293.982
102     264.376     293.341
103     264.376     292.389
104     264.376     291.396
105     264.376     290.243
106     264.376     289.279
107     260.757     288.324
108     260.757     287.635
109     260.757      286.55
110     259.828     285.901
111     259.828     285.008
112     259.828     284.444
113     259.828     283.933
114     259.828     283.226
115     259.828      282.57
116     259.828     282.157
117     259.828     281.508
118     259.828     280.685
119     259.828     279.862
120     256.985     279.076
121     253.564     278.178
122     253.564     277.534
123     248.399     277.014
124     248.399     276.596
125     248.399      275.86
126     248.399     275.153
127     248.399     274.619
128     248.399     274.024
129     248.399     273.374
130     248.399     272.593
131     248.399     271.868
132     248.399     271.224
133     248.341     270.512
134     248.341     269.777
135      242.83     269.404
136      242.83     268.797
137      242.83      268.14
138      242.83     267.534
139      242.83     266.814
140      242.83     266.147
141      242.83     265.668
142      242.83     265.181
143      242.83     264.463
144      242.83     263.868
145      242.83     263.708
146      242.83     263.213
147      242.83     262.793
148      242.83     262.571
149      242.83     262.195
150      242.83     262.019
151      242.83     261.593
152      242.83     261.133
153     240.993     260.585
154     240.476      260.01
155     240.476      259.55
156     240.476     259.203
157     240.476     258.895
158     236.208     258.676
159     236.208     258.259
160     236.208     257.692
161     236.208     257.453
162     236.208     256.912
163     236.208     256.314
164     234.264      255.96
165     231.744     255.648
166     229.022     254.932
167     229.022     254.182
168     229.022     253.478
169     229.022     252.889
170     229.022     252.307
171     229.022     251.757
172     229.022      251.14
173     229.022     250.477
174     229.022     249.904
175     229.022     249.221
176     225.692     248.362
177     225.692     247.706
178     225.692     246.997
179     223.323     246.421
180     223.323     246.012
181     223.323     245.713
182      210.48     245.114
183      210.48      244.64
184      210.48     244.109
185      210.48     243.475
186      210.48     242.841
187      210.48     242.393
188      210.48     242.048
189      210.48     241.321
190      210.48     240.758
191      210.48       240.2
192      210.48     239.674
193      210.48     238.974
194      210.48     238.504
195      210.48     237.823
196      210.48     236.814
197      210.48      236.01
198      210.48     235.292
199      210.48     234.811
200      210.48     234.035
201      210.48     233.327
202      210.48     232.985
203      210.48     232.421
204      210.48     231.755
205      210.48     231.484
206     206.081     230.811
207     206.081     230.282
208     206.081     229.583
209     206.081     229.223
210     206.081     229.037
211     206.081     228.705
212     206.081     228.268
213     206.081     227.698
214     206.081     227.245
215     206.081     227.104
216     206.081     226.616
217     206.081     226.204
218     206.081     225.747
219     206.081     225.247
220     192.851     224.555
221     192.851     224.055
222     192.851     223.781
223     192.851     223.541
224     192.851     222.765
225     192.851     222.368
226     192.851     221.526
227     192.851     221.107
228     192.851     220.618
229     192.851     219.911
230     192.851     219.302
231     192.851     218.761
232     192.851     218.206
233     192.851     217.503
234     192.851     216.824
235     192.851     216.168
236     192.851     215.915
237     192.851     215.442
238     192.851     215.156
239     192.851     214.832
240     192.851     214.453
241     192.851     213.981
242     192.851     213.601
243     192.851     213.161
244     192.851     212.892
245     192.851     212.824
246     192.851     212.335
247     192.851     212.141
248     192.851     211.689
249     192.851     211.299
250     192.851     210.799
251     191.732     210.186
252     191.732     209.844
253     191.732      209.36
254     191.732     208.812
255     191.732     208.474
256     191.732     208.398
257     191.732     208.002
258     188.078     207.727
259     188.078     207.155
260     188.078     206.595
261     188.078     206.029
262     188.078     205.538
263     184.447     205.031
264     184.447     204.502
265     184.447      203.97
266     184.447     203.303
267     183.485     202.718
268     183.485      202.49
269     183.485     202.055
270     183.485     201.604
271     183.078     200.823
272     183.078     200.317
273     183.078     199.701
274     183.078      199.33
275     183.078     199.018
276     183.078     198.576
277     183.078     198.182
278     174.481     197.565
279     174.481     197.176
280     173.215     196.883
281     173.215     196.394
282     173.215     195.724
283     173.215     195.192
284     173.215     194.547
285     173.215     193.825
286     173.215     193.563
287     173.215     193.052
288     173.215     192.652
289     171.156     192.116
290     171.156     191.528
291     171.156     191.072
292     171.156     190.499
293     171.156     189.979
294     171.156     189.484
295     171.156     188.985
296     171.156     188.164
297     171.156     187.781
298     171.156     187.152
299     170.285     186.503
300     170.285     186.332
301     170.285     185.869
302     170.285     185.374
303     170.285     185.072
304     169.831     184.508
305     169.831     184.206
306     169.831     183.605
307     169.831     183.087
308     169.141     182.789
309     168.764      182.62
310     168.764     182.386
311     168.724     181.833
312     168.724      181.32
313     166.028     180.897
314     166.028       180.5
315     166.028     179.912
316     166.028     179.528
317     166.028     179.129
318     166.028     178.449
319     163.943     177.996
320     163.844     177.455
321     163.844     176.979
322     163.844     176.542
323     163.844     176.088
324     161.267     175.649
325     161.267     175.144
326     161.267     174.524
327     161.267     174.148
328     160.442      173.64
329     160.442     173.248
330     160.442     172.949
331     160.442     172.575
332     160.442     172.248
333     160.442     171.888
334     160.442     171.704
335     160.442     171.224
336     160.442     170.905
337     160.442     170.654
338     160.442     170.534
339     160.442     170.271
340     160.442     170.141
341     160.442      169.91
342     157.191     169.633
343     157.191     169.446
344     157.191     169.102
345     157.191     168.801
346     157.191     168.545
347     157.191     168.379
348     155.244     168.165
349     155.244     167.925
350     155.244     167.827
351     155.244     167.569
352     155.244     167.276
353     155.244     166.927
354     155.244      166.66
355     155.244     166.405
356     155.244     166.141
357     155.244     165.791
358     155.244     165.495
359     155.244     165.271
360     155.244     165.187
361     154.341     164.884
362     154.341      164.65
363     154.341     164.501
364     152.651     164.285
365     152.651     164.015
366     152.651     163.593
367     152.651     163.426
368     152.651     163.209
369     152.651      162.83
370     152.651      162.51
371     152.651     162.134
372     152.651     161.736
373     152.651     161.501
374     152.651     161.336
375     152.365     160.956
376     152.365     160.644
377     150.081      160.21
378     150.081     159.715
379     150.081     159.411
380     150.081     159.273
381     150.081      158.96
382     150.081     158.756
383     150.081     158.587
384     150.081     158.352
385     150.081     157.939
386     150.081     157.553
387     150.081     157.362
388     150.081     157.173
389     150.081     156.949
390     150.081     156.707
391     150.081     156.544
392     150.081      156.36
393     150.081     156.261
394     150.081     156.003
395     150.081     155.888
396     149.791     155.698
397     149.791     155.592
398     149.791     155.433
399     149.791     155.321
400     149.791     155.205
401     149.791     155.047
402     149.791     154.874
403     149.755     154.722
404     149.753     154.512
405     149.551     154.384
406      148.99     154.227
407      148.99     154.081
408      148.99     153.796
409      148.99      153.57
410     148.626     153.414
411     148.626     153.316
412     148.626     153.232
413     148.626     153.091
414     148.626     152.983
415     148.622     152.938
416      148.26     152.842
417     148.048     152.701
418     148.048      152.58
419     147.779     152.419
420     147.779     152.253
421       147.5     152.099
422       147.5     151.871
423       147.5      151.65
424     147.489      151.51
425     147.489     151.391
426     147.489     151.244
427     147.489     151.001
428     147.096     150.762
429     147.096     150.635
430     147.096     150.413
431     147.096     150.248
432     147.096     150.093
433     146.785     149.856
434     146.785     149.725
435     146.684     149.561
436       146.4     149.411
437     146.188     149.202
438     146.079      149.02
439     146.079     148.909
440     146.079     148.871
441     146.079     148.807
442     146.079     148.749
443     145.869     148.704
444     145.869     148.651
445      142.84     148.562
446      142.84     148.471
447      142.84     148.326
448      142.84      148.23
449      142.84     148.152
450      142.84     148.031
451      142.84      148.02
452      142.84     147.976
453      142.84     147.819
454      142.84     147.776
455      142.84     147.742
456      142.84     147.715
457      142.84     147.638
458      142.84     147.649
459      142.84     147.625
460      142.84     147.601
461      142.84     147.505
462      142.84     147.421
463      142.84     147.419
464      142.84      147.39
465      142.84     147.395
466      142.84     147.265
467      142.84     147.201
468      142.84     147.137
469      142.84     147.128
470      142.84     147.083
471      142.84     147.074
472      142.84      147.16
473      142.36     147.103
474      142.36     147.071
475      142.36     146.935
476      142.36     146.952
477     142.044     146.912
478     142.044     146.873
479     142.044      146.85
480     142.044     146.857
481     142.044     146.755
482     142.044     146.644
483     142.044     146.586
484     142.044     146.579
485     142.044     146.516
486     142.044     146.499
487     142.044     146.438
488     140.966     146.361
489     140.966     146.338
490     140.966     146.242
491     140.966     146.134
492     140.966     146.045
493     140.966     145.967
494     140.966     145.906
495     140.966     145.788
496     140.966     145.715
497     140.847     145.677
498     140.847     145.568
499     140.847     145.448
500     140.847     145.422
501     140.626     145.324
502     140.626     145.182
503      140.59     145.025
504      140.59     144.874
505      140.59     144.713
506      140.59     144.581
507      140.59     144.584
508      140.59     144.469
509      140.59     144.382
510       138.6     144.141
511       138.6     143.951
512       138.6     143.859
513       138.6     143.705
514       138.6     143.577
515       138.6      143.48
516       138.6     143.283
517       138.6     143.159
518       138.6     143.034
519       138.6     142.763
520       138.6     142.549
521      138.31       142.4
522      138.31     142.248
523      138.31     142.077
524      138.31     141.967
525      138.31     141.796
526     138.259     141.729
527     138.259     141.464
528     138.259     141.355
529     138.259     141.204
530     138.259     141.088
531     138.259     140.958
532     138.259     140.895
533     138.259     140.842
534     137.543     140.742
535     137.543     140.648
536     137.543     140.512
537     137.543     140.422
538     137.543      140.33
539     137.543     140.219
540     137.018     140.129
541     137.018     140.113
542     137.018     139.998
543     137.018     139.922
544     137.018     139.929
545     137.018     139.877
546     134.665      139.83
547     134.665     139.766
548     134.665     139.723
549     134.665     139.669
550     134.665     139.663
551     134.665     139.552
552     133.728     139.485
553     133.728     139.464
554     133.728     139.514
555     133.728     139.509
556     133.728     139.402
557     133.728       139.4
558     133.728     139.415
559     133.728     139.415
560     133.373     139.375
561     133.373     139.284
562     133.373     139.145
563     133.373     139.091
564     133.373     139.093
565     132.793     138.969
566     132.793     138.896
567     132.793      138.75
568     132.793     138.697
569     132.668     138.536
570     132.668     138.307
571     132.668     138.136
572     132.663     138.001
573     132.189     137.733
574     132.189     137.588
575     132.189     137.348
576     132.189      137.15
577     132.189     137.071
578     132.189     136.914
579     132.189     136.723
580     132.189     136.652
581     132.189     136.406
582     131.407     136.197
583     131.407     136.025
584     131.407     135.887
585     131.407     135.779
586     130.936     135.715
587     130.936      135.61
588     130.936     135.533
589     130.936     135.436
590     130.701     135.349
591     130.701     135.174
592     130.701      135.06
593     130.416     134.897
594     130.416     134.734
595     130.416     134.645
596     130.416     134.581
597     130.416     134.547
598     130.416     134.469
599     130.416     134.335
600     130.416     134.267
601     130.416     134.103
602     130.262     133.956
603     130.262     133.893
604     130.175     133.721
605     130.175     133.548
606     130.027      133.49
607     130.005     133.422
608     130.005      133.24
609     130.005     133.078
610     130.005     133.031
611     130.005     132.979
612     129.953     132.864
613     129.718     132.767
614     129.718     132.702
615     129.234     132.645
616     129.234     132.543
617     129.234     132.444
618     129.234     132.386
619     129.147     132.251
620     129.147      132.12
621     129.147     132.007
622     129.147     131.879
623     128.503     131.671
624     128.503     131.525
625     128.503      131.47
626     128.503     131.371
627     128.503     131.249
628     128.503     131.129
629     128.503     130.992
630     128.358     130.869
631     128.358     130.748
632     128.358     130.661
633     128.358       130.6
634     128.358     130.516
635     128.358     130.434
636     128.358     130.319
637     128.358     130.233
638     126.956     130.134
639     126.956     130.098
640     126.956     129.999
641     126.956     129.973
642     126.956     129.895
643     126.956     129.832
644     126.956     129.794
645     126.956     129.734
646     126.956     129.732
647     126.956       129.7
648     126.956     129.615
649     126.956     129.564
650     126.956     129.505
651     126.956     129.435
652     126.956     129.371
653     126.956      129.36
654     126.956     129.259
655     126.956     129.235
656     126.956     129.139
657     126.956     129.108
658     126.956     129.044
659     126.956     129.022
660     126.956     128.993
661     126.956      128.95
662     126.956     128.907
663     126.956     128.892
664     126.956     128.828
665     126.956     128.781
666     126.956     128.714
667     126.956     128.662
668     126.626     128.598
669     126.626      128.55
670     126.626     128.485
671     126.626     128.466
672     126.626     128.422
673     126.626     128.366
674     126.626     128.347
675     126.626      128.32
676     126.626     128.258
677     126.626     128.219
678     126.626     128.161
679     126.626     128.129
680     126.626      128.07
681     126.626      128.03
682     126.626      127.97
683     126.626     127.949
684     126.626     127.926
685     126.422     127.881
686     126.422      127.83
687     126.422     127.784
688     126.422     127.781
689     126.422       127.7
690     126.346     127.674
691     126.346      127.62
692     126.346     127.571
693     126.346     127.515
694     126.237     127.447
695     126.237     127.386
696     126.237     127.327
697     126.237     127.311
698     126.237     127.262
699     126.237      127.22
700     126.237     127.168
701     126.237     127.118
702     126.237     127.048
703     126.237     127.028
704     126.237     126.987
705     126.237     126.944
706     126.237     126.921
707     126.237     126.907
708     126.237     126.888
709     125.551      126.85
710     125.551     126.812
711     125.551     126.787
712     125.551     126.757
713     125.551     126.764
714     125.551     126.737
715     125.551     126.694
716     125.551     126.667
717     125.551      126.63
718     125.551     126.602
719     125.551     126.569
720     125.551     126.561
721     125.551     126.538
722     125.551      126.51
723     125.551     126.486
724     125.551      126.47
725     125.551     126.454
726     125.551     126.425
727     125.551     126.404
728      124.98     126.375
729      124.98     126.371
730      124.98     126.359
731      124.98      126.33
732      124.98     126.315
733      124.98     126.302
734      124.98     126.284
735     124.864     126.243
736     124.864     126.218
737     124.864     126.188
738     124.864     126.166
739     124.864     126.118
740     124.793     126.086
741     124.793      126.08
742     124.294     126.055
743     124.294     126.002
744     124.294     125.964
745     123.915     125.942
746     123.915      125.93
747     123.915     125.903
748     123.915     125.869
749     123.915     125.848
750     123.915     125.817
751     123.915     125.764
752     123.915     125.739
753     123.915     125.684
754     123.915     125.644
755     123.915     125.576
756     123.915     125.558
757     123.915     125.515
758     123.487     125.482
759     123.487     125.411
760     123.487     125.384
761     123.487     125.332
762     123.487     125.276
763     123.487     125.256
764     123.487     125.216
765     123.487     125.148
766     123.487      125.11
767     123.487      125.03
768     123.487     124.943
769     123.487     124.815
770     123.487     124.776
771     123.487     124.703
772     123.487     124.651
773     123.487     124.621
774     123.487     124.537
775     123.487     124.435
776     123.487     124.379
777     123.288     124.352
778     123.288     124.294
779     123.288     124.261
780     123.288     124.227
781     123.288     124.194
782     123.288     124.158
783     123.288     124.131
784     123.288     124.108
785     123.288     124.107
786     123.288     124.094
787     123.288     124.004
788     123.288     124.004
789     123.288     123.985
790     123.288     123.941
791     123.288     123.913
792     123.288     123.917
793     123.288     123.894
794     123.288      123.87
795     123.155     123.853
796     123.155     123.826
797     123.155     123.799
798     123.155     123.806
799     123.155     123.785
800     123.155     123.818
801     123.155     123.774
802     123.043     123.741
803     123.043     123.728
804     123.043     123.706
805     123.043     123.666
806     123.043     123.628
807     123.043     123.605
808     123.043     123.587
809     123.043      123.55
810     123.043     123.522
811      122.61     123.504
812      122.61     123.467
813      122.61     123.455
814      122.61     123.442
815      122.61      123.44
816     121.888     123.422
817     121.888     123.413
818     121.888     123.398
819     121.888     123.376
820     121.888     123.361
821     121.888     123.379
822     121.888     123.349
823     121.888     123.336
824     121.888      123.33
825     121.888     123.321
826     121.888      123.31
827     121.643       123.3
828     121.643     123.291
829     121.643     123.279
830     120.919     123.273
831     120.919     123.259
832     120.919     123.248
833     120.919     123.239
834     120.919     123.222
835     120.919     123.207
836     120.919     123.168
837     120.919     123.144
838     120.919     123.116
839     120.919     123.082
840     120.919     123.038
841     120.919     123.019
842     120.919     122.968
843     120.434       122.9
844     120.434     122.823
845     120.434      122.74
846     119.934     122.647
847     119.934     122.583
848     119.934     122.523
849     119.934     122.489
850     119.934      122.45
851     119.934     122.346
852     119.934     122.277
853     119.934     122.191
854     119.934     122.161
855     119.934     122.107
856     119.934     122.028
857     118.855     121.945
858     118.855     121.883
859     118.855     121.807
860     118.855     121.708
861     118.855      121.63
862     118.292     121.537
863     118.292     121.495
864     118.292     121.448
865     118.292     121.388
866     118.116     121.352
867     118.116     121.227
868     118.116     121.149
869     118.116     121.175
870     118.116     121.107
871     117.785     121.006
872     117.785     120.932
873     117.785     120.914
874     117.785     120.807
875     117.785     120.713
876     117.785     120.607
877     117.736     120.509
878     117.736     120.443
879     117.736     120.357
880     117.736      120.25
881     117.736     120.214
882     117.736     120.203
883     117.736     120.101
884     117.736     120.075
885     117.736     120.004
886     117.736     119.906
887     117.736     119.806
888     117.736     119.712
889     117.318     119.597
890     117.318      119.53
891     117.318      119.41
892     117.318     119.369
893     117.318     119.345
894     117.318     119.304
895     117.318     119.252
896     117.318     119.189
897     117.318     119.111
898     117.318     119.064
899     117.318     119.032
900     117.318     119.005
901     117.312     118.972
902     117.312     118.899
903     117.312     118.865
904     117.312     118.771
905     117.312     118.711
906     117.312     118.673
907     117.312     118.566
908     117.312     118.513
909     117.312     118.471
910     117.312      118.48
911     117.312     118.373
912     117.312     118.346
913     117.312     118.323
914     117.312     118.279
915     117.183     118.234
916     117.183     118.204
917     117.183     118.189
918     117.183     118.141
919     117.183     118.115
920     117.183      118.06
921     117.183     118.019
922     117.183     118.006
923     117.183     117.971
924     117.183     117.917
925     117.183      117.87
926     117.183     117.828
927     117.183     117.801
928     116.889     117.737
929     116.889     117.756
930     116.889     117.717
931     116.889      117.67
932     116.889     117.641
933     116.889     117.604
934     116.889     117.614
935     116.889      117.57
936     116.889     117.549
937     116.889     117.527
938     116.889     117.508
939     116.889     117.496
940     116.889     117.483
941     116.889     117.466
942     116.889      117.47
943     116.889     117.457
944     116.889     117.453
945     116.889     117.439
946     116.889     117.444
947     116.889     117.433
948     116.889      117.43
949     116.889     117.423
950     116.889      117.41
951     116.889     117.392
952     116.889     117.389
953     116.889     117.375
954     116.889     117.364
955     116.889     117.359
956     116.889     117.349
957     116.889     117.344
958     116.889     117.333
959     116.889     117.324
960     116.889     117.314
961     116.889     117.304
962     116.889     117.302
963     116.889     117.292
964     116.889     117.285
965     116.889     117.283
966     116.889     117.277
967     116.889     117.267
968     116.889     117.259
969     116.889     117.252
970     116.889     117.227
971     116.714     117.222
972     116.714     117.217
973     116.714     117.215
974     116.714     117.209
975     116.714     117.205
976     116.714       117.2
977     116.714     117.199
978     116.714     117.197
979     116.714     117.192
980     116.714     117.192
981     116.714      117.19
982     116.714     117.186
983     116.714     117.187
984     116.714      117.18
985     116.714     117.194
986     116.714     117.177
987     116.714     117.175
988     116.714     117.169
989     116.714     117.164
990     116.714     117.161
991     116.714     117.155
992     116.714      117.15
993     116.714     117.147
994     116.714      117.14
995     116.714     117.137
996     116.714     117.138
997     116.714     117.136
998      116.67     117.127
999     116.222     117.118
1000     116.222     117.117
1001     116.222     117.109
1002     116.222     117.099
1003     116.222     117.098
1004     116.222     117.096
1005     116.222     117.091
1006     116.222     117.086
1007     116.222     117.079
1008     115.882     117.071
1009     115.882     117.062
1010     115.882      117.06
1011     115.882     117.055
1012     114.383     117.049
1013     114.383     117.045
1014     114.367     117.033
1015     114.367     117.028
1016     114.367     117.022
1017     114.367     117.016
1018     114.367     117.022
1019     114.367     116.989
1020     114.367     116.965
1021     114.367     116.948
1022     114.367     116.935
1023     114.043     116.914
1024     114.043     116.896
1025     114.043     116.874
1026     114.043     116.937
1027     114.043      116.88
1028     113.288     116.843
1029     113.288     116.817
1030     113.288     116.792
1031     113.288     116.749
1032     113.288     116.725
1033     113.288     116.679
1034     113.288     116.602
1035     113.288     116.539
1036     113.288     116.449
1037     113.288     116.361
1038     113.288     116.241
1039     113.288     116.125
1040     113.288     116.043
1041     113.288     116.063
1042     113.288     116.006
1043     113.288     115.925
1044     113.288      115.86
1045     113.288      115.75
1046     113.288      115.64
1047     113.288     115.562
1048     113.244     115.421
1049     113.244     115.358
1050     113.244     115.303
1051     113.244     115.195
1052     113.244     115.107
1053     113.244     115.028
1054     113.019     114.989
1055     113.019       114.9
1056     113.019     114.755
1057     113.019     114.687
1058     113.019     114.594
1059     113.019      114.45
1060     113.019     114.363
1061     112.322     114.261
1062     112.322     114.188
1063     112.322     114.072
1064     112.322     113.992
1065     112.322     113.905
1066     112.322     113.844
1067     112.322     113.802
1068     112.322      113.72
1069     112.322     113.674
1070     112.322     113.628
1071     112.322     113.599
1072     112.322     113.533
1073     112.322     113.494
1074     112.322     113.462
1075     112.322     113.437
1076     112.322     113.393
1077     112.322     113.364
1078     112.322     113.345
1079     112.322     113.293
1080     112.322     113.259
1081     112.322     113.226
1082     112.322     113.193
1083     112.322     113.131
1084     112.322     113.093
1085      111.88     113.033
1086      111.88     112.945
1087      111.88     112.922
1088      111.88     112.866
1089      111.88     112.802
1090      111.88      112.77
1091      111.88     112.731
1092      111.88     112.703
1093      111.88      112.67
1094      111.88     112.644
1095      111.88     112.617
1096      111.88     112.611
1097      111.88     112.587
1098     111.864     112.575
1099     111.864     112.558
1100     111.864     112.543
1101     111.864     112.531
1102     111.864     112.515
1103     111.864     112.493
1104     111.864     112.476
1105     111.864      112.48
1106     111.864     112.459
1107     111.864      112.44
1108     111.864     112.434
1109     111.864     112.423
1110     111.864     112.408
1111     111.864     112.386
1112     111.864     112.358
1113     111.864     112.337
1114     111.864     112.324
1115     111.864     112.302
1116     111.864     112.266
1117     111.864     112.218
1118     111.864     112.209
1119     111.864     112.182
1120     111.864     112.155
1121     111.864     112.141
1122     111.864     112.133
1123     111.864     112.133
1124     111.864     112.125
1125     111.864     112.105
1126     111.864     112.089
1127     111.864     112.071
1128     111.864      112.06
1129     111.864     112.049
1130     111.864     112.043
1131     111.864     112.031
1132     111.864     112.019
1133     111.864     112.002
1134     111.864     111.995
1135     111.864     111.979
1136     111.864     111.979
1137     111.864     111.971
1138     111.864     111.961
1139     111.864      111.95
1140     111.864     111.939
1141     111.864     111.926
1142     111.864     111.908
1143     111.864     111.905
1144     111.864     111.899
1145     111.864     111.897
1146     111.864     111.889
1147     111.864     111.875
1148     111.864     111.866
1149     111.864     111.864
1150     111.864     111.864
1151     111.743     111.864
1152     111.743     111.864
1153     111.743     111.864
1154     111.743     111.864
1155     111.743     111.864
1156     111.743     111.864
1157     111.743     111.864
1158     111.743     111.864
1159     111.743     111.864
1160     111.743     111.864
1161     111.743     111.864
1162     111.743     111.864
1163     111.743     111.864
1164     111.743     111.864
1165     111.743     111.864
1166     111.743     111.864
1167     111.743     111.864
1168     111.743     111.864
1169     110.869     111.861
1170     110.869     111.859
1171     110.869     111.859
1172     110.869     111.855
1173     110.869     111.855
1174     110.869     111.855
1175     110.869     111.853
1176     110.869      111.85
1177     110.869     111.844
1178     110.869     111.839
1179     110.748     111.833
1180     110.748     111.817
1181     110.748     111.807
1182     110.748     111.791
1183     110.748     111.778
1184     110.748     111.755
1185     110.748     111.726
1186     110.748     111.688
1187     110.748     111.636
1188     110.748     111.575
1189     110.748     111.528
1190     110.748     111.494
1191     110.748     111.474
1192     110.299     111.427
1193     110.299     111.402
1194     110.299     111.374
1195     110.299     111.349
1196     110.299     111.319
1197     110.299     111.262
1198     110.299     111.234
1199     110.299     111.232
1200     110.299     111.201
1201     110.299     111.174
1202     110.299     111.149
1203     110.299     111.124
1204     110.299     111.076
1205     110.299     111.064
1206     110.299     111.033
1207     109.239     110.993
1208     109.239     110.983
1209     109.239     110.939
1210     109.239     110.928
1211     109.239     110.902
1212     109.239     110.894
1213     109.239     110.847
1214     109.239     110.825
1215     109.239     110.796
1216     109.239      110.76
1217     109.239     110.747
1218     109.239     110.736
1219     109.239     110.724
1220     109.239     110.705
1221     109.239     110.683
1222     109.239     110.657
1223      108.84     110.636
1224      108.84     110.618
1225      108.84     110.603
1226      108.84     110.582
1227      108.84     110.565
1228      108.84     110.553
1229      108.84     110.537
1230      108.84      110.51
1231      108.84      110.49
1232     108.749     110.465
1233     108.749     110.435
1234     108.749     110.417
1235     108.749     110.432
1236     108.749     110.356
1237     108.749       110.3
1238     108.728     110.253
1239     108.728     110.184
1240     108.728     110.096
1241     108.728     110.026
1242     108.728     110.005
1243     108.728     109.952
1244     108.728     109.901
1245     108.728     109.841
1246       108.7     109.782
1247       108.7     109.764
1248       108.7     109.714
1249       108.7     109.677
1250       108.7     109.601
1251       108.7     109.545
1252       108.7     109.502
1253       108.7     109.443
1254       108.7     109.397
1255       108.7     109.325
1256       108.7     109.298
1257       108.7     109.227
1258       108.7     109.202
1259     108.644     109.178
1260     108.644     109.154
1261     108.644     109.097
1262     108.644     109.062
1263     108.644     109.033
1264     108.644     108.993
1265     108.644     108.963
1266     108.644     108.928
1267     108.644     108.861
1268     108.644     108.833
1269     108.288     108.793
1270     108.288      108.79
1271     108.288     108.785
1272     108.288     108.773
1273     108.288     108.767
1274     108.288     108.759
1275     108.288     108.756
1276     108.116     108.751
1277     108.116      108.75
1278     106.955      108.74
1279     106.955     108.735
1280     106.955     108.729
1281     106.955     108.726
1282     106.955     108.721
1283     106.955     108.717
1284     106.955     108.711
1285     106.955     108.706
1286     106.955     108.696
1287     106.955     108.686
1288     106.955     108.691
1289     106.955     108.673
1290     106.955     108.657
1291     106.955     108.638
1292     106.955     108.627
1293     106.955     108.637
1294     106.955     108.602
1295     106.955     108.577
1296     106.955     108.556
1297     106.955     108.535
1298     106.955     108.529
1299     106.955     108.511
1300     106.955     108.472
1301      106.48     108.448
1302      106.48     108.429
1303      106.48     108.404
1304      106.48     108.382
1305      106.48     108.349
1306      106.48     108.327
1307      106.48     108.297
1308      106.48     108.262
1309      106.48     108.205
1310      106.48     108.175
1311      106.48     108.134
1312      106.48      108.08
1313      106.48     108.021
1314      106.48     107.968
1315     106.157     107.931
1316     106.157     107.861
1317     106.157     107.786
1318     105.787     107.703
1319     105.787     107.643
1320     105.787     107.562
1321     105.787     107.482
1322     105.787     107.448
1323     105.312     107.411
1324     105.312     107.387
1325     105.312     107.338
1326     105.312       107.3
1327     105.312     107.244
1328     105.312     107.155
1329     105.312     107.074
1330     105.312     107.016
1331     105.312     106.942
1332     105.312      106.91
1333     105.312     106.854
1334     105.312     106.794
1335     105.312     106.748
1336     105.312     106.727
1337     105.312     106.672
1338     105.312      106.62
1339     105.312      106.56
1340     105.312     106.494
1341     105.312     106.399
1342     105.312     106.357
1343     105.312     106.301
1344     105.312     106.255
1345     105.312     106.163
1346     105.312     106.082
1347     105.312     106.028
1348     105.312     105.961
1349     105.312     105.903
1350     105.312     105.831
1351     105.312      105.78
1352     105.312     105.734
1353     105.312     105.689
1354     105.312     105.654
1355     105.312      105.65
1356     105.312     105.605
1357     105.312     105.581
1358     105.312     105.547
1359     105.312     105.516
1360     105.312     105.462
1361     105.312     105.447
1362     104.166     105.407
1363     104.166     105.377
1364     104.166     105.366
1365     104.166     105.349
1366     104.166     105.335
1367     104.166     105.324
1368     104.166     105.322
1369     104.166     105.313
1370     104.166       105.3
1371     104.166     105.289
1372     104.166     105.286
1373     104.166     105.283
1374     104.166     105.283
1375     104.166     105.279
1376     104.166      105.27
1377     104.166     105.259
1378     104.166     105.255
1379     104.166     105.245
1380     104.166     105.234
1381     104.166      105.22
1382     104.166     105.211
1383     104.166     105.189
1384     104.166     105.159
1385     101.819     105.117
1386     101.819      105.05
1387     101.819     104.995
1388     101.819     104.923
1389     101.819     104.879
1390     101.819     104.852
1391     101.819     104.813
1392     101.819     104.751
1393     101.819     104.703
1394     101.819     104.658
1395     101.819     104.637
1396     101.819     104.609
1397     101.819     104.567
1398     101.819      104.53
1399     101.819      104.47
1400     101.819     104.427
1401     101.819      104.36
1402     101.819     104.293
1403     101.105     104.219
1404     101.105     104.133
1405     101.105     104.016
1406     101.105     103.869
1407     101.105     103.775
1408     101.105     103.665
1409     101.105     103.446
1410     101.105     103.355
1411     101.105     103.271
1412     101.105      103.15
1413     101.105     103.074
1414     101.105      102.93
1415     101.105     102.849
1416     101.105     102.725
1417     101.105     102.626
1418     101.105     102.511
1419     101.105     102.431
1420     101.105     102.346
1421     101.105     102.262
1422     101.105     102.173
1423     101.105     102.103
1424     101.105     101.929
1425     101.105     101.846
1426     100.879     101.753
1427     100.879     101.736
1428     100.879      101.67
1429     100.879     101.628
1430     100.879      101.57
1431     100.879     101.549
1432     100.879      101.49
1433     100.879     101.417
1434     100.879     101.386
1435     100.879     101.367
1436     100.879     101.348
1437     100.879     101.322
1438     100.792     101.303
1439     100.792     101.285
1440     100.792     101.281
1441     100.792     101.269
1442     100.792     101.255
1443     100.792     101.233
1444     100.792     101.204
1445     100.792     101.177
1446     100.792     101.153
1447     100.792     101.132
1448     100.792     101.111
1449     100.792     101.093
1450     100.792      101.09
1451     100.792     101.084
1452     100.792     101.078
1453     100.792     101.075
1454     100.792     101.069
1455     100.792     101.063
1456     100.792     101.052
1457     100.792     101.037
1458     100.792     101.022
1459     100.792     101.008
1460     100.792     100.995
1461     100.792     100.985
1462     100.792     100.983
1463     100.792     100.972
1464     100.792     100.962
1465     100.792     100.956
1466     100.792      100.95
1467     100.792     100.942
1468     100.792     100.926
1469     100.792     100.915
1470     100.792     100.912
1471     100.792     100.908
1472     100.792     100.895
1473     100.792     100.891
1474     100.792     100.885
1475     100.792     100.872
1476     100.792     100.864
1477     100.792     100.857
1478     100.792     100.847
1479     100.792     100.841
1480     100.792     100.832
1481     100.792     100.826
1482     100.792     100.816
1483     100.792     100.813
1484     100.792     100.801
1485     100.792     100.794
1486     100.792     100.792
1487     100.792     100.792
1488     100.792     100.792
1489     100.792     100.792
1490     100.792     100.792
1491     100.792     100.792
1492     100.792     100.792
1493     100.792     100.792
1494     100.792     100.792
1495     100.792     100.792
1496     100.792     100.792
1497     100.792     100.792
1498     100.792     100.792
1499     100.792     100.792
1500     100.792     100.792
1501     100.792     100.792
1502     100.792     100.792
1503     100.792     100.792
1504     100.792     100.792
1505     100.792     100.792
1506     100.792     100.792
1507     100.792     100.792
1508     100.792     100.792
1509     100.792     100.792
1510     100.792     100.792
1511     100.792     100.792
1512     100.792     100.792
1513     100.792     100.792
1514     100.792     100.792
1515     100.792     100.792
1516     100.792     100.792
1517      95.492     100.782
1518      95.492     100.782
1519      95.492     100.782
1520      95.492     100.782
1521      95.492     100.782
1522      95.492     100.782
1523      95.492     100.782
1524      95.492     100.782
1525      95.492     100.782
1526      95.492     100.782
1527      95.492     100.782
1528      95.492     100.782
1529      95.492     100.782
1530      95.492     100.782
1531      95.492     100.782
1532      95.492     100.782
1533      95.492     100.782
1534      95.492     100.781
1535      95.492     100.781
1536      95.492     100.781
1537      95.492     100.781
1538      95.492     100.781
1539      95.492     100.781
1540      95.492     100.781
1541      95.492      100.78
1542      95.492      100.78
1543      95.492      100.78
1544      95.492      100.78
1545      95.492     100.777
1546      95.492     100.777
1547      95.492     100.777
1548      95.492     100.774
1549      95.492     100.774
1550      95.492     100.774
1551      95.492     100.771
1552      95.492     100.771
1553      95.492      100.77
1554      95.492     100.767
1555      95.492     100.767
1556      95.492     100.767
1557      95.492     100.794
1558      95.492      100.76
1559      95.492     100.757
1560      95.492     100.743
1561      95.492     100.732
1562      95.492     100.723
1563      95.492     100.697
1564      95.492     100.671
1565      95.492     100.643
1566      95.492      100.63
1567      95.492     100.599
1568      95.492      100.57
1569      95.492     100.524
1570      95.492     100.471
1571      95.492      100.39
1572      95.492     100.334
1573      95.492     100.273
1574      95.492     100.231
1575      95.492     100.189
1576      95.492     100.156
1577      95.492     100.138
1578      95.492     100.122
1579      95.492     100.107
1580      95.492     100.082
1581      95.492     100.055
1582      95.492     100.026
1583      95.492     100.005
1584      95.492     99.9733
1585      95.492     99.9344
1586      95.492     99.9169
1587      95.492     99.9111
1588      95.492      99.862
1589      95.492     99.8127
1590      95.492     99.7767
1591      95.492     99.7639
1592      95.492     99.7945
1593      95.492     99.7934
1594      95.492     99.7437
1595      95.492     99.7166
1596      95.492     99.7151
1597      95.492     99.7075
1598      95.492     99.6883
1599      95.492     99.6629
1600      95.492     99.6822
1601      95.492     99.6701
1602      95.492     99.6487
1603      95.492     99.6323
1604      95.492     99.6164
1605      95.492     99.5879
1606      95.492     99.5462
1607      95.492     99.5772
1608      95.492     99.5032
1609      95.492     99.4847
1610      95.492     99.4327
1611      95.492     99.3745
1612      95.492     99.3457
1613      95.492     99.3187
1614      95.492     99.2787
1615     95.4833     99.1688
1616     95.4833     99.0111
1617     95.4833     98.8902
1618     95.4833      98.641
1619     95.3624     98.4992
1620     95.3624     98.2917
1621     95.3624     98.1982
1622     94.8275     98.0906
1623     94.8275      97.942
1624     94.8275     97.7866
1625     94.8275     97.6753
1626     94.8275     97.5463
1627     94.8275     97.4168
1628     94.8275     97.3183
1629     94.8275     97.2366
1630     94.8275     97.1458
1631     94.8275     97.0709
1632     94.8275     97.0045
1633     94.8275     96.8759
1634     94.8275     96.7685
1635     94.7835     96.6967
1636     94.7835     96.5322
1637     94.7835     96.4509
1638     94.7835     96.3656
1639     94.7835     96.2373
1640     94.7835     96.1776
1641     94.7748     96.0412
1642     94.7748     95.9339
1643     94.7748     95.8646
1644     94.7748     95.7464
1645     94.7748      95.718
1646     94.6539     95.6783
1647     94.6539     95.6388
1648     94.6539     95.6097
1649     94.6539     95.5494
1650     94.6539     95.5153
1651     94.6539     95.4706
1652     94.6539     95.4238
1653     94.6539     95.3648
1654     94.6539     95.2972
1655     94.6539      95.257
1656     94.6539     95.2432
1657     94.6539     95.2094
1658     94.6539     95.1693
1659     94.6539     95.1644
1660     94.6539     95.1589
1661     94.6539     95.1248
1662     94.6539     95.1147
1663     94.6539     95.0953
1664     94.6539     95.0803
1665     94.6539     95.0547
1666     94.6539     95.0296
1667     94.6539     94.9918
1668     94.6539     94.9784
1669     94.6539     94.9532
1670     94.6539     94.9281
1671     94.6539      94.923
1672     94.6539      94.911
1673     94.6539     94.8996
1674     94.6539     94.8756
1675     94.6539     94.8672
1676     94.6539     94.8471
1677     94.6539     94.8254
1678     94.6539     94.7972
1679     94.6539     94.7856
1680     94.6539      94.769
1681     94.6539     94.7557
1682     94.6539     94.7391
1683     94.6539     94.7308
1684     94.6539     94.7092
1685     94.6539     94.7063
1686     94.6539     94.6879
1687     94.0126      94.668
1688     94.0126     94.6646
1689     94.0126     94.6604
1690     94.0126     94.6565
1691     94.0126     94.6541
1692     94.0126     94.6512
1693     94.0126     94.6512
1694     94.0126     94.6512
1695     94.0126     94.6505
1696     94.0126     94.6505
1697     94.0126     94.6505
1698     94.0126     94.6493
1699     94.0126     94.6486
1700     94.0126     94.6465
1701     94.0126     94.6459
1702     94.0126     94.6452
1703     94.0126     94.6445
1704     94.0126     94.6432
1705     94.0126     94.6432
1706     94.0126     94.6432
1707     94.0126     94.6411
1708     94.0126     94.6371
1709     94.0126     94.6351
1710     94.0126     94.6325
1711     94.0126     94.6311
1712     94.0126     94.6297
1713     94.0126     94.6291
1714     94.0126      94.621
1715     94.0126     94.6163
1716     94.0126     94.6115
1717     94.0126     94.5967
1718     94.0126     94.5792
1719     94.0126     94.5574
1720     94.0126     94.5439
1721     94.0126     94.5332
1722     94.0126     94.5184
1723     94.0126      94.507
1724     94.0126     94.4882
1725     94.0126     94.4802
1726     94.0126     94.4691
1727     94.0126     94.4592
1728     94.0126      94.448
1729     94.0126     94.4422
1730     94.0126     94.4345
1731     94.0126      94.422
1732     94.0126      94.411
1733     94.0126     94.4001
1734     94.0126     94.3944
1735     94.0126     94.3846
1736     94.0126     94.3666
1737     94.0126     94.3418
1738     94.0126      94.322
1739     94.0126      94.299
1740     94.0126     94.2835
1741     94.0126     94.2586
1742     94.0126     94.2458
1743     94.0126     94.2443
1744     94.0126     94.2248
1745     94.0126     94.2129
1746     94.0126     94.2154
1747     94.0126     94.2026
1748     94.0126     94.1808
1749     94.0017     94.1629
1750     94.0017     94.1501
1751     94.0017      94.144
1752     94.0017     94.1331
1753     94.0017     94.1366
1754     94.0017       94.13
1755     94.0017     94.1215
1756     94.0017     94.1209
1757     94.0017     94.1118
1758     94.0017     94.1075
1759     94.0017     94.1027
1760     94.0017     94.0941
1761     94.0017     94.0869
1762     94.0017     94.0783
1763     94.0017     94.0704
1764     94.0017     94.0703
1765     94.0017     94.0684
1766     94.0017     94.0665
1767     94.0017     94.0578
1768     94.0017     94.0543
1769     94.0017     94.0528
1770     94.0017     94.0502
1771     94.0017       94.04
1772     94.0017     94.0359
1773     94.0017     94.0207
1774     94.0017     94.0124
1775     94.0017     94.0085
1776     94.0017     94.0084
1777     94.0017      94.008
1778     94.0017     94.0078
1779     94.0017     94.0076
1780     94.0017     94.0074
1781     94.0017      94.007
1782     94.0017     94.0068
1783     94.0017     94.0066
1784     94.0017     94.0064
1785     94.0017     94.0061
1786     94.0017      94.006
1787     94.0017     94.0056
1788     94.0017     94.0054
1789     94.0017      94.005
1790     94.0017     94.0049
1791     94.0017     94.0046
1792     94.0017     94.0044
1793     94.0017     94.0041
1794     94.0017     94.0039
1795     94.0017     94.0037
1796     94.0017     94.0034
1797     94.0017     94.0032
1798     94.0017     94.0031
1799     94.0017     94.0028
1800     94.0017     94.0025
1801     94.0017     94.0023
1802     94.0017      94.002
1803     94.0017     94.0017
1804     94.0017     94.0017
1805     94.0017     94.0017
1806     94.0017     94.0017
1807     94.0017     94.0017
1808     94.0017     94.0017
1809     94.0017     94.0017
1810     94.0017     94.0017
1811     94.0017     94.0017
1812     94.0017     94.0017
1813     94.0017     94.0017
1814     94.0017     94.0017
1815     94.0017     94.0017
1816     94.0017     94.0017
1817     94.0017     94.0017
1818     94.0017     94.0017
1819     94.0017     94.0017
1820     94.0017     94.0017
1821     94.0017     94.0017
1822     94.0017     94.0017
1823     94.0017     94.0017
1824     94.0017     94.0017
1825     94.0017     94.0017
1826     94.0017     94.0017
1827     94.0017     94.0017
1828     94.0017     94.0017
1829     94.0017     94.0017
1830     94.0017     94.0017
1831     94.0017     94.0017
1832     94.0017     94.0017
1833     94.0017     94.0017
1834     94.0017     94.0017
1835     94.0017     94.0017
1836     94.0017     94.0017
1837     94.0017     94.0017
1838     94.0017     94.0017
1839     94.0017     94.0017
1840     94.0017     94.0017
1841     94.0017     94.0017
1842     93.4605     94.0006
1843     93.4605     94.0006
1844     93.4605     94.0006
1845     93.4605     94.0006
1846     93.4605     94.0006
1847     93.4605     94.0006
1848     93.4605     94.0006
1849     93.4605     94.0006
1850     93.4605     94.0005
1851     93.4605     94.0005
1852     93.4605     94.0005
1853     93.4605     94.0005
1854     93.4605     94.0005
1855     93.4605     94.0005
1856     93.4605     94.0005
1857     93.4605     94.0005
1858     93.4605     94.0005
1859     93.4605     94.0005
1860     93.4605     94.0005
1861     93.4605     93.9997
1862     93.4605      93.999
1863     93.4605     93.9983
1864     93.4605     93.9976
1865     93.4605     93.9968
1866     93.4605     93.9968
1867     93.4605     93.9961
1868     93.4605     93.9961
1869     93.4605     93.9961
1870     93.4605     93.9961
1871     93.4605     93.9954
1872     93.4605     93.9947
1873     93.4605     93.9933
1874     93.4605     94.0009
1875     93.4605     93.9876
1876     93.4605     93.9854
1877     93.4605     93.9798
1878     93.4605     93.9817
1879     93.4605     93.9849
1880     93.4605      93.957
1881     93.4605     93.9709
1882     93.4605     93.9318
1883     93.4605     93.9057
1884     93.4605     93.8914
1885     93.4605     93.8765
1886     93.4605     93.8629
1887     93.4605     93.8535
1888     93.4605     93.8521
1889     93.4605     93.8364
1890     93.4605     93.8342
1891     93.4605     93.8255
1892     93.4605     93.8156
1893     93.4605     93.8119
1894     93.4605     93.8062
1895     93.4605     93.7977
1896     93.4605     93.7856
1897     93.4605     93.7719
1898     93.4605     93.7655
1899     93.4605     93.7498
1900     93.4605     93.7453
1901     93.4605     93.7358
1902     93.4605     93.7205
1903     93.4605      93.706
1904     93.4605     93.6968
1905     93.4605     93.6881
1906     93.4605     93.6858
1907     93.4605      93.669
1908     93.4605     93.6594
1909     93.4605     93.6527
1910     93.1879     93.6422
1911     93.1879     93.6399
1912     93.1879     93.6383
1913     93.1879     93.6371
1914     93.1879     93.6349
1915     93.1879     93.6325
1916     93.1416     93.6287
1917     93.1416     93.6264
1918     93.1416     93.6236
1919     93.1416     93.6208
1920     93.1416     93.6148
1921     93.1416     93.6135
1922     93.1416     93.6114
1923     93.1416     93.6071
1924     93.1416      93.601
1925     93.1416     93.5945
1926     93.1416     93.5838
1927     93.1416     93.5716
1928     93.1416     93.5586
1929     93.1416     93.5422
1930     93.1416     93.5132
1931     93.1416     93.4882
1932     93.1416     93.4651
1933     92.8431     93.4484
1934     92.8431     93.4431
1935     92.8431     93.4312
1936     92.8431     93.4251
1937     92.8431       93.41
1938     92.8431     93.3999
1939     92.8431     93.3849
1940     92.8431     93.3728
1941     92.8431     93.3601
1942     92.8431     93.3539
1943     92.8431     93.3445
1944     92.8431     93.3257
1945     92.8431     93.3144
1946     92.8431     93.3018
1947     92.8431     93.2866
1948     92.8431     93.2793
1949     92.8431     93.2656
1950     92.8431     93.2482
1951     92.8431     93.2397
1952     92.8431     93.2272
1953     92.8431     93.2185
1954     92.8431     93.2037
1955     92.8431     93.1848
1956     92.8431     93.1717
1957     92.8431     93.1563
1958     92.8431     93.1512
1959     92.7021     93.1366
1960     92.6467     93.1281
1961     92.6467      93.126
1962     92.6467     93.1239
1963     92.6467     93.1211
1964     92.6467     93.1185
1965     92.6467     93.1115
1966     92.6467     93.1058
1967     92.6467      93.096
1968     92.6467     93.0872
1969     92.6467      93.081
1970     92.6467     93.0733
1971     92.6467     93.0668
1972     92.6467     93.0608
1973     92.6467     93.0497
1974     92.6467     93.0379
1975     92.6467     93.0309
1976     92.6467      93.022
1977     92.6467     93.0076
1978     92.6467     93.0117
1979     92.6467     92.9995
1980     92.6467     92.9921
1981     92.6467     92.9868
1982     92.6467     92.9746
1983     92.6467      92.968
1984     92.6467     92.9565
1985     92.6467     92.9446
1986     92.6467      92.933
1987     92.6467     92.9103
1988     92.6467     92.8998
1989     92.6467     92.8964
1990     92.6467     92.8841
1991     92.6467      92.869
1992     92.6467     92.8571
1993     92.6467     92.8719
1994     92.6467     92.8463
1995     92.6467     92.8328
1996     92.6467     92.8293
1997     92.6467     92.8201
1998     92.6467     92.8157
1999     92.6467     92.8086
