#     BLOCK:   ACTUAL_TE:    TE_AVE:      ERROR:
           1    -1.00175    -1.00175           0
           2    -1.00244    -1.00209 0.000245442
           3    -1.00368    -1.00262 0.000462952
           4    -1.00571     -1.0034 0.000753122
           5    -1.00465    -1.00365 0.000642682
           6    -1.00254    -1.00346 0.000561506
           7    -1.00403    -1.00354  0.00048711
           8    -1.00342    -1.00353 0.000426455
           9    -1.00442    -1.00363 0.000390383
          10    -1.00309    -1.00357 0.000355004
          11    -1.00311    -1.00353 0.000325202
          12    -1.00496    -1.00365 0.000319157
          13    -1.00355    -1.00364 0.000294696
          14    -1.00459    -1.00371  0.00028129
          15    -1.00437    -1.00375 0.000265941
          16    -1.00339    -1.00373 0.000250289
          17    -1.00335    -1.00371 0.000236566
          18    -1.00522    -1.00379 0.000237773
          19    -1.00636    -1.00393 0.000260864
          20    -1.00147     -1.0038 0.000275195
           1   -0.977211   -0.977211           0
           2   -0.975391   -0.976301  0.00064358
           3   -0.978526   -0.977043 0.000742033
           4   -0.977543   -0.977168 0.000566981
           5    -0.97279   -0.976292 0.000904999
           6   -0.978272   -0.976622 0.000812106
           7   -0.972713   -0.976064 0.000867128
           8   -0.973883   -0.975791 0.000800435
           9   -0.977138   -0.975941 0.000725352
          10   -0.977421   -0.976089  0.00066774
          11   -0.974445   -0.975939 0.000623528
          12    -0.97829   -0.976135 0.000601547
          13   -0.976876   -0.976192 0.000557967
          14   -0.978611   -0.976365 0.000544207
          15   -0.978336   -0.976496 0.000523544
          16    -0.97672    -0.97651 0.000491009
          17   -0.975076   -0.976426 0.000469324
          18   -0.977277   -0.976473 0.000445627
          19    -0.97359   -0.976322 0.000447262
          20    -0.97771   -0.976391 0.000430252
           1   -0.938306   -0.938306           0
           2   -0.939514    -0.93891 0.000426923
           3   -0.936776   -0.938199 0.000646689
           4   -0.937847   -0.938111  0.00049096
           5   -0.940012   -0.938491 0.000519548
           6   -0.938309   -0.938461 0.000433843
           7   -0.938291   -0.938436 0.000372537
           8   -0.938966   -0.938503 0.000331802
           9   -0.937515   -0.938393 0.000312538
          10   -0.937742   -0.938328 0.000287977
          11   -0.938607   -0.938353 0.000262917
          12     -0.9359   -0.938149 0.000310493
          13   -0.939068    -0.93822 0.000294552
          14   -0.938634   -0.938249 0.000274994
          15   -0.940399   -0.938392 0.000291628
          16   -0.939905   -0.938487 0.000288324
          17   -0.937819   -0.938448 0.000274029
          18   -0.939663   -0.938515 0.000266992
          19   -0.937244   -0.938448 0.000261191
          20   -0.939393   -0.938496 0.000252365
           1   -0.902854   -0.902854           0
           2   -0.899542   -0.901198   0.0011711
           3   -0.898646   -0.900348    0.001045
           4   -0.897657   -0.899675 0.000976551
           5   -0.901572   -0.900054 0.000851752
           6    -0.90008   -0.900059 0.000709805
           7   -0.898409   -0.899823 0.000646343
           8    -0.90027   -0.899879  0.00056796
           9   -0.901518   -0.900061 0.000533259
          10   -0.900689   -0.900124 0.000483623
          11    -0.89926   -0.900045 0.000445988
          12   -0.898106   -0.899884 0.000437133
          13   -0.900172   -0.899906 0.000404071
          14   -0.898235   -0.899786 0.000392442
          15   -0.900219   -0.899815 0.000367337
          16   -0.900675   -0.899869 0.000348283
          17   -0.900379   -0.899899 0.000329087
          18   -0.900203   -0.899916 0.000311237
          19   -0.897302   -0.899778 0.000323847
          20   -0.897932   -0.899686  0.00032054
           1   -0.864345   -0.864345           0
           2   -0.861465   -0.862905  0.00101818
           3   -0.861857   -0.862555 0.000736226
           4   -0.859499   -0.861791 0.000861807
           5   -0.861682    -0.86177 0.000689723
           6   -0.860103   -0.861492 0.000628204
           7    -0.86079   -0.861392 0.000546395
           8   -0.861833   -0.861447 0.000480872
           9   -0.862005   -0.861509 0.000431427
          10   -0.862058   -0.861564 0.000391769
          11   -0.860958   -0.861509 0.000360006
          12   -0.860767   -0.861447 0.000335273
          13   -0.861115   -0.861421 0.000310453
          14   -0.859818   -0.861307 0.000308692
          15   -0.861393   -0.861313 0.000288167
          16   -0.860775   -0.861279 0.000272105
          17   -0.861737   -0.861306 0.000257432
          18   -0.861688   -0.861327 0.000244004
          19   -0.860861   -0.861303 0.000232393
          20   -0.861258     -0.8613 0.000220784
           1   -0.823708   -0.823708           0
           2   -0.823576   -0.823642   4.672e-05
           3   -0.824362   -0.823882 0.000198305
           4    -0.82453   -0.824044 0.000204507
           5   -0.824222    -0.82408 0.000166675
           6   -0.825536   -0.824322 0.000261539
           7   -0.826147   -0.824583  0.00032939
           8   -0.824819   -0.824613 0.000289529
           9   -0.825991   -0.824766 0.000295107
          10   -0.827701   -0.825059 0.000384846
          11   -0.826698   -0.825208 0.000377603
          12   -0.825592    -0.82524 0.000347488
          13   -0.825815   -0.825284 0.000323555
          14   -0.825189   -0.825278 0.000300515
          15   -0.825346   -0.825282 0.000280515
          16   -0.824406   -0.825227 0.000268281
          17    -0.82548   -0.825242 0.000252912
          18   -0.824014   -0.825174 0.000247899
          19   -0.824892   -0.825159 0.000235296
          20   -0.825397   -0.825171  0.00022383
           1   -0.789294   -0.789294           0
           2   -0.789455   -0.789374 5.69843e-05
           3   -0.792869   -0.790539 0.000951858
           4   -0.790752   -0.790592 0.000715382
           5   -0.790092   -0.790492 0.000579268
           6    -0.79012    -0.79043 0.000486026
           7   -0.789308    -0.79027 0.000442266
           8   -0.789755   -0.790206 0.000391633
           9   -0.790118   -0.790196 0.000348239
          10   -0.789419   -0.790118 0.000321969
          11    -0.79011   -0.790117   0.0002927
          12    -0.78816   -0.789954  0.00031046
          13   -0.789605   -0.789927 0.000287736
          14   -0.788622   -0.789834 0.000281893
          15   -0.789418   -0.789806 0.000264462
          16   -0.790351    -0.78984  0.00025011
          17   -0.789311   -0.789809 0.000237325
          18   -0.790655   -0.789856  0.00022875
          19    -0.79009   -0.789869 0.000217042
          20   -0.790119   -0.789881 0.000206549
           1   -0.757626   -0.757626           0
           2   -0.756584   -0.757105  0.00036823
           3   -0.756701    -0.75697 0.000269016
           4   -0.755948   -0.756715 0.000299548
           5   -0.755083   -0.756388 0.000377635
           6   -0.756351   -0.756382 0.000314746
           7   -0.756366    -0.75638 0.000269791
           8   -0.756781    -0.75643 0.000240688
           9   -0.755425   -0.756318 0.000238456
          10   -0.756245   -0.756311 0.000214723
          11   -0.756119   -0.756294 0.000195909
          12   -0.757255   -0.756374  0.00019527
          13   -0.756859   -0.756411 0.000183781
          14   -0.757453   -0.756485 0.000185104
          15   -0.757142   -0.756529 0.000177864
          16   -0.755944   -0.756493 0.000170465
          17   -0.758511   -0.756611 0.000197503
          18   -0.755784   -0.756565 0.000191809
          19   -0.756223   -0.756547 0.000182558
          20     -0.7569   -0.756565  0.00017428
           1   -0.725065   -0.725065           0
           2    -0.72547   -0.725267 0.000143141
           3   -0.724985   -0.725173 0.000122576
           4   -0.725847   -0.725342 0.000172442
           5   -0.725192   -0.725312 0.000140529
           6   -0.724621   -0.725197 0.000157382
           7   -0.724561   -0.725106 0.000158959
           8   -0.724823    -0.72507  0.00014296
           9   -0.725586   -0.725128 0.000138074
          10   -0.725628   -0.725178 0.000133037
          11   -0.723979   -0.725069 0.000159468
          12    -0.72415   -0.724992  0.00016354
          13   -0.725409   -0.725024 0.000154066
          14   -0.724921   -0.725017 0.000143238
          15   -0.724499   -0.724982 0.000137793
          16   -0.724461    -0.72495  0.00013297
          17   -0.726666   -0.725051  0.00015893
          18   -0.724106   -0.724998 0.000158522
          19   -0.725827   -0.725042 0.000156066
          20   -0.725982   -0.725089 0.000155177
           1   -0.696702   -0.696702           0
           2   -0.694636   -0.695669 0.000730297
           3   -0.694034   -0.695124 0.000659646
           4   -0.694227     -0.6949 0.000531502
           5   -0.696323   -0.695184 0.000495595
           6   -0.693936   -0.694976 0.000454559
           7    -0.69602   -0.695125 0.000413331
           8   -0.694956   -0.695104 0.000362204
           9   -0.695622   -0.695162   0.0003265
          10   -0.695069   -0.695153  0.00029398
          11   -0.695685   -0.695201 0.000271215
          12   -0.693957   -0.695097 0.000267703
          13   -0.695341   -0.695116 0.000247765
          14   -0.695064   -0.695112 0.000230096
          15   -0.694682   -0.695084 0.000216533
          16   -0.694545    -0.69505 0.000205595
          17   -0.693984   -0.694987 0.000202834
          18   -0.695426   -0.695012 0.000193023
          19   -0.693836    -0.69495  0.00019252
          20   -0.696365   -0.695021 0.000195469
           1   -0.667223   -0.667223           0
           2   -0.666919   -0.667071  0.00010735
           3   -0.667593   -0.667245 0.000159239
           4   -0.667742   -0.667369 0.000160783
           5   -0.667364   -0.667368  0.00012863
           6   -0.666227   -0.667178 0.000204103
           7   -0.665816   -0.666983 0.000251124
           8   -0.666582   -0.666933 0.000224679
           9   -0.666834   -0.666922 0.000199984
          10   -0.667736   -0.667004  0.00019584
          11   -0.665598   -0.666876 0.000215729
          12   -0.666839   -0.666873 0.000197773
          13    -0.66532   -0.666753 0.000215638
          14   -0.667123    -0.66678  0.00020185
          15   -0.666529   -0.666763 0.000189087
          16    -0.66829   -0.666858 0.000199915
          17   -0.667216   -0.666879 0.000189257
          18   -0.666702    -0.66687 0.000178998
          19   -0.665714   -0.666809 0.000179614
          20   -0.666277   -0.666782 0.000172592
           1   -0.640944   -0.640944           0
           2   -0.639124   -0.640034 0.000643306
           3   -0.640181   -0.640083 0.000430718
           4   -0.639959   -0.640052 0.000324143
           5   -0.641104   -0.640262 0.000320406
           6   -0.640002   -0.640219  0.00026992
           7   -0.640298    -0.64023 0.000231594
           8   -0.639825    -0.64018 0.000208118
           9   -0.639861   -0.640144  0.00018798
          10   -0.639825   -0.640112  0.00017187
          11    -0.63934   -0.640042 0.000169973
          12   -0.640737     -0.6401  0.00016537
          13   -0.639346   -0.640042 0.000162496
          14   -0.640511   -0.640076 0.000154307
          15   -0.641163   -0.640148 0.000160154
          16   -0.639538    -0.64011 0.000154619
          17   -0.640328   -0.640123 0.000146055
          18   -0.640157   -0.640125 0.000137954
          19    -0.64056   -0.640148 0.000132583
          20   -0.639722   -0.640126 0.000127648
           1   -0.615398   -0.615398           0
           2   -0.614912   -0.615155 0.000171793
           3   -0.614773   -0.615027 0.000154691
           4   -0.615036    -0.61503 0.000116034
           5    -0.61561   -0.615146 0.000139329
           6    -0.61526   -0.615165 0.000117394
           7   -0.614399   -0.615055 0.000142767
           8   -0.615219   -0.615076 0.000126371
           9   -0.615218   -0.615092  0.00011332
          10   -0.615109   -0.615093 0.000102001
          11   -0.615713    -0.61515 0.000107141
          12    -0.61629   -0.615245 0.000133905
          13   -0.615825   -0.615289 0.000130824
          14   -0.615582    -0.61531 0.000123136
          15   -0.614104    -0.61523 0.000138721
          16   -0.614458   -0.615182 0.000138193
          17   -0.615714   -0.615213 0.000133568
          18   -0.616009   -0.615257 0.000133271
          19   -0.614523   -0.615218 0.000131739
          20   -0.615679   -0.615241 0.000127147
           1   -0.591723   -0.591723           0
           2      -0.592   -0.591861  9.8104e-05
           3   -0.592804   -0.592175 0.000264712
           4   -0.592432    -0.59224 0.000206161
           5   -0.592637   -0.592319 0.000179616
           6   -0.591995   -0.592265 0.000157579
           7   -0.591535   -0.592161 0.000166011
           8   -0.592292   -0.592177 0.000146064
           9    -0.59183   -0.592139 0.000134825
          10   -0.591634   -0.592088 0.000130452
          11   -0.591354   -0.592021 0.000134599
          12   -0.591801   -0.592003 0.000124632
          13   -0.591377   -0.591955 0.000123993
          14   -0.591934   -0.591953 0.000115146
          15   -0.591955   -0.591954 0.000107469
          16   -0.591819   -0.591945 0.000101079
          17   -0.592418   -0.591973 9.88888e-05
          18   -0.591622   -0.591954 9.52983e-05
          19   -0.591261   -0.591917 9.69993e-05
          20   -0.591967    -0.59192 9.21811e-05
           1   -0.569265   -0.569265           0
           2    -0.56993   -0.569598 0.000235022
           3   -0.569383   -0.569526 0.000167261
           4   -0.570073   -0.569663 0.000172498
           5   -0.570664   -0.569863 0.000226161
           6   -0.569268   -0.569764 0.000209109
           7   -0.570417   -0.569857 0.000198952
           8   -0.569244    -0.56978 0.000188266
           9   -0.568623   -0.569652 0.000206663
          10   -0.570723   -0.569759 0.000211958
          11   -0.569672   -0.569751 0.000192835
          12   -0.570083   -0.569779 0.000178742
          13    -0.56995   -0.569792 0.000165479
          14   -0.570041    -0.56981 0.000154613
          15   -0.570064   -0.569827  0.00014523
          16   -0.570074   -0.569842 0.000136973
          17   -0.570325   -0.569871 0.000131827
          18    -0.57012   -0.569884 0.000125227
          19    -0.56944   -0.569861 0.000120798
          20   -0.569947   -0.569865 0.000114833
           1   -0.549401   -0.549401           0
           2   -0.548398   -0.548899 0.000354543
           3   -0.550754   -0.549518 0.000557443
           4   -0.548442   -0.549249  0.00047859
           5   -0.549958    -0.54939 0.000403346
           6   -0.548583   -0.549256 0.000357849
           7   -0.550003   -0.549363 0.000322255
           8   -0.549349   -0.549361 0.000281978
           9   -0.549901   -0.549421 0.000256944
          10   -0.549739   -0.549453 0.000233213
          11   -0.548675   -0.549382 0.000222473
          12   -0.549071   -0.549356 0.000205437
          13   -0.549301   -0.549352 0.000189678
          14   -0.549902   -0.549391 0.000180158
          15   -0.550461   -0.549463 0.000181708
          16   -0.549439   -0.549461 0.000170357
          17   -0.550134   -0.549501 0.000164866
          18   -0.549698   -0.549512  0.00015607
          19    -0.54967    -0.54952 0.000148079
          20   -0.549451   -0.549516 0.000140716
           1   -0.528873   -0.528873           0
           2    -0.53003   -0.529452 0.000408906
           3   -0.529967   -0.529623 0.000306515
           4   -0.528574   -0.529361  0.00032326
           5    -0.53063   -0.529615 0.000344121
           6   -0.529255   -0.529555 0.000291931
           7   -0.529752   -0.529583 0.000251578
           8   -0.529334   -0.529552 0.000222051
           9   -0.529735   -0.529572 0.000198309
          10   -0.529343   -0.529549 0.000179795
          11   -0.530175   -0.529606 0.000172214
          12   -0.530028   -0.529641 0.000161404
          13   -0.531283   -0.529768 0.000192142
          14    -0.52914   -0.529723  0.00018357
          15    -0.52946   -0.529705 0.000172166
          16   -0.530287   -0.529742 0.000165198
          17   -0.529845   -0.529748 0.000155593
          18   -0.530233   -0.529775 0.000149269
          19   -0.529445   -0.529757 0.000142415
          20   -0.530203    -0.52978 0.000137024
           1   -0.511501   -0.511501           0
           2   -0.511877   -0.511689 0.000132998
           3   -0.510728   -0.511368 0.000276198
           4   -0.512487   -0.511648 0.000318672
           5   -0.511141   -0.511547 0.000270596
           6   -0.511886   -0.511603 0.000231334
           7   -0.511719    -0.51162 0.000198882
           8   -0.511207   -0.511568 0.000180602
           9    -0.51188   -0.511603 0.000163829
          10   -0.511893   -0.511632 0.000149998
          11   -0.510955    -0.51157  0.00014843
          12   -0.511625   -0.511575 0.000136131
          13   -0.511531   -0.511571   0.0001257
          14   -0.512524    -0.51164 0.000133882
          15   -0.512076   -0.511669 0.000128078
          16   -0.511555   -0.511661 0.000120271
          17    -0.51205   -0.511684  0.00011535
          18   -0.511032   -0.511648   0.0001145
          19    -0.51131    -0.51163 0.000109849
          20   -0.511024     -0.5116 0.000108464
           1    -0.49394    -0.49394           0
           2   -0.492543   -0.493242 0.000493965
           3   -0.494927   -0.493804 0.000564729
           4   -0.495228    -0.49416 0.000523943
           5   -0.494984   -0.494325  0.00044435
           6   -0.494248   -0.494312 0.000370476
           7   -0.494136   -0.494287 0.000318398
           8   -0.494232    -0.49428 0.000278673
           9   -0.494255   -0.494277 0.000247723
          10   -0.493607    -0.49421  0.00023183
          11   -0.494498   -0.494236 0.000212224
          12   -0.493896   -0.494208 0.000196428
          13   -0.494028   -0.494194 0.000181807
          14    -0.49379   -0.494165   0.0001711
          15   -0.494938   -0.494217 0.000167274
          16   -0.495195   -0.494278 0.000167626
          17    -0.49438   -0.494284 0.000157874
          18   -0.493828   -0.494259 0.000151117
          19   -0.493698   -0.494229 0.000146016
          20   -0.493918   -0.494213 0.000139543
           1    -0.47842    -0.47842           0
           2   -0.477823   -0.478122 0.000211057
           3   -0.477745   -0.477996 0.000174146
           4   -0.479447   -0.478359 0.000340129
           5   -0.478799   -0.478447 0.000283293
           6   -0.479841   -0.478679 0.000317316
           7   -0.477457   -0.478505 0.000316383
           8   -0.478676   -0.478526  0.00027756
           9   -0.477683   -0.478432 0.000262039
          10   -0.478233   -0.478412 0.000236596
          11   -0.477322   -0.478313 0.000234931
          12   -0.478821   -0.478356 0.000219133
          13   -0.477726   -0.478307 0.000207568
          14   -0.478097   -0.478292 0.000193285
          15     -0.4777   -0.478253 0.000184385
          16     -0.4781   -0.478243 0.000173108
          17   -0.477803   -0.478217 0.000164853
          18   -0.478334   -0.478224 0.000155821
          19   -0.478241   -0.478225 0.000147623
          20   -0.479234   -0.478275 0.000148611
           1   -0.462571   -0.462571           0
           2   -0.463544   -0.463058 0.000344002
           3   -0.463243    -0.46312 0.000234824
           4   -0.462225   -0.462896 0.000261882
           5   -0.462889   -0.462895 0.000209509
           6   -0.462325     -0.4628 0.000194921
           7   -0.462913   -0.462816 0.000167748
           8   -0.462024   -0.462717 0.000173512
           9   -0.463245   -0.462776 0.000163845
          10   -0.463738   -0.462872 0.000173434
          11   -0.462569   -0.462844 0.000159831
          12   -0.464236    -0.46296 0.000183848
          13   -0.462713   -0.462941 0.000170684
          14   -0.462331   -0.462898 0.000163961
          15   -0.462618   -0.462879 0.000154088
          16   -0.462369   -0.462847 0.000147712
          17   -0.462115   -0.462804 0.000145171
          18   -0.462705   -0.462799  0.00013721
          19   -0.462838   -0.462801 0.000130004
          20   -0.462566   -0.462789 0.000124032
