#     BLOCK:   ACTUAL_H:    H_AVE:      ERROR:
           1    0.220495    0.220495           0
           2    0.163455    0.191975   0.0201666
           3    0.285517    0.223155   0.0287908
           4    0.151941    0.205352   0.0265328
           5    0.222326    0.208747   0.0214423
           6       0.155    0.199789   0.0196508
           7    0.118444    0.188168   0.0199864
           8    0.215698    0.191609   0.0177818
           9    0.145343    0.186469   0.0165325
          10    0.133816    0.181203   0.0156953
          11   0.0188923    0.166448    0.020038
          12    0.134155    0.163757    0.018548
          13    0.123864    0.160688   0.0173732
          14    0.296048    0.170357   0.0186294
          15    0.141859    0.168457   0.0174841
          16    0.144835     0.16698   0.0164535
          17    0.122053    0.164338   0.0156965
          18    0.106021    0.161098   0.0151551
          19    0.122674    0.159076   0.0144918
          20    0.138253    0.158034   0.0138045
          21    0.100472    0.155293   0.0134166
          22    0.119521    0.153667   0.0129049
          23    0.247409    0.157743   0.0129714
          24    0.025617    0.152238   0.0135489
          25    0.162029    0.152629   0.0130126
          26    0.128956    0.151719    0.012544
          27    0.295318    0.157037   0.0131586
          28    0.195538    0.158412   0.0127603
          29    0.167992    0.158743   0.0123246
          30   0.0794332    0.156099    0.012194
          31    0.144651     0.15573   0.0118063
          32    0.142943     0.15533   0.0114441
          33    0.236703    0.157796   0.0113598
          34    0.158937     0.15783   0.0110258
          35    0.160684    0.157911    0.010711
          36    0.114286    0.156699   0.0104818
          37     0.16851    0.157019   0.0102034
          38     0.11868     0.15601  0.00998466
          39    0.149467    0.155842  0.00973005
          40    0.173056    0.156272  0.00949631
          41    0.146371    0.156031  0.00926776
          42    0.150886    0.155908  0.00904791
          43    0.249469    0.158084  0.00909535
          44     0.10952     0.15698  0.00895536
          45    0.116569    0.156082  0.00880126
          46    0.158307    0.156131  0.00861006
          47   0.0684283    0.154265  0.00862671
          48    0.164849    0.154485   0.0084498
          49    0.130716       0.154  0.00829127
          50   0.0985227    0.152891  0.00819935
          51   0.0478618    0.150831  0.00829317
          52    0.207803    0.151927  0.00820573
          53    0.145591    0.151807  0.00805178
          54    0.121199     0.15124   0.0079226
          55    0.116468    0.150608  0.00780374
          56    0.178889    0.151113  0.00768071
          57    0.162829    0.151319  0.00754871
          58   0.0601657    0.149747  0.00758039
          59   0.0600389    0.148227  0.00760287
          60    0.120924    0.147772  0.00748976
          61    0.114303    0.147223  0.00738705
          62    0.168511    0.147566  0.00727588
          63    0.187758    0.148204   0.0071883
          64    0.117807    0.147729  0.00709166
          65   0.0707539    0.146545  0.00708074
          66    0.046521     0.14503   0.0071338
          67    0.130903    0.144819  0.00703044
          68    0.189081     0.14547  0.00695712
          69     0.18942    0.146107  0.00688539
          70    0.213354    0.147067  0.00685372
          71    0.133813    0.146881  0.00675973
          72    0.102636    0.146266  0.00669372
          73    0.207521    0.147105  0.00665441
          74    0.175909    0.147494  0.00657586
          75    0.147295    0.147492  0.00648818
          76    0.192924     0.14809  0.00643029
          77    0.240345    0.149288  0.00645743
          78    0.149588    0.149292  0.00637465
          79    0.107176    0.148758  0.00631621
          80   0.0332895    0.147315  0.00640005
          81   0.0470308    0.146077  0.00643967
          82   0.0955203     0.14546  0.00639059
          83    0.169682    0.145752  0.00632025
          84    0.205085    0.146459  0.00628436
          85    0.140037    0.146383  0.00621088
          86    0.128176    0.146171  0.00614227
          87    0.105021    0.145698  0.00608985
          88    0.285996    0.147293  0.00622584
          89    0.163259    0.147472  0.00615847
          90    0.177103    0.147801  0.00609884
          91    0.132141    0.147629  0.00603424
          92    0.182653     0.14801  0.00598065
          93   0.0802185    0.147281   0.0059606
          94    0.126263    0.147057  0.00590138
          95     0.14169    0.147001  0.00583953
          96    0.219983    0.147761  0.00582798
          97   0.0491631    0.146745  0.00585587
          98   0.0677255    0.145938  0.00585136
          99    0.138219     0.14586  0.00579278
         100    0.174801     0.14615  0.00574208
         101   0.0456396    0.145155  0.00577081
         102   0.0795364    0.144511  0.00574998
         103    0.131626    0.144386  0.00569552
         104    0.130617    0.144254  0.00564229
         105    0.221891    0.144993   0.0056368
         106     0.12373    0.144793  0.00558719
         107    0.153928    0.144878  0.00553562
         108    0.104923    0.144508  0.00549672
         109    0.172893    0.144768  0.00545245
         110     0.20557    0.145321  0.00543083
         111    0.177788    0.145614  0.00538977
         112    0.123766    0.145419  0.00534518
         113     0.33077    0.147059  0.00554384
         114     0.22809     0.14777  0.00554059
         115    0.110881    0.147449  0.00550169
         116   0.0984127    0.147026  0.00547048
         117     0.15224    0.147071   0.0054239
         118    0.136903    0.146985  0.00537862
         119    0.211852     0.14753  0.00536098
         120   0.0939434    0.147083  0.00533487
         121    0.234744    0.147808  0.00533974
         122   0.0718981    0.147185   0.0053321
         123    0.213853    0.147727  0.00531623
         124    0.165387     0.14787  0.00527526
         125    0.107177    0.147544   0.0052431
         126    0.115388    0.147289  0.00520769
         127     0.19212    0.147642  0.00517864
         128    0.239541     0.14836  0.00518771
         129    0.182274    0.148623  0.00515415
         130    0.136076    0.148526  0.00511541
         131    0.183497    0.148793  0.00508332
         132    0.105968    0.148469  0.00505515
         133    0.133331    0.148355  0.00501842
         134    0.178737    0.148582  0.00498609
         135    0.107313    0.148276  0.00495852
         136     0.17657    0.148484  0.00492642
         137    0.138452    0.148411  0.00489101
         138    0.131648    0.148289  0.00485707
         139   0.0685243    0.147716  0.00485591
         140     0.12962    0.147586  0.00482295
         141   0.0936068    0.147204  0.00480391
         142    0.135452    0.147121  0.00477079
         143    0.183217    0.147373   0.0047441
         144    0.212301    0.147824  0.00473254
         145    0.108954    0.147556  0.00470749
         146     0.11435    0.147329  0.00468073
         147    0.113659      0.1471  0.00465449
         148    0.113528    0.146873  0.00462857
         149    0.326634    0.148079  0.00475214
         150    0.159822    0.148157   0.0047211
         151     0.11584    0.147943  0.00469468
         152    0.177315    0.148137  0.00466777
         153    0.189672    0.148408  0.00464515
         154    0.134716    0.148319  0.00461584
         155    0.142327    0.148281  0.00458622
         156    0.203589    0.148635  0.00457051
         157    0.301109    0.149606  0.00464343
         158    0.187844    0.149848  0.00462034
         159    0.181141    0.150045  0.00459547
         160    0.136236    0.149959  0.00456756
         161    0.170838    0.150088  0.00454103
         162   0.0759747    0.149631  0.00453599
         163    0.109971    0.149388  0.00451468
         164    0.151799    0.149402  0.00448718
         165    0.134315    0.149311  0.00446091
         166    0.192415    0.149571  0.00444159
         167    0.100419    0.149276  0.00442473
         168    0.162056    0.149352  0.00439905
         169  0.00301899    0.148486  0.00445742
         170    0.214821    0.148877  0.00444825
         171     0.15732    0.148926  0.00442251
         172    0.119006    0.148752  0.00440022
         173    0.305034    0.149655  0.00446655
         174    0.112843    0.149444  0.00444589
         175   0.0996105    0.149159  0.00442959
         176   0.0814917    0.148775  0.00442108
         177    0.089615     0.14844  0.00440872
         178   0.0815217    0.148064  0.00439995
         179   0.0306282    0.147408  0.00442401
         180    0.222826    0.147827  0.00441923
         181    0.163842    0.147916   0.0043957
         182    0.221079    0.148318  0.00438989
         183   0.0957329     0.14803   0.0043753
         184    0.204907     0.14834  0.00436242
         185    0.154007     0.14837  0.00433895
         186    0.112701    0.148178  0.00431986
         187    0.145669    0.148165  0.00429678
         188   0.0472543    0.147628  0.00430732
         189   0.0789035    0.147265  0.00429985
         190    0.096535    0.146998   0.0042855
         191    0.136318    0.146942  0.00426343
         192    0.211507    0.147278  0.00425446
         193      0.1612     0.14735  0.00423303
         194    0.105465    0.147134  0.00421671
         195    0.198815    0.147399  0.00420341
         196   0.0636714    0.146972  0.00420361
         197    0.199776     0.14724  0.00419081
         198   0.0653957    0.146827  0.00418998
         199    0.158356    0.146885  0.00416933
         200    0.192565    0.147113  0.00415473
         201    0.204479    0.147399  0.00414385
         202    0.122799    0.147277  0.00412513
         203   0.0696494    0.146894  0.00412249
         204   0.0558228    0.146448  0.00412639
         205    0.107524    0.146258  0.00411063
         206    0.116495    0.146114  0.00409321
         207    0.109447    0.145936  0.00407727
         208    0.139206    0.145904  0.00405779
         209    0.148618    0.145917   0.0040384
         210    0.316023    0.146727   0.0040996
         211    0.143817    0.146713  0.00408019
         212    0.077358    0.146386  0.00407404
         213    0.119326    0.146259   0.0040569
         214   0.0452938    0.145787  0.00406528
         215   0.0993133    0.145571  0.00405211
         216    0.154125    0.145611  0.00403355
         217     0.12913    0.145535  0.00401568
         218    0.215684    0.145857  0.00401013
         219   0.0463598    0.145402  0.00401747
         220   0.0357799    0.144904  0.00402999
         221    0.113595    0.144762  0.00401424
         222   0.0588603    0.144375  0.00401477
         223   0.0887708    0.144126   0.0040045
         224    0.121564    0.144025  0.00398789
         225    0.126819    0.143949   0.0039709
         226    0.133445    0.143902   0.0039536
         227    0.146649    0.143914   0.0039362
         228    0.112559    0.143777  0.00392134
         229    0.127192    0.143704  0.00390489
         230    0.186646    0.143891  0.00389237
         231   0.0332176    0.143412  0.00390489
         232    0.144243    0.143416  0.00388806
         233   0.0553876    0.143038  0.00388969
         234     0.15718    0.143098  0.00387354
         235    0.212545    0.143394  0.00386831
         236    0.274894    0.143951  0.00389184
         237    0.206938    0.144217  0.00388448
         238    0.203995    0.144468  0.00387627
         239    0.125869     0.14439  0.00386084
         240     0.10871    0.144241  0.00384761
         241    0.164342    0.144325  0.00383255
         242     0.14524    0.144329  0.00381672
         243    0.172936    0.144446  0.00380282
         244    0.124417    0.144364  0.00378812
         245    0.162099    0.144437  0.00377335
         246   0.0811446    0.144179  0.00376678
         247     0.12995    0.144122  0.00375197
         248    0.189153    0.144303  0.00374123
         249    0.212117    0.144576   0.0037361
         250    0.263558    0.145052  0.00375135
         251    0.158341    0.145105  0.00373678
         252    0.152375    0.145133  0.00372206
         253    0.039087    0.144714  0.00373088
         254  0.00675031    0.144171  0.00375552
         255    0.111719    0.144044  0.00374295
         256   0.0610899     0.14372  0.00374233
         257   0.0460613     0.14334  0.00374701
         258    0.197306    0.143549  0.00373832
         259     0.13102    0.143501   0.0037242
         260    0.120123    0.143411  0.00371096
         261     0.12153    0.143327  0.00369769
         262  0.00738551    0.142808   0.0037198
         263    0.268913    0.143287  0.00373643
         264   0.0835396    0.143061  0.00372912
         265    0.321806    0.143736  0.00377556
         266    0.120422    0.143648  0.00376238
         267   0.0985419    0.143479  0.00375208
         268    0.178142    0.143608  0.00374031
         269    0.162785     0.14368  0.00372709
         270    0.120205    0.143593   0.0037143
         271    0.259784    0.144022  0.00372525
         272   0.0388814    0.143635  0.00373156
         273    0.246429    0.144012  0.00373684
         274   0.0632305    0.143717  0.00373481
         275    0.183713    0.143862  0.00372406
         276    0.206303    0.144088  0.00371744
         277    0.105692     0.14395   0.0037066
         278    0.130915    0.143903  0.00369356
         279    0.151182    0.143929  0.00368042
         280   0.0784671    0.143695  0.00367469
         281    0.216137    0.143953  0.00367064
         282    0.256115    0.144351  0.00367911
         283     0.15758    0.144397  0.00366641
         284    0.122902    0.144322  0.00365428
         285     0.15575    0.144362  0.00364168
         286    0.241715    0.144702  0.00364482
         287    0.200014    0.144895  0.00363721
         288     0.14313    0.144889  0.00362459
         289    0.223562    0.145161  0.00362225
         290    0.208113    0.145378  0.00361626
         291   0.0926462    0.145197  0.00360837
         292      0.1181    0.145104  0.00359721
         293   0.0686655    0.144843  0.00359438
         294    0.202734     0.14504  0.00358754
         295    0.198652    0.145222  0.00357998
         296   0.0524916    0.144909  0.00358157
         297    0.148079    0.144919  0.00356952
         298    0.102533    0.144777  0.00356038
         299    0.107544    0.144653  0.00355065
         300     0.21699    0.144894  0.00354699
         301    0.189148    0.145041  0.00353825
         302    0.155578    0.145076  0.00352671
         303    0.231439    0.145361  0.00352657
         304   0.0730801    0.145123  0.00352297
         305   0.0827841    0.144918  0.00351735
         306    0.151347    0.144939  0.00350592
         307   0.0587306    0.144659  0.00350572
         308   0.0442018    0.144332  0.00350948
         309    0.207303    0.144536  0.00350404
         310    0.166923    0.144609  0.00349348
         311    0.098283     0.14446  0.00348542
         312    0.150235    0.144478   0.0034743
         313    0.198974    0.144652  0.00346755
         314    0.130599    0.144607   0.0034568
         315    0.176486    0.144709  0.00344731
         316    0.188579    0.144847  0.00343919
         317   0.0999688    0.144706  0.00343126
         318     0.28566    0.145149  0.00344898
         319    0.118613    0.145066  0.00343917
         320    0.156813    0.145103  0.00342862
         321    0.249196    0.145427  0.00343324
         322    0.171656    0.145508  0.00342354
         323    0.149588    0.145521  0.00341296
         324    0.181398    0.145632  0.00340423
         325   0.0945264    0.145474  0.00339738
         326     0.17652     0.14557  0.00338829
         327    0.172995    0.145654  0.00337897
         328    0.216216    0.145869  0.00337551
         329    0.101003    0.145732    0.003368
         330   0.0483794    0.145437  0.00337069
         331    0.177667    0.145535  0.00336192
         332   0.0977301    0.145391  0.00335487
         333    0.024582    0.145028  0.00336436
         334    0.227624    0.145275  0.00336336
         335    0.149104    0.145287  0.00335334
         336    0.184246    0.145403  0.00334536
         337   0.0636931     0.14516  0.00334421
         338    0.169095    0.145231  0.00333507
         339    0.197643    0.145386  0.00332881
         340    0.211921    0.145581  0.00332477
         341    0.149163    0.145592  0.00331503
         342   0.0160756    0.145213   0.0033269
         343    0.256575    0.145538  0.00333301
         344    0.134522    0.145506  0.00332347
         345    0.212796    0.145701  0.00331956
         346    0.129104    0.145653  0.00331031
         347    0.139527    0.145635  0.00330082
         348    0.151566    0.145652  0.00329137
         349    0.200064    0.145808  0.00328563
         350    0.276887    0.146183  0.00329752
         351    0.152274      0.1462  0.00328817
         352   0.0882948    0.146035  0.00328294
         353   0.0701752    0.145821  0.00328067
         354    0.101178    0.145694  0.00327383
         355    0.185184    0.145806  0.00326649
         356     0.20364    0.145968  0.00326135
         357    0.153017    0.145988  0.00325228
         358    0.134693    0.145956  0.00324335
         359    0.071084    0.145748  0.00324101
         360    0.105422    0.145636  0.00323394
         361    0.094498    0.145494  0.00322809
         362    0.210357    0.145673  0.00322414
         363    0.110096    0.145575  0.00321675
         364    0.119915    0.145505  0.00320868
         365   0.0945331    0.145365  0.00320293
         366    0.224872    0.145582  0.00320153
         367    0.189192    0.145701  0.00319502
         368   0.0860651    0.145539  0.00319044
         369    0.167298    0.145598  0.00318234
         370   0.0340007    0.145296    0.003188
         371    0.149372    0.145307  0.00317942
         372    0.179219    0.145399  0.00317218
         373   0.0842495    0.145235  0.00316791
         374   0.0662341    0.145023  0.00316648
         375    0.293452    0.145419  0.00318268
         376    0.159739    0.145457  0.00317444
         377    0.277138    0.145807  0.00318518
         378    0.142726    0.145798  0.00317676
         379   0.0463232    0.145536   0.0031792
         380    0.140009    0.145521  0.00317087
         381    0.225184    0.145731  0.00316943
         382    0.151466    0.145746  0.00316117
         383    0.228416    0.145961  0.00316028
         384    0.206042    0.146118  0.00315592
         385    0.197972    0.146253   0.0031506
         386    0.186814    0.146358  0.00314419
         387   0.0630514    0.146142  0.00314342
         388    0.152277    0.146158  0.00313536
         389    0.150628     0.14617  0.00312732
         390    0.221521    0.146363  0.00312526
         391    0.141634    0.146351  0.00311729
         392    0.181319     0.14644  0.00311062
         393    0.127009    0.146391   0.0031031
         394   0.0546654    0.146158  0.00310394
         395   0.0870029    0.146008  0.00309969
         396     0.11956    0.145941  0.00309259
         397    0.256131    0.146219  0.00309723
         398    0.136749    0.146195  0.00308953
         399    0.213038    0.146363  0.00308633
         400    0.325168     0.14681  0.00311082
         401    0.115275    0.146731  0.00310405
         402    0.143602    0.146723  0.00309634
         403    0.253326    0.146988  0.00309994
         404    0.129074    0.146943  0.00309258
         405     0.17168    0.147004  0.00308555
         406   0.0967029     0.14688  0.00308044
         407    0.117604    0.146809  0.00307371
         408    0.231811    0.147017  0.00307323
         409    0.204343    0.147157  0.00306891
         410     0.10698    0.147059  0.00306298
         411    0.210048    0.147212  0.00305936
         412    0.136248    0.147186  0.00305205
         413    0.136612     0.14716  0.00304477
         414    0.175618    0.147229  0.00303819
         415    0.165376    0.147273  0.00303119
         416    0.128171    0.147227  0.00302425
         417    0.184912    0.147317  0.00301835
         418    0.276297    0.147626  0.00302686
         419    0.148019    0.147627  0.00301963
         420    0.211697    0.147779  0.00301629
         421    0.232666    0.147981  0.00301586
         422    0.215623    0.148141  0.00301297
         423   0.0881091    0.147999  0.00300919
         424      0.1043    0.147896  0.00300386
         425    0.107888    0.147802  0.00299826
         426   0.0710628    0.147622  0.00299663
         427    0.116081    0.147548  0.00299052
         428     0.16644    0.147592  0.00298386
         429    0.148088    0.147593  0.00297691
         430   0.0477856    0.147361  0.00297902
         431    0.165074    0.147402  0.00297239
         432   0.0121052    0.147089  0.00298196
         433     0.21665     0.14725   0.0029794
         434   0.0808973    0.147097  0.00297646
         435   0.0257841    0.146818  0.00298265
         436    0.160787     0.14685  0.00297598
         437    0.143326    0.146842  0.00296918
         438    0.242656    0.147061  0.00297045
         439    0.225639     0.14724  0.00296907
         440   0.0798713    0.147086  0.00296627
         441    0.130805     0.14705  0.00295977
         442    0.075274    0.146887  0.00295753
         443    0.140649    0.146873  0.00295088
         444    0.235158    0.147072  0.00295093
         445     0.23683    0.147274  0.00295118
         446    0.107564    0.147185  0.00294591
         447     0.18625    0.147272  0.00294062
         448    0.119282    0.147209  0.00293472
         449    0.285412    0.147517  0.00294428
         450   0.0939683    0.147398  0.00294014
         451   0.0932795    0.147278  0.00293607
         452    0.202529    0.147401  0.00293211
         453    0.169852     0.14745  0.00292606
         454   0.0910849    0.147326  0.00292225
         455    0.134759    0.147298  0.00291596
         456    0.191506    0.147395  0.00291117
         457    0.103636      0.1473  0.00290638
         458     0.10185      0.1472  0.00290172
         459    0.106557    0.147112  0.00289675
         460   0.0995142    0.147008   0.0028923
         461     0.16177     0.14704  0.00288621
         462    0.116476    0.146974  0.00288072
         463    0.219987    0.147132  0.00287881
         464    0.115322    0.147063  0.00287342
         465    0.249657    0.147284   0.0028757
         466    0.225835    0.147452  0.00287446
         467    0.138118    0.147432  0.00286838
         468    0.183026    0.147509  0.00286326
         469    0.193523    0.147607  0.00285883
         470    0.147155    0.147606  0.00285275
         471    0.107199     0.14752  0.00284798
         472    0.242703    0.147722  0.00284908
         473    0.149453    0.147725  0.00284306
         474   0.0614081    0.147543  0.00284289
         475    0.220754    0.147697  0.00284108
         476    0.205378    0.147818  0.00283769
         477    0.150862    0.147825  0.00283175
         478   0.0467239    0.147613  0.00283371
         479    0.103602    0.147521  0.00282929
         480   0.0936744    0.147409  0.00282562
         481    0.243634    0.147609  0.00282681
         482    0.125666    0.147564  0.00282132
         483    0.133374    0.147534  0.00281563
         484    0.137499    0.147514  0.00280989
         485    0.176072    0.147573  0.00280471
         486   0.0908879    0.147456  0.00280136
         487     0.14643    0.147454  0.00279561
         488    0.130307    0.147419   0.0027901
         489    0.219321    0.147566  0.00278827
         490     0.19081    0.147654  0.00278398
         491    0.206898    0.147775  0.00278092
         492    0.154969    0.147789  0.00277531
         493    0.103244    0.147699  0.00277115
         494    0.055424    0.147512  0.00277183
         495    0.126844     0.14747  0.00276654
         496   0.0437082    0.147261  0.00276886
         497    0.126135    0.147219  0.00276362
         498     0.11965    0.147163  0.00275862
         499    0.201025    0.147271   0.0027552
         500    0.107332    0.147191  0.00275085
         501    0.247007    0.147391  0.00275256
         502    0.255731    0.147606  0.00275553
         503    0.135801    0.147583  0.00275015
         504    0.218259    0.147723  0.00274827
         505    0.197464    0.147822  0.00274459
         506    0.185238    0.147896  0.00274016
         507    0.123462    0.147847  0.00273518
         508    0.166632    0.147884  0.00273005
         509   0.0802409    0.147751  0.00272792
         510   0.0883168    0.147635  0.00272505
         511    0.267177    0.147869  0.00272975
         512    0.229535    0.148028  0.00272907
         513   0.0735231    0.147883  0.00272761
         514    0.204405    0.147993  0.00272452
         515    0.174017    0.148044   0.0027197
         516     0.13077     0.14801  0.00271463
         517    0.272913    0.148252  0.00272011
         518    0.112354    0.148182  0.00271574
         519    0.217232    0.148315  0.00271377
         520   0.0532849    0.148133   0.0027147
         521    0.196836    0.148226  0.00271109
         522    0.266454    0.148453  0.00271535
         523   0.0981508    0.148357  0.00271186
         524    0.112688    0.148288  0.00270753
         525   0.0998335    0.148196  0.00270395
         526   0.0845842    0.148075  0.00270151
         527    0.156369    0.148091  0.00269643
         528    0.127136    0.148051  0.00269162
         529   0.0625391     0.14789  0.00269138
         530    0.146808    0.147888   0.0026863
         531    0.150812    0.147893  0.00268125
         532    0.168375    0.147932  0.00267648
         533    0.118165    0.147876  0.00267205
         534   0.0143942    0.147626  0.00267871
         535    0.173132    0.147673  0.00267413
         536    0.236569    0.147839  0.00267427
         537    0.157914    0.147858  0.00266936
         538    0.164877     0.14789  0.00266459
         539    0.135197    0.147866  0.00265975
         540    0.151428    0.147873  0.00265483
         541    0.112404    0.147807  0.00265073
         542    0.121333    0.147758  0.00264629
         543    0.131088    0.147728   0.0026416
         544    0.131486    0.147698  0.00263691
         545   0.0930988    0.147598  0.00263397
         546    0.119571    0.147546  0.00262965
         547    0.145407    0.147542  0.00262484
         548    0.137226    0.147524  0.00262012
         549    0.178551     0.14758  0.00261596
         550    0.150529    0.147585  0.00261121
         551   0.0778456    0.147459  0.00260953
         552    0.102704    0.147378  0.00260607
         553    0.173435    0.147425  0.00260178
         554     0.17278    0.147471  0.00259749
         555   0.0835543    0.147355  0.00259536
         556    0.250999    0.147542  0.00259738
         557    0.111512    0.147477  0.00259352
         558    0.200891    0.147573  0.00259064
         559    0.212908     0.14769  0.00258864
         560    0.138118    0.147673  0.00258407
         561    0.169348    0.147711  0.00257975
         562    0.261009    0.147913  0.00258303
         563    0.111734    0.147849  0.00257924
         564    0.212627    0.147964  0.00257722
         565    0.112206      0.1479  0.00257344
         566    0.117423    0.147846  0.00256945
         567    0.166059    0.147879  0.00256512
         568    0.187062    0.147948  0.00256153
         569    0.109729     0.14788  0.00255791
         570    0.154567    0.147892  0.00255345
         571    0.102672    0.147813  0.00255021
         572   0.0455078    0.147634  0.00255201
         573    0.215016    0.147752  0.00255027
         574   0.0673009    0.147611  0.00254967
         575    0.195184    0.147694  0.00254658
         576    0.199253    0.147784  0.00254373
         577     0.12876    0.147751  0.00253954
         578    0.114166    0.147693  0.00253581
         579    0.135891    0.147672  0.00253151
         580    0.108215    0.147604  0.00252806
         581    0.165781    0.147636   0.0025239
         582    0.228187    0.147774  0.00252336
         583    0.134491    0.147751  0.00251913
         584   0.0582039    0.147598  0.00251948
         585    0.168978    0.147634  0.00251544
         586   0.0989749    0.147551  0.00251252
         587    0.203236    0.147646  0.00251003
         588    0.049665     0.14748  0.00251128
         589    0.164667    0.147509  0.00250719
         590   0.0396035    0.147326   0.0025096
         591    0.168156    0.147361   0.0025056
         592    0.163719    0.147389  0.00250152
         593    0.156543    0.147404  0.00249735
         594   0.0686847    0.147272  0.00249666
         595   0.0998661    0.147192  0.00249374
         596    0.115309    0.147138  0.00249013
         597   0.0915277    0.147045   0.0024877
         598   0.0808684    0.146935    0.002486
         599    0.153004    0.146945  0.00248187
         600    0.198747    0.147031  0.00247923
         601    0.192468    0.147107  0.00247626
         602     0.14297      0.1471  0.00247216
         603   0.0995803    0.147021  0.00246931
         604   0.0698812    0.146893  0.00246852
         605     0.18818    0.146962  0.00246539
         606       0.115    0.146909  0.00246188
         607    0.172101     0.14695  0.00245818
         608    0.140279    0.146939  0.00245416
         609   0.0520995    0.146784  0.00245506
         610     0.12844    0.146754  0.00245122
         611    0.084233    0.146651  0.00244935
         612    0.209816    0.146754  0.00244752
         613    0.257347    0.146935  0.00245017
         614    0.163697    0.146962  0.00244633
         615    0.130272    0.146935   0.0024425
         616    0.145218    0.146932  0.00243854
         617    0.118693    0.146886  0.00243501
         618    0.132363    0.146863  0.00243119
         619   0.0954728     0.14678  0.00242868
         620   0.0766389    0.146667  0.00242739
         621    0.155792    0.146681  0.00242353
         622   0.0768693    0.146569  0.00242223
         623    0.171023    0.146609  0.00241866
         624    0.169669    0.146645  0.00241507
         625    0.144207    0.146642   0.0024112
         626    0.134879    0.146623  0.00240743
         627   0.0875257    0.146529  0.00240543
         628    0.219612    0.146645  0.00240441
         629    0.189203    0.146713  0.00240154
         630    0.178581    0.146763  0.00239826
         631   0.0785008    0.146655   0.0023969
         632    0.185674    0.146717   0.0023939
         633    0.181826    0.146772  0.00239077
         634    0.184493    0.146832  0.00238773
         635    0.135661    0.146814  0.00238404
         636    0.193307    0.146887  0.00238141
         637    0.192175    0.146958  0.00237873
         638    0.154612     0.14697  0.00237504
         639    0.131615    0.146946  0.00237144
         640    0.202943    0.147034  0.00236935
         641   0.0439125    0.146873  0.00237111
         642   0.0566335    0.146732  0.00237158
         643    0.140047    0.146722  0.00236791
         644    0.172183    0.146761  0.00236456
         645    0.146049     0.14676   0.0023609
         646    0.234154    0.146896  0.00236112
         647   0.0498002    0.146746  0.00236223
         648    0.206944    0.146838  0.00236041
         649    0.167306     0.14687  0.00235699
         650    0.166215      0.1469  0.00235355
         651    0.156971    0.146915  0.00234998
         652    0.147025    0.146915  0.00234638
         653    0.134627    0.146897  0.00234286
         654    0.058684    0.146762  0.00234316
         655    0.241703    0.146907  0.00234406
         656    0.129071    0.146879  0.00234064
         657    0.105986    0.146817  0.00233791
         658   0.0901629    0.146731  0.00233594
         659    0.154431    0.146743  0.00233243
         660    0.138288     0.14673  0.00232893
         661    0.100161     0.14666  0.00232647
         662    0.316726    0.146916   0.0023371
         663    0.190547    0.146982   0.0023345
         664    0.151143    0.146988  0.00233099
         665     0.19397    0.147059  0.00232855
         666    0.186342    0.147118   0.0023258
         667    0.078376    0.147015   0.0023246
         668    0.154146    0.147026  0.00232114
         669    0.198889    0.147103  0.00231897
         670    0.342569    0.147395  0.00233379
         671    0.223901    0.147509  0.00233309
         672     0.22966    0.147631  0.00233282
         673    0.158417    0.147647  0.00232941
         674    0.210132     0.14774   0.0023278
         675   0.0853378    0.147648  0.00232618
         676    0.124455    0.147613    0.002323
         677   0.0997279    0.147543  0.00232064
         678    0.118342    0.147499  0.00231762
         679    0.177476    0.147544  0.00231463
         680    0.095124    0.147466  0.00231251
         681    0.111524    0.147414  0.00230971
         682    0.110194    0.147359  0.00230697
         683    0.150828    0.147364   0.0023036
         684    0.191089    0.147428  0.00230112
         685     0.11429     0.14738  0.00229827
         686    0.172877    0.147417  0.00229522
         687    0.160929    0.147437  0.00229196
         688    0.172391    0.147473  0.00228892
         689  0.00778629     0.14727  0.00229455
         690    0.106726    0.147211  0.00229198
         691     0.16771    0.147241  0.00228886
         692    0.285195     0.14744  0.00229421
         693   0.0935836    0.147363  0.00229222
         694    0.133593    0.147343    0.002289
         695   0.0923047    0.147264  0.00228708
         696    0.284467    0.147461  0.00229227
         697  0.00321723    0.147254  0.00229831
         698    0.248271    0.147399  0.00229957
         699    0.107452    0.147341  0.00229699
         700   0.0455907    0.147196   0.0022983
         701    0.158209    0.147212  0.00229507
         702   0.0394412    0.147058  0.00229693
         703    0.151251    0.147064  0.00229367
         704     0.17302    0.147101  0.00229071
         705   0.0755859       0.147  0.00228971
         706   0.0927417    0.146923  0.00228775
         707    0.112713    0.146874  0.00228503
         708   0.0861892    0.146789  0.00228341
         709    0.124962    0.146758   0.0022804
         710    0.181016    0.146806  0.00227769
         711    0.104113    0.146746  0.00227528
         712    0.192454     0.14681  0.00227299
         713    0.159762    0.146828  0.00226988
         714    0.141651    0.146821  0.00226671
         715    0.192437    0.146885  0.00226444
         716    0.175327    0.146925  0.00226162
         717    0.184178    0.146977  0.00225907
         718   0.0490485     0.14684  0.00226003
         719     0.28097    0.147027  0.00226458
         720    0.244066    0.147162  0.00226544
         721    0.145195    0.147159   0.0022623
         722   0.0568322    0.147034  0.00226262
         723    0.055096    0.146907  0.00226306
         724    0.118786    0.146868  0.00226027
         725   0.0952973    0.146797  0.00225827
         726    0.142038     0.14679  0.00225517
         727    0.221298    0.146893  0.00225439
         728    0.112903    0.146846  0.00225178
         729   0.0990117     0.14678  0.00224965
         730    0.108335    0.146728  0.00224718
         731    0.164646    0.146752  0.00224424
         732    0.177842    0.146795  0.00224158
         733    0.222546    0.146898   0.0022409
         734    0.146647    0.146898  0.00223785
         735    0.166424    0.146924  0.00223496
         736    0.107834    0.146871  0.00223256
         737   0.0948017      0.1468  0.00223064
         738   0.0945164     0.14673  0.00222875
         739     0.13924    0.146719  0.00222575
         740    0.151066    0.146725  0.00222275
         741    0.134807    0.146709  0.00221981
         742    0.119414    0.146672  0.00221712
         743    0.187797    0.146728  0.00221483
         744    0.235155    0.146847  0.00221504
         745   0.0723092    0.146747  0.00221433
         746   0.0683931    0.146642  0.00221385
         747    0.187887    0.146697  0.00221157
         748    0.156079    0.146709  0.00220865
         749    0.118585    0.146672  0.00220602
         750    0.203151    0.146747  0.00220437
         751     0.17562    0.146786  0.00220177
         752    0.104483    0.146729  0.00219956
         753    0.197214    0.146796  0.00219766
         754    0.182845    0.146844  0.00219526
         755    0.119286    0.146808  0.00219266
         756    0.163667     0.14683  0.00218987
         757    0.127866    0.146805  0.00218712
         758    0.201911    0.146878  0.00218544
         759    0.067153    0.146773  0.00218509
         760    0.184873    0.146823  0.00218279
         761   0.0469792    0.146691  0.00218386
         762    0.191256     0.14675  0.00218178
         763    0.289763    0.146937  0.00218695
         764    0.254037    0.147078  0.00218858
         765   0.0897902    0.147003    0.002187
         766    0.179064    0.147045  0.00218454
         767    0.131551    0.147024  0.00218179
         768    0.140029    0.147015  0.00217897
         769    0.151292    0.147021  0.00217614
         770    0.109261    0.146972  0.00217387
         771    0.227255    0.147076  0.00217354
         772    0.111843     0.14703   0.0021712
         773    0.120672    0.146996  0.00216866
         774   0.0876046    0.146919  0.00216722
         775   0.0590639    0.146806  0.00216738
         776    0.151257    0.146812   0.0021646
         777    0.225599    0.146913  0.00216419
         778   0.0697553    0.146814  0.00216368
         779    0.168484    0.146842  0.00216108
         780    0.129427    0.146819  0.00215842
         781   0.0875271    0.146744  0.00215699
         782     0.18247    0.146789  0.00215472
         783   0.0525901    0.146669  0.00215532
         784    0.119858    0.146635  0.00215284
         785    0.149043    0.146638   0.0021501
         786   0.0425244    0.146505  0.00215144
         787   0.0759635    0.146416  0.00215058
         788    0.194669    0.146477  0.00214872
         789       0.178    0.146517  0.00214637
         790    0.044372    0.146388  0.00214754
         791    0.228785    0.146492  0.00214735
         792   0.0572008    0.146379   0.0021476
         793    0.109798    0.146333  0.00214539
         794    0.153692    0.146342   0.0021427
         795     0.17044    0.146372  0.00214022
         796    0.167742    0.146399   0.0021377
         797   0.0579474    0.146288   0.0021379
         798     0.14148    0.146282  0.00213523
         799    0.280802    0.146451  0.00213918
         800    0.330579    0.146681  0.00214886
         801    0.129852     0.14666  0.00214628
         802    0.209703    0.146738  0.00214504
         803    0.179075    0.146779  0.00214274
         804    0.176791    0.146816   0.0021404
         805   0.0481931    0.146694  0.00214125
         806    0.155227    0.146704  0.00213862
         807    0.211564    0.146784  0.00213748
         808    0.121598    0.146753  0.00213506
         809   0.0953964     0.14669  0.00213336
         810    0.194649    0.146749  0.00213155
         811     0.20412     0.14682   0.0021301
         812    0.238947    0.146933  0.00213049
         813   0.0579765    0.146824  0.00213068
         814   0.0894584    0.146753  0.00212923
         815    0.193131     0.14681  0.00212738
         816   0.0772347    0.146725  0.00212648
         817    0.194675    0.146784  0.00212468
         818    0.138074    0.146773  0.00212211
         819   0.0728712    0.146683  0.00212144
         820    0.165788    0.146706  0.00211898
         821    0.130782    0.146687  0.00211649
         822   0.0356589    0.146552  0.00211822
         823    0.164374    0.146573  0.00211576
         824    0.204462    0.146644  0.00211435
         825    0.300946    0.146831  0.00212005
         826    0.168163    0.146856  0.00211764
         827    0.157819     0.14687  0.00211512
         828   0.0717264    0.146779  0.00211451
         829    0.148101    0.146781  0.00211196
         830    0.150397    0.146785  0.00210942
         831    0.139422    0.146776   0.0021069
         832    0.163022    0.146796  0.00210446
         833   0.0775828    0.146712  0.00210357
         834    0.213063    0.146792  0.00210255
         835    0.240794    0.146905  0.00210305
         836    0.197538    0.146965   0.0021014
         837    0.201584     0.14703  0.00209991
         838    0.114889    0.146992  0.00209775
         839   0.0849309    0.146918  0.00209655
         840   0.0714406    0.146828  0.00209598
         841    0.158319    0.146842  0.00209354
         842   0.0967858    0.146782  0.00209189
         843    0.140063    0.146774  0.00208943
         844    0.144799    0.146772  0.00208695
         845    0.131803    0.146754  0.00208456
         846    0.145073    0.146752  0.00208209
         847    0.197277    0.146812  0.00208049
         848    0.171451    0.146841  0.00207824
         849    0.122175    0.146812    0.002076
         850      0.1428    0.146807  0.00207356
         851   0.0761139    0.146724  0.00207279
         852   0.0939677    0.146662  0.00207128
         853   0.0817518    0.146586  0.00207025
         854    0.130962    0.146568   0.0020679
         855   0.0597797    0.146466  0.00206797
         856    0.244708    0.146581  0.00206874
         857    0.200469    0.146644  0.00206728
         858   0.0697628    0.146555  0.00206681
         859    0.228627     0.14665  0.00206661
         860    0.174905    0.146683  0.00206447
         861    0.110162     0.14664  0.00206251
         862    0.169174    0.146667  0.00206028
         863    0.109903    0.146624  0.00205834
         864    0.146497    0.146624  0.00205595
         865     0.11423    0.146586  0.00205392
         866    0.161976    0.146604  0.00205162
         867    0.320255    0.146804  0.00205901
         868    0.146012    0.146804  0.00205664
         869    0.207316    0.146873  0.00205545
         870    0.130561    0.146854  0.00205317
         871    0.241038    0.146963  0.00205366
         872    0.040091     0.14684  0.00205496
         873    0.220551    0.146924  0.00205434
         874    0.181554    0.146964  0.00205237
         875    0.183125    0.147005  0.00205044
         876    0.122361    0.146977  0.00204829
         877     0.27245     0.14712  0.00205095
         878    0.188118    0.147167  0.00204915
         879    0.259978    0.147295  0.00205083
         880    0.253465    0.147416  0.00205204
         881     0.24189    0.147523  0.00205252
         882    0.211897    0.147596  0.00205149
         883    0.138924    0.147586  0.00204919
         884   0.0620861     0.14749  0.00204915
         885    0.175291    0.147521  0.00204707
         886   0.0940803    0.147461  0.00204565
         887    0.175058    0.147492  0.00204358
         888    0.180124    0.147529  0.00204161
         889    0.176274    0.147561  0.00203957
         890    0.235112    0.147659  0.00203965
         891    0.176055    0.147691  0.00203761
         892   0.0584951    0.147591  0.00203778
         893    0.274915    0.147734  0.00204048
         894    0.244848    0.147842  0.00204108
         895      0.2355     0.14794  0.00204115
         896    0.165117     0.14796  0.00203896
         897    0.112532     0.14792  0.00203707
         898    0.138886     0.14791  0.00203483
         899   0.0741634    0.147828  0.00203422
         900    0.282747    0.147978  0.00203748
         901    0.195419    0.148031  0.00203589
         902    0.243771    0.148137   0.0020364
         903    0.223769     0.14822  0.00203587
         904    0.155275    0.148228  0.00203363
         905   0.0721949    0.148144  0.00203312
         906    0.191555    0.148192  0.00203144
         907    0.212653    0.148263  0.00203044
         908    0.165776    0.148283   0.0020283
         909   0.0396271    0.148163  0.00202959
         910    0.120249    0.148132  0.00202759
         911    0.271351    0.148268  0.00202987
         912    0.147344    0.148267  0.00202764
         913    0.141417    0.148259  0.00202544
         914  0.00222035    0.148099  0.00202951
         915     0.21454    0.148172  0.00202859
         916   0.0982679    0.148117  0.00202711
         917    0.227933    0.148204  0.00202677
         918    0.157435    0.148214  0.00202458
         919    0.135519    0.148201  0.00202243
         920     0.11519    0.148165  0.00202055
         921    0.113676    0.148127   0.0020187
         922    0.159061    0.148139  0.00201655
         923     0.10981    0.148098  0.00201479
         924    0.169399    0.148121  0.00201274
         925    0.177857    0.148153  0.00201082
         926    0.154729     0.14816  0.00200866
         927    0.150222    0.148162   0.0020065
         928   0.0613001    0.148069  0.00200652
         929    0.211618    0.148137  0.00200552
         930    0.199005    0.148192  0.00200411
         931    0.194299    0.148241  0.00200257
         932    0.143711    0.148236  0.00200043
         933     0.19015    0.148281  0.00199879
         934    0.123767    0.148255  0.00199682
         935    0.205076    0.148316  0.00199561
         936   0.0799149    0.148243  0.00199482
         937    0.046823    0.148135  0.00199562
         938     0.14568    0.148132   0.0019935
         939    0.201077    0.148188  0.00199217
         940    0.137634    0.148177  0.00199008
         941    0.164739    0.148195  0.00198804
         942    0.196268    0.148246  0.00198659
         943    0.169439    0.148268  0.00198461
         944    0.220211    0.148344  0.00198397
         945    0.200186    0.148399  0.00198263
         946    0.222786    0.148478  0.00198209
         947    0.142354    0.148471  0.00198001
         948    0.152512    0.148476  0.00197793
         949    0.128177    0.148454  0.00197596
         950   0.0638852    0.148365  0.00197588
         951    0.231033    0.148452  0.00197571
         952    0.158288    0.148462  0.00197367
         953    0.115673    0.148428  0.00197189
         954    0.138602    0.148418  0.00196985
         955   0.0911789    0.148358   0.0019687
         956    0.146196    0.148356  0.00196665
         957    0.184929    0.148394  0.00196496
         958    0.219588    0.148468  0.00196432
         959    0.112743    0.148431  0.00196262
         960    0.102688    0.148383  0.00196115
         961    0.178836    0.148415  0.00195937
         962    0.244465    0.148515  0.00195988
         963    0.111795    0.148477  0.00195821
         964    0.211826    0.148542  0.00195728
         965   0.0956623    0.148488  0.00195602
         966    0.158307    0.148498  0.00195402
         967     0.16079     0.14851  0.00195204
         968    0.149252    0.148511  0.00195003
         969    0.279736    0.148647  0.00195271
         970   0.0198393    0.148514  0.00195521
         971    0.191293    0.148558  0.00195369
         972    0.194032    0.148605  0.00195224
         973    0.164755    0.148621   0.0019503
         974   0.0960505    0.148567  0.00194905
         975    0.152383    0.148571  0.00194705
         976   0.0764167    0.148497  0.00194646
         977    0.108771    0.148457  0.00194489
         978    0.213493    0.148523  0.00194404
         979     0.15971    0.148535  0.00194209
         980   0.0825498    0.148467  0.00194128
         981    0.186102    0.148506  0.00193968
         982    0.160755    0.148518  0.00193774
         983    0.171457    0.148541  0.00193591
         984    0.129087    0.148522  0.00193404
         985    0.143729    0.148517  0.00193209
         986    0.247558    0.148617  0.00193274
         987    0.122729    0.148591  0.00193096
         988    0.186525    0.148629  0.00192938
         989    0.155483    0.148636  0.00192744
         990     0.16797    0.148656   0.0019256
         991   0.0939942    0.148601  0.00192444
         992    0.101169    0.148553   0.0019231
         993    0.122871    0.148527  0.00192133
         994    0.160145    0.148539  0.00191944
         995    0.173405    0.148564  0.00191767
         996    0.239177    0.148655   0.0019179
         997    0.192815    0.148699  0.00191649
         998    0.180742    0.148731  0.00191484
         999   0.0824289    0.148665  0.00191407
        1000    0.241216    0.148757  0.00191439
        1001    0.087637    0.148696  0.00191345
        1002   0.0974582    0.148645  0.00191223
        1003    0.162207    0.148659  0.00191037
        1004    0.143141    0.148653  0.00190847
        1005    0.238137    0.148742  0.00190865
        1006   0.0899469    0.148684  0.00190765
        1007   0.0635851    0.148599  0.00190762
        1008    0.152628    0.148603  0.00190574
        1009    0.221933    0.148676  0.00190523
        1010    0.221752    0.148748  0.00190472
        1011   0.0929727    0.148693  0.00190363
        1012    0.156222      0.1487  0.00190177
        1013    0.195041    0.148746  0.00190044
        1014    0.140118    0.148738  0.00189859
        1015    0.148003    0.148737  0.00189672
        1016    0.054826    0.148645   0.0018971
        1017    0.267674    0.148762  0.00189884
        1018    0.076057     0.14869  0.00189832
        1019    0.286144    0.148825  0.00190124
        1020    0.212489    0.148887   0.0019004
        1021    0.241667    0.148978  0.00190071
        1022    0.140142     0.14897  0.00189887
        1023    0.227784    0.149047  0.00189858
        1024    0.249026    0.149144  0.00189923
        1025    0.144341     0.14914  0.00189739
        1026    0.212038    0.149201  0.00189653
        1027   0.0756386    0.149129  0.00189603
        1028    0.231487    0.149209  0.00189588
        1029    0.139302      0.1492  0.00189406
        1030    0.193408    0.149243  0.00189271
        1031    0.133076    0.149227  0.00189094
        1032     0.30807    0.149381  0.00189536
        1033    0.227861    0.149457  0.00189505
        1034    0.292242    0.149595  0.00189824
        1035    0.136589    0.149582  0.00189645
        1036    0.164273    0.149597  0.00189467
        1037   0.0842383    0.149534  0.00189389
        1038    0.170789    0.149554  0.00189218
        1039    0.137524    0.149543  0.00189039
        1040    0.113654    0.149508  0.00188889
        1041    0.203262     0.14956  0.00188778
        1042    0.109499    0.149521  0.00188636
        1043    0.173099    0.149544  0.00188469
        1044    0.127592    0.149523    0.001883
        1045    0.112038    0.149487  0.00188154
        1046    0.229269    0.149563  0.00188128
        1047    0.175896    0.149588  0.00187965
        1048    0.210268    0.149646  0.00187875
        1049    0.107883    0.149606  0.00187738
        1050    0.387392    0.149833  0.00188921
        1051    0.131328    0.149815  0.00188749
        1052   0.0416202    0.149712   0.0018885
        1053   0.0968862    0.149662  0.00188737
        1054    0.158207     0.14967  0.00188559
        1055   0.0724509    0.149597  0.00188523
        1056   0.0779218    0.149529  0.00188466
        1057    0.223872      0.1496  0.00188419
        1058    0.119515    0.149571  0.00188263
        1059    0.164982    0.149586   0.0018809
        1060    0.244983    0.149676  0.00188128
        1061    0.166949    0.149692  0.00187958
        1062    0.105802    0.149651  0.00187826
        1063    0.247447    0.149743  0.00187875
        1064    0.188468    0.149779  0.00187734
        1065    0.187934    0.149815  0.00187591
        1066   0.0571069    0.149728  0.00187617
        1067    0.112379    0.149693  0.00187474
        1068    0.107889    0.149654  0.00187339
        1069    0.200041    0.149701  0.00187223
        1070    0.160275    0.149711  0.00187051
        1071   0.0995963    0.149664  0.00186935
        1072    0.208829    0.149719  0.00186842
        1073   0.0071768    0.149586  0.00187139
        1074   0.0489153    0.149493    0.001872
        1075    0.234995    0.149572  0.00187194
        1076     0.20536    0.149624  0.00187092
        1077    0.142109    0.149617   0.0018692
        1078   0.0303065    0.149506  0.00187074
        1079   0.0880637    0.149449  0.00186987
        1080    0.197028    0.149493  0.00186866
        1081    0.195641    0.149536  0.00186742
        1082    0.103852    0.149494  0.00186617
        1083    0.218138    0.149557  0.00186552
        1084    0.107867    0.149519   0.0018642
        1085   0.0588246    0.149435  0.00186435
        1086    0.131669    0.149419  0.00186271
        1087    0.183901    0.149451  0.00186126
        1088    0.151306    0.149452  0.00185955
        1089     0.15725     0.14946  0.00185786
        1090    0.236485    0.149539  0.00185787
        1091    0.123488    0.149515  0.00185632
        1092     0.12691    0.149495  0.00185474
        1093    0.230854    0.149569  0.00185453
        1094   0.0808914    0.149506   0.0018539
        1095    0.154854    0.149511  0.00185221
        1096    0.156648    0.149518  0.00185053
        1097    0.280686    0.149637  0.00185271
        1098    0.253347    0.149732  0.00185342
        1099    0.122042    0.149707  0.00185191
        1100     0.05748    0.149623  0.00185212
        1101     0.18496    0.149655  0.00185072
        1102    0.250765    0.149747  0.00185131
        1103   0.0453053    0.149652  0.00185205
        1104   0.0910088    0.149599  0.00185114
        1105    0.140704    0.149591  0.00184948
        1106     0.22867    0.149662  0.00184919
        1107    0.168855     0.14968   0.0018476
        1108    0.159102    0.149688  0.00184595
        1109   0.0286721    0.149579  0.00184751
        1110   0.0202204    0.149462  0.00184952
        1111   0.0972189    0.149415  0.00184845
        1112   0.0559169    0.149331   0.0018487
        1113    0.123544    0.149308  0.00184718
        1114    0.135616    0.149296  0.00184557
        1115    0.241984    0.149379  0.00184578
        1116    0.130978    0.149363   0.0018442
        1117     0.22851    0.149433  0.00184391
        1118    0.100665     0.14939  0.00184278
        1119    0.130198    0.149373  0.00184121
        1120    0.113027     0.14934  0.00183985
        1121    0.177384    0.149365  0.00183838
        1122     0.12256    0.149341   0.0018369
        1123   0.0908125    0.149289    0.001836
        1124    0.168742    0.149307  0.00183445
        1125    0.150434    0.149308  0.00183282
        1126    0.162959     0.14932  0.00183123
        1127    0.157768    0.149327  0.00182962
        1128    0.090476    0.149275  0.00182874
        1129   0.0825814    0.149216  0.00182808
        1130    0.162425    0.149228   0.0018265
        1131    0.184055    0.149258  0.00182514
        1132    0.252171    0.149349  0.00182579
        1133    0.133814    0.149336  0.00182423
        1134   0.0847758    0.149279  0.00182351
        1135    0.253226     0.14937   0.0018242
        1136    0.187274    0.149404   0.0018229
        1137    0.307768    0.149543  0.00182661
        1138    0.144171    0.149538  0.00182502
        1139   0.0748223    0.149473  0.00182459
        1140    0.202172    0.149519  0.00182358
        1141   0.0953207    0.149471   0.0018226
        1142    0.188812    0.149506  0.00182133
        1143    0.117572    0.149478  0.00181995
        1144    0.206859    0.149528  0.00181905
        1145  0.00158385    0.149399  0.00182204
        1146   0.0909879    0.149348  0.00182116
        1147    0.104512    0.149309     0.00182
        1148    0.168451    0.149325  0.00181849
        1149   0.0882948    0.149272  0.00181768
        1150    0.201798    0.149318  0.00181667
        1151    0.075656    0.149254  0.00181622
        1152    0.106067    0.149216  0.00181503
        1153      0.2383    0.149294   0.0018151
        1154    0.246541    0.149378  0.00181548
        1155    0.187945    0.149411  0.00181422
        1156   0.0193295    0.149299  0.00181614
        1157    0.133623    0.149285  0.00181462
        1158   0.0931374    0.149237   0.0018137
        1159    0.255778    0.149329  0.00181446
        1160    0.103504    0.149289  0.00181333
        1161    0.112017    0.149257  0.00181205
        1162   0.0355264    0.149159  0.00181313
        1163     0.19224    0.149196  0.00181195
        1164    0.210634    0.149249  0.00181116
        1165    0.112689    0.149218  0.00180988
        1166    0.129414    0.149201  0.00180841
        1167    0.122642    0.149178    0.001807
        1168   0.0750372    0.149114  0.00180657
        1169    0.171093    0.149133  0.00180512
        1170    0.120806    0.149109  0.00180374
        1171    0.108272    0.149074  0.00180254
        1172    0.102433    0.149034  0.00180144
        1173    0.192019    0.149071  0.00180027
        1174    0.080502    0.149013  0.00179969
        1175    0.198795    0.149055  0.00179866
        1176   0.0952436    0.149009  0.00179771
        1177    0.117283    0.148982  0.00179638
        1178    0.133797    0.148969   0.0017949
        1179    0.120829    0.148946  0.00179354
        1180    0.107502     0.14891  0.00179236
        1181   0.0644307    0.148839  0.00179227
        1182    0.229916    0.148907  0.00179207
        1183    0.162365    0.148919  0.00179059
        1184    0.218178    0.148977  0.00179003
        1185   0.0355732    0.148882  0.00179108
        1186    0.144953    0.148878  0.00178957
        1187     0.23053    0.148947  0.00178939
        1188    0.196281    0.148987  0.00178832
        1189  0.00860127    0.148869  0.00179071
        1190    0.199469    0.148911  0.00178971
        1191    0.282474    0.149024  0.00179172
        1192     0.13919    0.149015  0.00179024
        1193   0.0384273    0.148923  0.00179113
        1194    0.181435     0.14895  0.00178984
        1195    0.180283    0.148976  0.00178853
        1196    0.116043    0.148949  0.00178725
        1197   0.0806609    0.148891  0.00178667
        1198    0.146883     0.14889  0.00178518
        1199    0.082377    0.148834  0.00178455
        1200   0.0954824     0.14879  0.00178362
        1201    0.238748    0.148865   0.0017837
        1202    0.101538    0.148825  0.00178265
        1203     0.23689    0.148899  0.00178268
        1204    0.136005    0.148888  0.00178123
        1205    0.222203    0.148949  0.00178079
        1206   0.0581138    0.148873   0.0017809
        1207    0.096301     0.14883  0.00177996
        1208    0.186503    0.148861  0.00177876
        1209     0.17625    0.148884  0.00177743
        1210    0.180408     0.14891  0.00177615
        1211     0.14222    0.148904   0.0017747
        1212    0.165761    0.148918  0.00177329
        1213   0.0764804    0.148858  0.00177283
        1214    0.140214    0.148851  0.00177138
        1215     0.13019    0.148836  0.00176999
        1216    0.175808    0.148858  0.00176868
        1217   0.0533384     0.14878  0.00176896
        1218   0.0967216    0.148737  0.00176803
        1219   0.0911807     0.14869  0.00176721
        1220    0.115025    0.148662  0.00176597
        1221   0.0885563    0.148613  0.00176521
        1222    0.167713    0.148628  0.00176384
        1223    0.104265    0.148592  0.00176277
        1224    0.282129    0.148701   0.0017647
        1225    0.224698    0.148763  0.00176435
        1226    0.213287    0.148816   0.0017637
        1227   0.0678371     0.14875  0.00176349
        1228   0.0851013    0.148698  0.00176282
        1229    0.190684    0.148732  0.00176172
        1230    0.128467    0.148716  0.00176036
        1231    0.182285    0.148743  0.00175914
        1232    0.145183     0.14874  0.00175772
        1233    0.109894    0.148709  0.00175657
        1234    0.230495    0.148775   0.0017564
        1235    0.136523    0.148765  0.00175501
        1236    0.224811    0.148827  0.00175466
        1237    0.105194    0.148791   0.0017536
        1238   0.0823588    0.148738    0.001753
        1239   0.0719286    0.148676  0.00175269
        1240   0.0993022    0.148636  0.00175172
        1241    0.200882    0.148678  0.00175082
        1242     0.19444    0.148715   0.0017498
        1243    0.136033    0.148705  0.00174842
        1244    0.204017    0.148749  0.00174758
        1245     0.13309    0.148736  0.00174622
        1246    0.211592    0.148787  0.00174555
        1247    0.291937    0.148902  0.00174792
        1248    0.148949    0.148902  0.00174652
        1249     0.20694    0.148948  0.00174574
        1250   0.0983982    0.148908  0.00174481
        1251    0.212135    0.148958  0.00174415
        1252    0.101359     0.14892  0.00174317
        1253     0.10601    0.148886  0.00174211
        1254    0.127127    0.148869  0.00174081
        1255    0.151727    0.148871  0.00173942
        1256    0.217112    0.148925  0.00173889
        1257    0.144152    0.148922  0.00173751
        1258   0.0451341    0.148839  0.00173808
        1259    0.137961     0.14883  0.00173673
        1260    0.129249    0.148815  0.00173542
        1261    0.187825    0.148846  0.00173432
        1262    0.240996    0.148919  0.00173448
        1263    0.145561    0.148916  0.00173311
        1264     0.20142    0.148958  0.00173223
        1265    0.100876     0.14892  0.00173128
        1266    0.175031     0.14894  0.00173004
        1267    0.141268    0.148934  0.00172868
        1268    0.180751    0.148959   0.0017275
        1269   0.0750671    0.148901  0.00172712
        1270     0.30859    0.149027  0.00173033
        1271    0.160824    0.149036  0.00172899
        1272    0.221407    0.149093  0.00172857
        1273    0.163308    0.149104  0.00172725
        1274    0.189118    0.149136  0.00172618
        1275   0.0644278    0.149069   0.0017261
        1276    0.135815    0.149059  0.00172478
        1277   0.0431322    0.148976  0.00172542
        1278    0.161186    0.148985   0.0017241
        1279    0.136573    0.148976  0.00172278
        1280   0.0881586    0.148928  0.00172209
        1281    0.171604    0.148946  0.00172084
        1282    0.140056    0.148939  0.00171951
        1283    0.204754    0.148982  0.00171872
        1284    0.161037    0.148992   0.0017174
        1285     0.15717    0.148998  0.00171608
        1286   0.0548725    0.148925  0.00171631
        1287    0.123402    0.148905  0.00171509
        1288    0.142349      0.1489  0.00171376
        1289     0.21785    0.148954  0.00171327
        1290   0.0890121    0.148907  0.00171257
        1291    0.156985    0.148913  0.00171125
        1292    0.169361    0.148929     0.00171
        1293    0.215956    0.148981  0.00170947
        1294    0.058977    0.148911  0.00170956
        1295    0.318145    0.149042  0.00171323
        1296    0.244022    0.149115  0.00171347
        1297   0.0919496    0.149071  0.00171272
        1298    0.124903    0.149053   0.0017115
        1299    0.120645    0.149031  0.00171032
        1300    0.121415     0.14901  0.00170914
        1301    0.196583    0.149046  0.00170822
        1302    0.106058    0.149013  0.00170722
        1303    0.150112    0.149014  0.00170591
        1304   0.0796828    0.148961  0.00170543
        1305    0.239063     0.14903  0.00170552
        1306    0.219554    0.149084  0.00170507
        1307   0.0974723    0.149044  0.00170422
        1308    0.135172    0.149034  0.00170295
        1309   0.0277647    0.148941  0.00170417
        1310    0.179367    0.148964  0.00170303
        1311    0.227078    0.149024  0.00170277
        1312    0.192307    0.149057  0.00170179
        1313    0.138794    0.149049  0.00170052
        1314   0.0740035    0.148992  0.00170018
        1315     0.10528    0.148959  0.00169921
        1316    0.177853    0.148981  0.00169806
        1317    0.269309    0.149072  0.00169923
        1318    0.108293    0.149041  0.00169822
        1319    0.118838    0.149018  0.00169709
        1320    0.133594    0.149007  0.00169584
        1321   0.0439301    0.148927  0.00169642
        1322    0.121445    0.148906  0.00169527
        1323   0.0324656    0.148818  0.00169627
        1324    0.110695    0.148789  0.00169523
        1325    0.221076    0.148844  0.00169483
        1326    0.233367    0.148908  0.00169475
        1327   0.0254217    0.148815  0.00169603
        1328    0.141252    0.148809  0.00169476
        1329    0.130916    0.148796  0.00169354
        1330    0.235827    0.148861  0.00169353
        1331    0.218621    0.148913  0.00169307
        1332    0.144015     0.14891   0.0016918
        1333   0.0790924    0.148857  0.00169134
        1334    0.265289    0.148945  0.00169232
        1335    0.224973    0.149002  0.00169201
        1336    0.181052    0.149026  0.00169092
        1337   0.0885081     0.14898  0.00169026
        1338   0.0715143    0.148922  0.00168999
        1339     0.11188    0.148895  0.00168895
        1340    0.217707    0.148946  0.00168847
        1341    0.198212    0.148983  0.00168761
        1342   0.0941378    0.148942  0.00168685
        1343    0.142033    0.148937   0.0016856
        1344   0.0930222    0.148895  0.00168486
        1345    0.196165     0.14893  0.00168397
        1346    0.162743    0.148941  0.00168275
        1347    0.190278    0.148971  0.00168178
        1348    0.178108    0.148993  0.00168068
        1349    0.174197    0.149012  0.00167953
        1350    0.230779    0.149072  0.00167938
        1351    0.181693    0.149096  0.00167831
        1352     0.22194     0.14915  0.00167793
        1353    0.142154    0.149145   0.0016767
        1354    0.129756    0.149131  0.00167553
        1355    0.236668    0.149195  0.00167553
        1356   0.0327652    0.149109   0.0016765
        1357    0.223133    0.149164  0.00167615
        1358    0.155415    0.149169  0.00167492
        1359   0.0535386    0.149098  0.00167517
        1360     0.10604    0.149067  0.00167423
        1361    0.225432    0.149123  0.00167394
        1362    0.206307    0.149165  0.00167324
        1363    0.209591    0.149209   0.0016726
        1364   0.0617566    0.149145   0.0016726
        1365    0.160412    0.149153   0.0016714
        1366    0.189515    0.149183  0.00167043
        1367    0.238968    0.149248   0.0016705
        1368    0.129153    0.149234  0.00166935
        1369    0.160328    0.149242  0.00166815
        1370    0.152329    0.149244  0.00166693
        1371    0.110875    0.149216  0.00166595
        1372    0.100107     0.14918  0.00166512
        1373    0.165492    0.149192  0.00166395
        1374    0.277574    0.149286  0.00166536
        1375    0.162917    0.149295  0.00166418
        1376    0.195163    0.149329   0.0016633
        1377   0.0903635    0.149286  0.00166265
        1378   0.0668249    0.149226  0.00166252
        1379    0.170952    0.149242  0.00166139
        1380    0.179554    0.149264  0.00166033
        1381   0.0768959    0.149211  0.00165995
        1382    0.209264    0.149255  0.00165932
        1383   0.0754176    0.149201  0.00165898
        1384   0.0678818    0.149143  0.00165882
        1385   0.0979812    0.149106  0.00165803
        1386   0.0989279     0.14907  0.00165723
        1387    0.102021    0.149036  0.00165638
        1388    0.059687    0.148971  0.00165644
        1389    0.151211    0.148973  0.00165525
        1390    0.221771    0.149025  0.00165489
        1391    0.286845    0.149124  0.00165666
        1392    0.199022     0.14916  0.00165586
        1393   0.0612802    0.149097  0.00165587
        1394    0.120068    0.149076  0.00165481
        1395    0.287349    0.149175  0.00165659
        1396    0.205224    0.149216  0.00165589
        1397   0.0247435    0.149126   0.0016571
        1398    0.238969    0.149191  0.00165716
        1399    0.070123    0.149134  0.00165694
        1400    0.112757    0.149108  0.00165596
        1401    0.206302    0.149149  0.00165528
        1402    0.189537    0.149178  0.00165435
        1403    0.157687    0.149184  0.00165319
        1404    0.103228    0.149151  0.00165233
        1405    0.228669    0.149208  0.00165213
        1406    0.155945    0.149213  0.00165096
        1407    0.119118    0.149191  0.00164992
        1408   0.0862749    0.149147  0.00164936
        1409    0.141534    0.149141  0.00164819
        1410   0.0195912    0.149049  0.00164958
        1411    0.215652    0.149096  0.00164909
        1412    0.128898    0.149082  0.00164798
        1413    0.163022    0.149092  0.00164685
        1414    0.204267    0.149131  0.00164614
        1415   0.0996122    0.149096  0.00164535
        1416    0.219209    0.149146  0.00164494
        1417   0.0671415    0.149088  0.00164479
        1418    0.135585    0.149078  0.00164366
        1419   0.0524891     0.14901  0.00164391
        1420   0.0159001    0.148916  0.00164542
        1421    0.127612    0.148901  0.00164433
        1422    0.188395    0.148929  0.00164341
        1423    0.128507    0.148915  0.00164232
        1424    0.101206    0.148881  0.00164151
        1425    0.239237    0.148945  0.00164158
        1426    0.227632       0.149  0.00164136
        1427     0.21045    0.149043  0.00164077
        1428    0.101343     0.14901  0.00163996
        1429      0.1467    0.149008  0.00163882
        1430    0.179506    0.149029  0.00163781
        1431    0.155049    0.149033  0.00163667
        1432    0.143517     0.14903  0.00163553
        1433   0.0307174    0.148947  0.00163647
        1434    0.106728    0.148918   0.0016356
        1435    0.122008    0.148899  0.00163456
        1436    0.119455    0.148878  0.00163355
        1437   0.0543167    0.148813  0.00163374
        1438    0.158875     0.14882  0.00163262
        1439   0.0614498    0.148759  0.00163261
        1440   0.0761023    0.148708  0.00163226
        1441    0.180569     0.14873  0.00163128
        1442   0.0840227    0.148686  0.00163076
        1443    0.253268    0.148758  0.00163124
        1444    0.221954    0.148809   0.0016309
        1445    0.187135    0.148835  0.00162999
        1446    0.279615    0.148926  0.00163137
        1447    0.173242    0.148943  0.00163033
        1448    0.180537    0.148964  0.00162935
        1449    0.127424    0.148949  0.00162829
        1450    0.195877    0.148982  0.00162749
        1451    0.131643     0.14897  0.00162641
        1452    0.115427    0.148947  0.00162545
        1453    0.164098    0.148957  0.00162437
        1454    0.182935    0.148981  0.00162342
        1455    0.149346    0.148981   0.0016223
        1456    0.194212    0.149012  0.00162149
        1457   0.0988403    0.148977  0.00162074
        1458    0.090556    0.148937  0.00162012
        1459    0.154544    0.148941  0.00161902
        1460      0.1175     0.14892  0.00161805
        1461    0.204416    0.148958  0.00161739
        1462    0.156221    0.148963  0.00161629
        1463    0.147287    0.148961  0.00161519
        1464    0.226464    0.149014  0.00161495
        1465    0.105845    0.148985  0.00161412
        1466    0.169585    0.148999  0.00161308
        1467   0.0656584    0.148942  0.00161298
        1468    0.161449    0.148951   0.0016119
        1469    0.114979    0.148928  0.00161097
        1470    0.192438    0.148957  0.00161015
        1471   0.0769993    0.148908   0.0016098
        1472    0.180965     0.14893  0.00160885
        1473    0.150358    0.148931  0.00160776
        1474    0.188855    0.148958  0.00160689
        1475    0.178816    0.148978  0.00160593
        1476    0.112878    0.148954  0.00160503
        1477    0.208883    0.148994  0.00160446
        1478    0.243495    0.149058  0.00160465
        1479    0.141071    0.149053  0.00160357
        1480    0.084127    0.149009  0.00160309
        1481    0.221791    0.149058  0.00160276
        1482    0.217781    0.149105  0.00160235
        1483  -0.0452323    0.148974  0.00160661
        1484    0.137517    0.148966  0.00160555
        1485    0.107367    0.148938  0.00160471
        1486    0.200978    0.148973  0.00160402
        1487    0.147711    0.148972  0.00160294
        1488    0.258036    0.149045  0.00160354
        1489    0.107512    0.149017   0.0016027
        1490    0.239762    0.149078  0.00160278
        1491    0.237559    0.149138  0.00160281
        1492    0.128404    0.149124  0.00160179
        1493    0.184906    0.149148   0.0016009
        1494    0.235989    0.149206  0.00160088
        1495    0.200404     0.14924  0.00160018
        1496     0.18631    0.149265   0.0015993
        1497    0.195383    0.149296  0.00159853
        1498    0.183762    0.149319  0.00159763
        1499     0.22581     0.14937  0.00159737
        1500    0.161585    0.149378  0.00159633
        1501    0.128705    0.149364  0.00159533
        1502    0.211748    0.149406   0.0015948
        1503   0.0648963    0.149349  0.00159473
        1504    0.191168    0.149377  0.00159392
        1505 -0.00682474    0.149273  0.00159623
        1506    0.130035    0.149261  0.00159522
        1507     0.13354     0.14925   0.0015942
        1508    0.165203    0.149261  0.00159318
        1509   0.0255434    0.149179  0.00159423
        1510     0.15682    0.149184  0.00159318
        1511      0.1944    0.149214  0.00159241
        1512    0.159539    0.149221  0.00159137
        1513    0.242215    0.149282   0.0015915
        1514    0.126537    0.149267  0.00159052
        1515    0.167232    0.149279  0.00158952
        1516    0.134276    0.149269   0.0015885
        1517    0.237616    0.149327  0.00158852
        1518    0.202607    0.149362  0.00158786
        1519    0.090565    0.149324  0.00158729
        1520    0.173146    0.149339  0.00158632
        1521    0.143241    0.149335  0.00158528
        1522    0.123736    0.149319  0.00158433
        1523   0.0576795    0.149258  0.00158443
        1524     0.10038    0.149226  0.00158372
        1525   0.0873543    0.149186   0.0015832
        1526    0.146476    0.149184  0.00158216
        1527    0.204778     0.14922  0.00158155
        1528    0.139893    0.149214  0.00158052
        1529    0.185474    0.149238  0.00157967
        1530    0.180596    0.149258  0.00157877
        1531   0.0982766    0.149225  0.00157809
        1532    0.191516    0.149253   0.0015773
        1533    0.151653    0.149254  0.00157627
        1534    0.176966    0.149272  0.00157535
        1535    0.203903    0.149308  0.00157472
        1536    0.099488    0.149276  0.00157403
        1537    0.114662    0.149253  0.00157317
        1538    0.144222     0.14925  0.00157215
        1539    0.172965    0.149265   0.0015712
        1540    0.223378    0.149313  0.00157092
        1541   0.0805408    0.149269  0.00157053
        1542     0.11893    0.149249  0.00156964
        1543     0.11105    0.149224  0.00156882
        1544    0.134183    0.149214  0.00156783
        1545    0.167633    0.149226  0.00156686
        1546    0.210139    0.149266  0.00156634
        1547    0.248883     0.14933  0.00156665
        1548     0.19814    0.149362  0.00156596
        1549    0.130311    0.149349    0.001565
        1550    0.114706    0.149327  0.00156415
        1551    0.112053    0.149303  0.00156332
        1552    0.131452    0.149292  0.00156236
        1553    0.142722    0.149287  0.00156136
        1554    0.195436    0.149317  0.00156063
        1555    0.159253    0.149323  0.00155964
        1556    0.179407    0.149343  0.00155876
        1557    0.153017    0.149345  0.00155776
        1558   0.0810658    0.149301  0.00155738
        1559    0.144436    0.149298  0.00155638
        1560    0.125026    0.149283  0.00155546
        1561     0.25197    0.149348  0.00155586
        1562    0.164877    0.149358  0.00155489
        1563    0.167763     0.14937  0.00155394
        1564   0.0949355    0.149335  0.00155334
        1565    0.191632    0.149362  0.00155258
        1566    0.209577    0.149401  0.00155207
        1567   0.0706082     0.14935  0.00155189
        1568   0.0338821    0.149277  0.00155265
        1569   0.0348741    0.149204  0.00155337
        1570    0.112505    0.149181  0.00155255
        1571    0.190972    0.149207  0.00155179
        1572    0.228832    0.149258  0.00155163
        1573    0.116044    0.149237  0.00155079
        1574     0.22667    0.149286  0.00155058
        1575    0.234083     0.14934  0.00155053
        1576    0.120591    0.149321  0.00154966
        1577    0.160395    0.149329  0.00154869
        1578    0.139622    0.149322  0.00154772
        1579      0.1376    0.149315  0.00154676
        1580    0.224659    0.149363  0.00154652
        1581    0.145865     0.14936  0.00154554
        1582    0.158884    0.149366  0.00154457
        1583    0.156272    0.149371   0.0015436
        1584    0.129574    0.149358  0.00154268
        1585    0.139916    0.149352  0.00154172
        1586    0.174335    0.149368  0.00154083
        1587   0.0775205    0.149323  0.00154052
        1588    0.133821    0.149313  0.00153958
        1589    0.236131    0.149368  0.00153958
        1590    0.210941    0.149406   0.0015391
        1591    0.164397    0.149416  0.00153816
        1592     0.17951    0.149435  0.00153731
        1593    0.096796    0.149402   0.0015367
        1594    0.179542    0.149421  0.00153585
        1595    0.220887    0.149465  0.00153555
        1596    0.231629    0.149517  0.00153545
        1597   0.0746865     0.14947   0.0015352
        1598   0.0936264    0.149435  0.00153464
        1599   0.0612929     0.14938  0.00153467
        1600    0.168306    0.149392  0.00153375
        1601   0.0702144    0.149342  0.00153359
        1602    0.183297    0.149364  0.00153278
        1603   0.0962071     0.14933  0.00153218
        1604    0.191858    0.149357  0.00153146
        1605    0.195353    0.149386  0.00153077
        1606   0.0485929    0.149323   0.0015311
        1607     0.21861    0.149366  0.00153076
        1608   0.0968391    0.149333  0.00153015
        1609    0.279002    0.149414  0.00153132
        1610    0.133781    0.149404   0.0015304
        1611    0.213418    0.149444  0.00152997
        1612   0.0505232    0.149382  0.00153025
        1613    0.150977    0.149383   0.0015293
        1614    0.264687    0.149455  0.00153002
        1615    0.149793    0.149455  0.00152908
        1616    0.129909    0.149443  0.00152818
        1617    0.139242    0.149437  0.00152725
        1618    0.158738    0.149442  0.00152631
        1619    0.170966    0.149456  0.00152543
        1620     0.18383    0.149477  0.00152463
        1621   0.0872095    0.149439  0.00152418
        1622    0.171264    0.149452   0.0015233
        1623    0.216486    0.149493  0.00152292
        1624    0.231782    0.149544  0.00152282
        1625    0.154942    0.149547  0.00152189
        1626    0.107487    0.149521  0.00152117
        1627    0.134593    0.149512  0.00152027
        1628    0.123637    0.149496  0.00151941
        1629    0.178735    0.149514  0.00151859
        1630    0.187452    0.149538  0.00151783
        1631     0.12925    0.149525  0.00151696
        1632   0.0743197    0.149479  0.00151673
        1633   0.0559012    0.149422  0.00151688
        1634   0.0923835    0.149387  0.00151635
        1635    0.168173    0.149398  0.00151547
        1636     0.14367    0.149395  0.00151455
        1637    0.186912    0.149418  0.00151379
        1638    0.179664    0.149436  0.00151298
        1639    0.170941    0.149449  0.00151212
        1640    0.231635    0.149499  0.00151202
        1641   0.0939689    0.149466  0.00151148
        1642    0.176389    0.149482  0.00151065
        1643    0.138612    0.149475  0.00150974
        1644    0.198333    0.149505  0.00150912
        1645    0.107277    0.149479  0.00150842
        1646    0.351874    0.149602  0.00151251
        1647    0.164654    0.149612  0.00151162
        1648    0.294943      0.1497  0.00151327
        1649    0.260501    0.149767  0.00151384
        1650   0.0881408     0.14973  0.00151339
        1651    0.252805    0.149792  0.00151376
        1652   0.0794791    0.149749  0.00151344
        1653     0.17419    0.149764  0.00151259
        1654    0.186636    0.149787  0.00151184
        1655    0.223407    0.149831  0.00151159
        1656    0.218552    0.149873  0.00151124
        1657    0.177436    0.149889  0.00151042
        1658   0.0997599    0.149859  0.00150981
        1659   0.0937628    0.149825  0.00150928
        1660    0.183312    0.149845  0.00150851
        1661    0.105161    0.149818  0.00150784
        1662   0.0929695    0.149784  0.00150732
        1663   0.0767089     0.14974  0.00150705
        1664    0.209776    0.149776  0.00150658
        1665    0.191404    0.149801  0.00150588
        1666   0.0738568    0.149756  0.00150567
        1667   0.0637137    0.149704  0.00150565
        1668    0.314756    0.149803  0.00150799
        1669    0.211985     0.14984  0.00150755
        1670    0.253339    0.149902  0.00150792
        1671    0.173021    0.149916  0.00150708
        1672    0.122836      0.1499  0.00150627
        1673 -0.00598563    0.149807  0.00150825
        1674     0.26714    0.149877  0.00150897
        1675   0.0446137    0.149814  0.00150938
        1676    0.206855    0.149848  0.00150886
        1677    0.223901    0.149892  0.00150861
        1678    0.139609    0.149886  0.00150772
        1679    0.136858    0.149878  0.00150685
        1680    0.106748    0.149853  0.00150617
        1681    0.148748    0.149852  0.00150527
        1682    0.213864     0.14989  0.00150486
        1683    0.220687    0.149932  0.00150455
        1684    0.171697    0.149945  0.00150371
        1685    0.123858     0.14993   0.0015029
        1686     0.22481    0.149974  0.00150267
        1687   0.0799026    0.149932  0.00150235
        1688    0.205475    0.149965  0.00150182
        1689    0.235321    0.150016  0.00150178
        1690   0.0483054    0.149956   0.0015021
        1691    0.260522    0.150021  0.00150263
        1692    0.209921    0.150056  0.00150216
        1693    0.140758    0.150051  0.00150128
        1694    0.129061    0.150039  0.00150045
        1695    0.118452     0.15002  0.00149968
        1696    0.297466    0.150107  0.00150131
        1697    0.225983    0.150152  0.00150109
        1698    0.113105     0.15013  0.00150037
        1699    0.120016    0.150112  0.00149959
        1700   0.0881768    0.150076  0.00149915
        1701    0.165141    0.150084  0.00149829
        1702    0.103706    0.150057  0.00149766
        1703    0.161713    0.150064   0.0014968
        1704    0.184098    0.150084  0.00149605
        1705    0.147089    0.150082  0.00149518
        1706   0.0851247    0.150044  0.00149478
        1707  0.00472598    0.149959  0.00149633
        1708    0.209114    0.149994  0.00149586
        1709    0.212131     0.15003  0.00149542
        1710   0.0538044    0.149974  0.00149561
        1711     0.10962     0.14995  0.00149492
        1712    0.163366    0.149958  0.00149407
        1713    0.265468    0.150025  0.00149471
        1714   0.0982718    0.149995  0.00149415
        1715  0.00152848    0.149909  0.00149578
        1716   0.0511784    0.149851  0.00149602
        1717    0.135614    0.149843  0.00149517
        1718    0.144546     0.14984   0.0014943
        1719    0.197837    0.149868  0.00149369
        1720    0.145775    0.149865  0.00149283
        1721    0.122581     0.14985  0.00149204
        1722    0.177304    0.149865  0.00149126
        1723    0.136556    0.149858  0.00149042
        1724    0.180928    0.149876  0.00148966
        1725    0.143184    0.149872   0.0014888
        1726    0.141506    0.149867  0.00148795
        1727    0.182643    0.149886  0.00148721
        1728    0.135841    0.149878  0.00148637
        1729     0.30978     0.14997  0.00148838
        1730   0.0890853    0.149935  0.00148794
        1731    0.100055    0.149906  0.00148736
        1732    0.303471    0.149995  0.00148914
        1733    0.188627    0.150017  0.00148845
        1734    0.156395    0.150021  0.00148759
        1735   0.0850595    0.149984  0.00148721
        1736    0.124961    0.149969  0.00148642
        1737    0.105842    0.149944  0.00148578
        1738    0.212658     0.14998  0.00148536
        1739    0.118796    0.149962  0.00148462
        1740    0.116237    0.149942  0.00148389
        1741     0.14629     0.14994  0.00148304
        1742    0.125221    0.149926  0.00148226
        1743    0.106799    0.149901  0.00148161
        1744   0.0486766    0.149843   0.0014819
        1745   0.0746788      0.1498  0.00148168
        1746    0.187789    0.149822  0.00148099
        1747    0.352758    0.149938  0.00148469
        1748    0.138579    0.149932  0.00148385
        1749    0.199317     0.14996  0.00148327
        1750    0.239405    0.150011  0.00148331
        1751    0.146629    0.150009  0.00148246
        1752    0.248368    0.150065  0.00148268
        1753   0.0895865    0.150031  0.00148223
        1754    0.114562    0.150011  0.00148153
        1755    0.162387    0.150018   0.0014807
        1756    0.276274     0.15009   0.0014816
        1757   0.0823806    0.150051  0.00148126
        1758   0.0765269    0.150009  0.00148101
        1759   0.0885495    0.149974  0.00148058
        1760    0.184756    0.149994  0.00147987
        1761    0.265619     0.15006  0.00148048
        1762    0.230273    0.150105  0.00148034
        1763   0.0474332    0.150047  0.00148065
        1764    0.197287    0.150074  0.00148005
        1765    0.166636    0.150083  0.00147924
        1766    0.146039    0.150081  0.00147841
        1767   0.0559418    0.150028  0.00147853
        1768   0.0713725    0.149983  0.00147836
        1769    0.162719     0.14999  0.00147754
        1770    0.205487    0.150022  0.00147704
        1771    0.100686    0.149994  0.00147647
        1772    0.167926    0.150004  0.00147567
        1773    0.244559    0.150057   0.0014758
        1774    0.109705    0.150034  0.00147515
        1775   0.0861233    0.149998  0.00147475
        1776    0.222701    0.150039  0.00147449
        1777    0.191129    0.150063  0.00147384
        1778    0.185338    0.150082  0.00147315
        1779    0.143262    0.150079  0.00147232
        1780    0.153457     0.15008   0.0014715
        1781    0.262032    0.150143  0.00147201
        1782   0.0559639     0.15009  0.00147214
        1783    0.123672    0.150076  0.00147139
        1784    0.157226     0.15008  0.00147057
        1785    0.147732    0.150078  0.00146974
        1786    0.112947    0.150058  0.00146907
        1787    0.357177    0.150173  0.00147281
        1788    0.108103     0.15015  0.00147217
        1789   0.0677752    0.150104  0.00147207
        1790    0.158991    0.150109  0.00147126
        1791    0.162068    0.150115  0.00147045
        1792    0.149996    0.150115  0.00146963
        1793    0.235806    0.150163  0.00146959
        1794    0.118027    0.150145  0.00146888
        1795    0.129344    0.150134   0.0014681
        1796    0.238226    0.150183  0.00146811
        1797   0.0797078    0.150144  0.00146781
        1798    0.181511    0.150161   0.0014671
        1799    0.116672    0.150142   0.0014664
        1800     0.23878    0.150192  0.00146642
        1801   0.0789261    0.150152  0.00146613
        1802    0.137681    0.150145  0.00146534
        1803   0.0781432    0.150105  0.00146507
        1804    0.180132    0.150122  0.00146435
        1805    0.131505    0.150112  0.00146358
        1806    0.139436    0.150106  0.00146278
        1807   0.0736681    0.150063  0.00146258
        1808    0.212021    0.150098  0.00146217
        1809   0.0621312    0.150049  0.00146217
        1810    0.177784    0.150064  0.00146144
        1811    0.154134    0.150067  0.00146064
        1812    0.189811    0.150088     0.00146
        1813    0.151594    0.150089  0.00145919
        1814   0.0989435    0.150061  0.00145866
        1815   0.0963695    0.150032  0.00145816
        1816    0.120041    0.150015  0.00145745
        1817     0.19062    0.150037  0.00145682
        1818    0.186022    0.150057  0.00145615
        1819    0.171153    0.150069   0.0014554
        1820    0.214194    0.150104  0.00145502
        1821    0.103561    0.150078  0.00145445
        1822    0.185751    0.150098  0.00145378
        1823     0.27505    0.150167   0.0014546
        1824    0.153554    0.150168   0.0014538
        1825   0.0635415    0.150121  0.00145378
        1826    0.203216     0.15015  0.00145328
        1827   0.0842105    0.150114  0.00145293
        1828    0.166314    0.150123  0.00145216
        1829    0.223512    0.150163  0.00145192
        1830   0.0862694    0.150128  0.00145155
        1831    0.201046    0.150156  0.00145102
        1832    0.127875    0.150144  0.00145028
        1833    0.150572    0.150144  0.00144949
        1834   0.0962663    0.150114    0.001449
        1835    0.145973    0.150112  0.00144821
        1836    0.202876    0.150141   0.0014477
        1837      0.1494    0.150141  0.00144692
        1838    0.191773    0.150163  0.00144631
        1839    0.109839    0.150141  0.00144569
        1840    0.111993    0.150121  0.00144505
        1841    0.216012    0.150156  0.00144471
        1842    0.167723    0.150166  0.00144395
        1843    0.112409    0.150145  0.00144332
        1844    0.140539     0.15014  0.00144254
        1845   0.0917059    0.150109  0.00144211
        1846    0.170557     0.15012  0.00144137
        1847     0.13753    0.150113  0.00144061
        1848    0.173418    0.150125  0.00143988
        1849    0.183569    0.150143  0.00143922
        1850   0.0853397    0.150108  0.00143886
        1851    0.127797    0.150096  0.00143814
        1852    0.128651    0.150085  0.00143741
        1853    0.206949    0.150116  0.00143696
        1854    0.123426    0.150101  0.00143626
        1855   0.0684451    0.150057  0.00143616
        1856    0.138588    0.150051   0.0014354
        1857    0.121876    0.150036   0.0014347
        1858   0.0950511    0.150006  0.00143424
        1859    0.190437    0.150028  0.00143363
        1860   0.0502261    0.149974  0.00143386
        1861    0.119253    0.149958  0.00143319
        1862    0.255983    0.150015  0.00143355
        1863    0.224553    0.150055  0.00143334
        1864    0.346969     0.15016  0.00143646
        1865   0.0971381    0.150132  0.00143597
        1866    0.187858    0.150152  0.00143534
        1867  -0.0254764    0.150058  0.00143765
        1868     0.19837    0.150084  0.00143711
        1869    0.125679    0.150071   0.0014364
        1870    0.136329    0.150063  0.00143565
        1871    0.212498    0.150097  0.00143527
        1872    0.149097    0.150096  0.00143451
        1873    0.137771     0.15009  0.00143376
        1874   0.0607413    0.150042  0.00143378
        1875    0.150684    0.150042  0.00143302
        1876    0.152256    0.150044  0.00143226
        1877    0.179353    0.150059  0.00143158
        1878   0.0870376    0.150026  0.00143121
        1879    0.132585    0.150016  0.00143048
        1880    0.129172    0.150005  0.00142976
        1881   0.0944593    0.149976   0.0014293
        1882    0.141668    0.149971  0.00142855
        1883    0.142967    0.149968   0.0014278
        1884    0.121877    0.149953  0.00142712
        1885    0.122965    0.149938  0.00142643
        1886   0.0775899      0.1499  0.00142619
        1887    0.103053    0.149875  0.00142565
        1888    0.123291    0.149861  0.00142497
        1889     0.20301    0.149889  0.00142449
        1890    0.192708    0.149912  0.00142392
        1891    0.130546    0.149902   0.0014232
        1892    0.173181    0.149914   0.0014225
        1893    0.164381    0.149922  0.00142177
        1894     0.22427    0.149961  0.00142156
        1895     0.14257    0.149957  0.00142082
        1896    0.361663    0.150069  0.00142445
        1897   0.0115808    0.149996  0.00142557
        1898   0.0674261    0.149952  0.00142548
        1899    0.150624    0.149952  0.00142473
        1900    0.139227    0.149947  0.00142399
        1901    0.229138    0.149988  0.00142385
        1902    0.205293    0.150018   0.0014234
        1903    0.145894    0.150015  0.00142265
        1904    0.218791    0.150052  0.00142236
        1905   0.0894882     0.15002  0.00142197
        1906    0.210747    0.150052  0.00142158
        1907    0.130864    0.150042  0.00142087
        1908    0.159433    0.150046  0.00142014
        1909   0.0884864    0.150014  0.00141976
        1910   0.0439403    0.149959   0.0014201
        1911    0.182029    0.149975  0.00141946
        1912   0.0969021    0.149948  0.00141899
        1913   0.0295272    0.149885  0.00141964
        1914    0.140646     0.14988  0.00141891
        1915    0.267547    0.149941   0.0014195
        1916    0.240054    0.149988  0.00141953
        1917     0.18055    0.150004  0.00141888
        1918    0.163435    0.150011  0.00141816
        1919   0.0344888    0.149951   0.0014187
        1920    0.230027    0.149993  0.00141857
        1921    0.190133    0.150014  0.00141799
        1922      0.1586    0.150018  0.00141726
        1923    0.194688    0.150041  0.00141671
        1924   0.0637056    0.149997  0.00141669
        1925    0.205602    0.150025  0.00141624
        1926    0.166863    0.150034  0.00141554
        1927    0.178024    0.150049  0.00141488
        1928    0.147453    0.150047  0.00141414
        1929    0.173288    0.150059  0.00141346
        1930     0.10718    0.150037   0.0014129
        1931    0.172295    0.150049  0.00141222
        1932    0.137126    0.150042   0.0014115
        1933    0.189449    0.150062  0.00141092
        1934    0.239181    0.150109  0.00141094
        1935    0.127033    0.150097  0.00141026
        1936    0.119316    0.150081  0.00140962
        1937    0.248206    0.150131  0.00140981
        1938    0.136376    0.150124   0.0014091
        1939    0.141189     0.15012  0.00140838
        1940    0.148615    0.150119  0.00140765
        1941    0.107938    0.150097   0.0014071
        1942    0.163506    0.150104  0.00140639
        1943    0.141491      0.1501  0.00140567
        1944    0.065177    0.150056  0.00140563
        1945    0.138021     0.15005  0.00140492
        1946    0.147015    0.150048   0.0014042
        1947    0.155645    0.150051  0.00140348
        1948   0.0251633    0.149987  0.00140422
        1949    0.230814    0.150028  0.00140411
        1950   0.0859112    0.149996  0.00140378
        1951     0.17853     0.15001  0.00140313
        1952     0.18251    0.150027  0.00140251
        1953    0.227815    0.150067  0.00140236
        1954    0.180348    0.150082  0.00140173
        1955     0.25373    0.150135  0.00140201
        1956    0.172235    0.150146  0.00140134
        1957   0.0752547    0.150108  0.00140115
        1958    0.115723    0.150091  0.00140054
        1959    0.166202    0.150099  0.00139985
        1960    0.104469    0.150076  0.00139933
        1961   0.0614211     0.15003  0.00139935
        1962    0.101574    0.150006  0.00139885
        1963   0.0282313    0.149944  0.00139952
        1964    0.179131    0.149958  0.00139888
        1965    0.198671    0.149983  0.00139839
        1966    0.151857    0.149984  0.00139768
        1967   0.0500062    0.149933  0.00139789
        1968    0.202189     0.14996  0.00139743
        1969    0.211494    0.149991  0.00139707
        1970     0.08295    0.149957  0.00139678
        1971    0.177511    0.149971  0.00139614
        1972   0.0953068    0.149943  0.00139571
        1973    0.129949    0.149933  0.00139504
        1974   0.0961325    0.149906   0.0013946
        1975    0.190353    0.149927  0.00139404
        1976    0.138172    0.149921  0.00139335
        1977    0.158306    0.149925  0.00139265
        1978    0.217728    0.149959  0.00139237
        1979    0.136319    0.149952  0.00139168
        1980    0.233324    0.149994  0.00139162
        1981    0.166949    0.150003  0.00139094
        1982    0.203979     0.15003   0.0013905
        1983    0.200728    0.150056  0.00139004
        1984    0.276129    0.150119  0.00139079
        1985   0.0764574    0.150082  0.00139058
        1986    0.157093    0.150086  0.00138989
        1987    0.123064    0.150072  0.00138925
        1988    0.159162    0.150077  0.00138856
        1989    0.224234    0.150114  0.00138837
        1990    0.165792    0.150122  0.00138769
        1991    0.125465    0.150109  0.00138705
        1992   0.0960293    0.150082  0.00138662
        1993   0.0824386    0.150048  0.00138634
        1994    0.126999    0.150037  0.00138569
        1995    0.121038    0.150022  0.00138507
        1996     0.14469     0.15002  0.00138438
        1997    0.174768    0.150032  0.00138374
        1998    0.145288     0.15003  0.00138305
        1999    0.234114    0.150072    0.001383
        2000    0.132082    0.150063  0.00138234
