GEN:      BEST_LOSS:      AVERAGE_LOSS: 
0     416.928     497.963
1     416.928     489.522
2     416.928     481.946
3     409.143     474.965
4     409.143      468.63
5     409.143     462.857
6     409.143     457.714
7     401.935     453.176
8     401.935     448.623
9     400.217     444.873
10     400.217     440.821
11     383.002     437.211
12     381.637     433.965
13     381.637     430.919
14      379.83     427.998
15      379.83     425.472
16     364.391     420.449
17     364.391     417.007
18     361.513     412.458
19     336.071     408.308
20     336.071     403.836
21     337.774     398.655
22     337.774     394.105
23      328.63     389.866
24      328.63     385.924
25      328.63     382.634
26      328.63     379.736
27      324.12     376.858
28      324.12     374.666
29      324.12     372.243
30      324.12     369.929
31     320.628     367.026
32     320.628     364.527
33     307.973     361.421
34     307.973     358.399
35      306.84     355.508
36     307.546     351.726
37     307.546     348.876
38     307.546     346.313
39      296.85     344.074
40      296.85     342.195
41      296.85     339.977
42     289.286     337.785
43     289.286     335.686
44     289.286      333.52
45     289.286     331.563
46     285.588      329.21
47     285.588     326.858
48     285.588     325.278
49     285.588     323.456
50     285.588      321.94
51     282.717       319.5
52     282.717     317.729
53     275.116     316.228
54     275.116     314.061
55     275.116     312.105
56      267.46     309.633
57      267.46     307.447
58      267.46     305.531
59      267.46     302.657
60     256.973     300.129
61     256.973     298.587
62     256.973     296.564
63     256.973     295.061
64     256.973     293.098
65     256.973     291.384
66     256.973     289.884
67     243.713     288.473
68     243.713     286.863
69     243.713      285.47
70     243.713     284.123
71     243.713     282.733
72     243.713     281.358
73     243.713     279.909
74     243.713     278.947
75     243.713     277.827
76     243.713     276.439
77     243.713     275.278
78     243.713     273.984
79     243.713     272.472
80     242.581     271.207
81     241.936     270.514
82     241.936     269.484
83     241.936     268.254
84     241.936      267.17
85     241.936     266.156
86     241.936     265.198
87     241.778     264.375
88     238.805     263.467
89     236.234      262.61
90     236.234     261.552
91     236.234     260.882
92     234.659     259.868
93     234.659     258.778
94     232.392     257.894
95      226.07     257.148
96     226.887     255.713
97     225.695     254.324
98     221.594     253.045
99     221.594     251.812
100     221.594     250.696
101     225.695     249.669
102     225.695     248.502
103      221.83     247.413
104     220.174     246.267
105     220.174     245.019
106     217.859     244.444
107     217.859     243.614
108     217.859     242.628
109     217.859     241.792
110     217.859     240.607
111     217.859     239.459
112     217.003     238.824
113     213.316     237.932
114     213.316     237.299
115     213.316     236.204
116     213.316     235.383
117     211.475     234.262
118     211.475     233.303
119     211.475     232.348
120     209.945     231.399
121     204.623     230.469
122     204.623      229.41
123     202.737     228.637
124     202.737     227.807
125     202.737      226.91
126     202.737     225.897
127     202.737      225.46
128     202.737     224.896
129     202.737     224.285
130     198.644     223.685
131     202.737      222.75
132     198.903     221.942
133     198.903     221.406
134     198.903     220.775
135     191.959     220.124
136     196.749     219.511
137     196.749     218.724
138     196.749     217.869
139     196.749      217.27
140     196.749     216.784
141     191.536     216.304
142     191.536     215.886
143     191.536     215.522
144     191.536     215.258
145     191.536     214.479
146     191.536     213.772
147     191.536     212.998
148     191.536      212.31
149     191.536     211.924
150     191.536      211.74
151      186.69     211.062
152      186.69      210.36
153      186.69      209.88
154      186.69     209.365
155      186.69      208.88
156     184.424     207.921
157     184.424     207.024
158     184.424      206.35
159     184.424      205.45
160     184.424     204.811
161     170.066     203.235
162     170.066     202.341
163     170.066     201.361
164     170.066     200.223
165     170.066     199.592
166     170.066     198.894
167     166.281     198.026
168     166.281     197.273
169     166.281     196.274
170     166.281     195.566
171     166.281     194.832
172     166.281     194.116
173     166.281     193.225
174     166.281     192.431
175     166.281      191.71
176     163.049     191.092
177     163.049     190.107
178     163.049     189.317
179     163.049     188.748
180     163.049     187.895
181     163.049     187.184
182     161.343     186.082
183     161.343     185.272
184     161.343     184.582
185     161.343      183.85
186     161.343     183.282
187     161.343     182.417
188     161.343     181.597
189     161.343     181.018
190     157.874     180.256
191     157.795     179.242
192     157.795      178.39
193     157.795     177.532
194     157.795     176.758
195     157.795     175.837
196      154.88     175.145
197      154.88     174.643
198      154.88     173.635
199      154.88     172.854
200      154.88     172.149
201     154.824     171.511
202     154.824      170.95
203     154.824     170.325
204     154.824     169.609
205     154.824     168.978
206     152.824     168.208
207     152.824     167.581
208     152.824     167.261
209     152.824     166.763
210     152.824     166.169
211     152.824     165.559
212     152.824     165.071
213     152.824     164.335
214     152.704     163.695
215     152.704     163.041
216     151.847     162.619
217     150.607     162.226
218     150.453     161.728
219     150.453     161.311
220     149.202     160.679
221     148.575     160.283
222     148.575     159.814
223      145.91     159.463
224     145.813     158.988
225     145.813     158.695
226     144.013     158.312
227     144.013     157.852
228     144.013     157.467
229     144.013     157.079
230     144.013      156.69
231     141.699      156.29
232     141.699     155.814
233     141.699      155.35
234     141.699     154.931
235     141.699     154.498
236     140.382     154.178
237     140.382     153.849
238     140.382       153.3
239     140.382     152.845
240     139.506     152.457
241     139.506     152.175
242     137.041     151.614
243     137.041     151.148
244     137.041       150.7
245     137.041     150.299
246     137.041     149.875
247     137.041     149.538
248     137.041     149.122
249     135.173     148.708
250     135.173     148.527
251     135.173     148.258
252     135.173     147.647
253     135.173     147.066
254     135.173     146.761
255      135.16      146.31
256     134.117     145.606
257     134.117     145.282
258     134.117     144.896
259     134.117     144.405
260     134.117     144.091
261     134.117     143.921
262     134.117      143.63
263     134.117      143.21
264      131.65     142.839
265      131.65     142.395
266     131.245      141.95
267     131.245     141.643
268     131.245     141.586
269     131.245     141.162
270     131.245     140.795
271     127.651     140.534
272     127.651     140.149
273     127.651      139.84
274     127.651     139.577
275     127.651     139.193
276     127.651     138.978
277     127.651     138.747
278     127.651     138.194
279     127.651     137.825
280     127.651     137.457
281     127.651      137.14
282     127.068     136.772
283     127.068     136.397
284     127.068     136.234
285     127.068     135.862
286     125.891      135.68
287     125.891      135.37
288     125.891     135.187
289     125.891     134.874
290     125.527     134.367
291     121.986     133.962
292     121.986     133.592
293     121.986     133.057
294     121.986     132.869
295     121.986     132.439
296     121.512     131.996
297     121.512     131.585
298     121.512     131.261
299     121.512     130.951
300     121.512     130.739
301     120.733     130.352
302     120.733     129.832
303     120.733      129.47
304     120.733     129.257
305     120.733     128.766
306     120.733     128.455
307     120.733     128.173
308     120.733     127.997
309     120.733     127.857
310     120.733     127.592
311     120.299     127.337
312     117.585     127.021
313     117.585     126.761
314     117.585     126.612
315     117.585     126.289
316     117.585     126.077
317     117.069     125.864
318     113.826     125.572
319     113.826     125.197
320     113.826     124.933
321     116.614     124.715
322     116.614     124.494
323     116.614     124.262
324     116.614     123.992
325     115.332     123.861
326     116.614     123.591
327     116.614     123.372
328     116.614     123.138
329     115.019     122.787
330     115.019     122.534
331     115.019     122.457
332     115.019     122.258
333     113.873     122.073
334     113.873     121.862
335     113.873     121.654
336     113.873      121.49
337     113.873     121.293
338     113.873      121.03
339     113.873     120.716
340     113.615     120.503
341     113.615     120.313
342     113.615     120.089
343     113.174     119.841
344     113.174     119.586
345     113.174     119.487
346     111.447     119.238
347     111.447     119.066
348     111.447      118.82
349     111.447      118.57
350     111.447     118.324
351     111.447     118.208
352     111.447     117.883
353     111.447     117.709
354     111.447     117.523
355     111.447     117.285
356     110.825     117.209
357     110.825     117.061
358     110.825     116.821
359     110.558     116.732
360     110.558     116.582
361     107.674     116.366
362     107.674      116.19
363     107.674     116.023
364     107.674     115.858
365     107.674     115.798
366     107.674     115.584
367     107.674     115.431
368     107.674     115.342
369     107.674     115.254
370     107.674     115.068
371     107.674     114.902
372     107.674     114.771
373     107.674     114.687
374     107.674     114.498
375     107.674     114.393
376     107.674     114.183
377     107.674     113.966
378     107.674     113.841
379     107.674     113.774
380     107.674     113.586
381     106.808     113.504
382     106.808     113.334
383     106.808     113.254
384     106.808     113.022
385     106.808     112.838
386     106.079     112.682
387     106.079     112.481
388     106.079     112.399
389     106.079     112.153
390     105.258     112.002
391     104.076     111.828
392     104.076     111.742
393     104.076     111.517
394     104.076     111.289
395     103.842     111.164
396     103.842     110.984
397     103.842     110.778
398     103.842     110.559
399     103.842     110.391
400     103.842     110.231
401     103.732     110.184
402     103.732         110
403     103.732     109.807
404     103.296     109.606
405     103.296     109.478
406     103.207     109.304
407     103.207     109.283
408     102.741     109.102
409     102.741     108.865
410      102.01     108.671
411      102.01     108.613
412      102.01     108.431
413      102.01      108.34
414      102.01     108.217
415      102.01     107.994
416      102.01     107.796
417      102.01     107.595
418     101.468      107.41
419     101.468     107.261
420     101.468     107.063
421     101.468     106.901
422     101.468     106.918
423     101.468     106.824
424     101.468     106.675
425     101.468     106.477
426     101.297     106.378
427     101.294     106.135
428     101.294     106.007
429     99.6659     105.915
430     99.6659     105.779
431     100.184     105.661
432     100.184     105.542
433     100.184     105.428
434     100.184     105.282
435     99.7344     105.074
436     99.7344      104.99
437     99.7344     104.895
438     99.7344     104.797
439     99.7344     104.774
440     99.7344     104.592
441     99.7344     104.486
442     99.7344      104.39
443     99.7344     104.297
444     99.2712     104.218
445     99.2712     104.051
446     99.2712      104.03
447     99.2712     103.986
448     99.2712     103.814
449     99.1498     103.725
450     99.1498     103.638
451     99.1498      103.51
452     99.1498     103.361
453     98.9186     103.351
454     98.9054     103.245
455     98.9054     103.081
456     97.9195     102.913
457     97.9195     102.799
458     97.9195     102.723
459     97.9195     102.587
460     97.9195      102.43
461     97.6551     102.278
462     97.6551     102.228
463     97.6551     102.182
464     97.6551     102.155
465     97.6551     102.021
466     96.9247     101.903
467     96.9247     101.782
468     96.9247     101.764
469     96.9247     101.619
470     96.7178     101.521
471     95.4149     101.342
472     95.4149     101.274
473     95.4149     101.155
474     95.4149     100.887
475      94.135     100.623
476      94.135     100.507
477      94.135     100.382
478      94.135     100.233
479      94.135     100.064
480      94.135     99.9409
481     94.0381     99.7683
482     94.0381     99.5751
483     94.0381     99.4385
484     94.0381     99.2592
485     94.0381     99.2313
486      94.135      99.083
487     93.5831     98.9157
488     93.5831     98.8102
489     93.5831     98.7784
490     93.5831     98.5698
491     93.9423     98.4644
492     93.9423     98.2833
493     93.9423     98.0854
494     93.0644     97.9038
495     93.0644     97.7779
496     93.0644     97.6399
497     93.0644     97.5161
498     93.0644     97.3389
499     93.0644     97.1988
500     93.0644     97.1482
501     93.0644     97.0092
502     92.6307     96.8671
503     92.6307     96.7324
504     92.6307     96.6527
505     92.6307      96.507
506     92.0953     96.4038
507     92.0953     96.2718
508     92.0953     96.1687
509     92.0953     95.9999
510     92.0953     95.9176
511     92.0953      95.744
512     92.0953     95.6271
513     91.9655     95.5395
514     91.9655     95.4834
515     91.9655     95.3917
516     91.5932     95.2402
517     91.5932     95.0679
518     91.5932     94.9569
519     91.5932     94.8236
520     91.5932     94.7432
521     90.8146     94.6317
522     90.8146     94.5381
523     90.8146     94.4471
524     90.8146     94.3614
525     90.8146     94.3025
526     90.8146     94.2335
527     90.8146     94.1575
528     90.8146     94.0864
529     90.8146     94.0625
530     90.3893     94.0159
531     90.3893     93.9099
532     90.3893     93.8121
533     90.3893     93.7493
534     90.3893     93.6538
535     90.3893     93.5548
536     90.5225     93.5287
537     90.5225     93.4504
538     90.5225     93.3841
539     90.5225     93.3336
540     90.5225     93.2799
541     89.6321     93.1711
542     89.6321     93.1635
543     89.6321     93.1194
544     89.6321      93.063
545     89.6321     93.0742
546     89.6321     93.0333
547     89.6321     92.9431
548     89.6321     92.9461
549     89.6321     92.8511
550     89.6321     92.7211
551     89.6321     92.6478
552     89.6321      92.504
553     89.6321     92.5159
554     89.4995     92.4135
555     89.4995     92.3377
556     89.4995     92.2771
557     89.4995     92.2088
558     89.4995     92.1059
559     89.4995     92.0695
560     89.4995     92.0028
561     89.1509     91.9557
562     89.1509     91.8721
563     89.1509     91.8216
564     89.1509     91.6774
565     89.1509     91.5677
566     88.9282     91.5158
567     88.9282     91.4083
568     88.7123     91.3653
569     88.7123     91.3297
570     88.7123     91.2554
571     88.7123     91.2121
572     88.7123     91.0766
573     88.7123     90.9716
574     88.5856     90.8906
575     88.5856     90.8554
576     88.5856     90.8191
577     88.5856     90.6936
578     88.5856     90.5726
579     88.5856     90.5054
580      88.389     90.4307
581      88.389     90.3559
582      88.389      90.261
583      88.389      90.195
584     87.8619      90.105
585     87.8619     90.0618
586     84.3311     90.0205
587     84.3311     89.9336
588     84.3311     89.8763
589     84.3311      89.836
590     84.3311      89.737
591     84.3311      89.688
592     84.3311     89.6732
593     84.3311     89.6245
594     84.3311     89.5878
595     84.3311     89.5267
596     84.3311     89.4836
597     84.3311     89.4695
598     84.3311     89.4387
599     84.3311     89.4131
600     84.3311     89.3403
601     84.3311     89.3016
602     84.3311     89.2849
603     84.3311     89.2342
604     84.3311     89.1602
605     84.3311     89.1265
606     84.3311     89.1276
607     84.3311     89.0688
608     84.3311     89.0306
609     84.3311     88.9881
610     84.3311     88.9257
611     84.3311     88.8856
612     84.3311      88.833
613     84.3311      88.794
614     84.3311     88.7413
615     84.3311     88.7026
616     85.9423      88.675
617     85.9423     88.6675
618     85.9423     88.6564
619     85.9423     88.6262
620     85.9423     88.5694
621     86.7827     88.5603
622     86.7827     88.5457
623     86.7827     88.5346
624     86.7827     88.5269
625     86.7827     88.5123
626     86.7827     88.4975
627     86.7827     88.4879
628     86.7827     88.4865
629     86.7827     88.4825
630     86.7827     88.4597
631     86.7827     88.4079
632     86.5452     88.3738
633     86.4965     88.3289
634     86.4965     88.3412
635     86.4965     88.3111
636     84.6209     88.2747
637     84.6209      88.295
638     84.6209     88.2929
639     84.6209     88.2544
640     84.6209     88.2356
641     84.6209     88.2225
642     84.6209     88.2238
643     84.6209     88.2457
644     84.6209     88.1884
645     84.6209     88.1649
646     83.7476     88.1708
647     83.7476     88.1736
648     83.7476     88.1431
649     83.4811     88.1514
650     83.4811     88.1307
651     84.6209     88.1526
652     84.6209     88.1393
653     84.6209     88.1393
654     84.6209     88.1422
655     84.6209     88.1146
656     84.3311     88.0942
657     84.3311     88.1093
658     84.3311     88.0961
659     84.3311      88.079
660     84.3311     88.0661
661     84.3311     88.0546
662     84.3311     88.0679
663     84.3311     88.0415
664     84.3311     88.0292
665     84.3311     88.0535
666     84.3311     88.0314
667     84.3311     88.0308
668     84.3311     88.0765
669     84.3311     88.0261
670     84.3311     88.0015
671     84.3311     87.9963
672     84.3311     88.0138
673     84.3311     88.0202
674     84.3311     87.9825
675     84.3311     88.0691
676     84.3311     88.0102
677     84.3311     88.0125
678     84.3311     88.0051
679     84.3311      88.037
680     84.3311     88.0343
681     84.3311     88.0267
682     84.3311     88.0449
683     84.3311     88.0483
684     84.3311      88.009
685     84.3311     88.0153
686     84.3311     88.0015
687     84.3311     88.0006
688     84.3311     88.0007
689     84.3311     88.0062
690     84.3311     88.0821
691     84.3311     88.1034
692     84.3311     88.0681
693     84.3311     88.0457
694     84.3311      88.049
695     84.3311     88.0207
696     84.3311     88.0115
697     84.3311     88.0169
698     84.3311     88.0359
699     84.3311     87.9533
700     84.3311     87.8966
701     83.1268     87.9278
702     83.1268     87.9459
703     83.1268      87.966
704     83.1268     87.9514
705     83.1268     87.9405
706     83.1268     87.9175
707     83.1268      87.875
708     83.1268      87.879
709     83.1268     87.8089
710     83.1268      87.774
711     83.4811     87.7515
712     83.4811     87.7347
713     83.4811     87.7024
714     83.4811     87.6476
715     83.4811     87.6445
716     83.4811     87.6986
717     83.4811      87.658
718     83.4811     87.6531
719     83.4811     87.5741
720     83.4811     87.5907
721     83.4811     87.5454
722     83.4811     87.5272
723     83.4811     87.4808
724     83.4811     87.4202
725     83.4811     87.4035
726     83.4811     87.3592
727     83.4811     87.3585
728     83.4811     87.4139
729     83.4811     87.3992
730     83.4811     87.4385
731     83.4811     87.3788
732     83.4811     87.3299
733     83.4811     87.2859
734     83.4811      87.341
735     83.4811     87.2979
736     83.4811     87.2334
737     83.4811      87.222
738     83.4811     87.1898
739     83.4811     87.1223
740     83.4811     87.1344
741      81.643     87.1146
742      81.643     87.0719
743      81.643     87.0365
744      81.643     86.9962
745      81.643     86.9659
746     82.2091      86.988
747     82.2091     87.0166
748     82.2091     86.9858
749     82.2091     86.9667
750     82.2091     86.9185
751     82.2091     86.9405
752     82.2091      86.872
753     82.2091     86.8579
754     82.2091     86.8527
755     82.2091     86.8565
756     81.3516     86.7972
757     81.3516      86.804
758     81.3516     86.7536
759     81.3516     86.6847
760     81.3516     86.6688
761      80.902     86.7115
762      80.902     86.7235
763      80.902     86.7301
764      80.902     86.6846
765      80.902     86.6459
766      80.902     86.5632
767      80.902     86.5185
768      80.902     86.4943
769      80.902     86.5305
770      80.902     86.4865
771     80.7271     86.4561
772     80.7271     86.4887
773     80.7271      86.408
774     80.7271      86.379
775     80.7271     86.3391
776     80.2605     86.3216
777     80.2605     86.3108
778     80.2605     86.3417
779     80.2605     86.3264
780     80.2605     86.2483
781     80.2605     86.1421
782     80.2605     86.0504
783     80.2605     86.0497
784     80.2605     86.0361
785     80.2605     85.9384
786     80.2605     85.8578
787     80.2605     85.8273
788     80.2605     85.8436
789     80.2605     85.8169
790     79.9331      85.725
791     79.4556     85.6605
792     79.4556     85.6794
793     79.4556     85.5744
794     79.4556     85.5221
795     79.4556     85.5239
796     78.3782     85.4464
797     78.3782     85.2627
798     78.3782     85.1885
799     78.3782     84.8736
800     78.3782     84.7418
801     78.2421     84.6003
802     78.0141     84.3959
803     78.0141      84.354
804     78.0141     84.1072
805     78.0141     83.9221
806     78.0141     83.7373
807     78.0141     83.6387
808     77.6778     83.3978
809     77.6778     83.2688
810     77.6778     83.1178
811     77.1179     82.9222
812     76.4772     82.6887
813     76.4772     82.4454
814     76.4772     82.2895
815     76.4772     82.1051
816     75.4561      81.865
817     75.4561       81.57
818     75.4561     81.3609
819     75.4561     81.1608
820     75.4561     80.8513
821     74.5584     80.5878
822     74.5584     80.4577
823     74.5584      80.251
824     74.5584     80.0371
825     74.5584     79.7873
826     74.5584     79.5817
827     74.5584     79.3403
828     74.5584     79.0685
829     74.5584     78.9566
830     74.5584     78.7633
831     74.5584     78.5025
832     74.5584     78.3349
833     74.5584     78.1418
834     74.5584     77.9409
835     74.5584     77.7378
836     74.4106     77.6469
837     74.4106     77.6442
838     74.4106      77.449
839     74.4106     77.3243
840     74.4106     77.1263
841     73.9165     77.0147
842     73.9165     76.7792
843     73.9165     76.6981
844     73.9165     76.5009
845     73.9165     76.4562
846     73.9452     76.3847
847     73.9452     76.3375
848     73.9452     76.2866
849     73.9452     76.2411
850     73.9452     76.1818
851     73.9911     76.0766
852     73.9911     76.0151
853     73.9911     75.9428
854     73.9911     75.8887
855     73.9911     75.7912
856     73.9165     75.7237
857     73.5991     75.6572
858     73.5991     75.5953
859     73.5991     75.5185
860     73.5991     75.4605
861     72.7499     75.3882
862     72.7499     75.3283
863     72.7499     75.3039
864     72.7499     75.2277
865     72.7499     75.1374
866     72.7499     75.0834
867     72.7499      75.021
868     72.7499     74.9684
869     72.7499      74.918
870     72.7499     74.8682
871     72.7499     74.8064
872     72.7499      74.762
873     72.7499     74.7287
874     72.7499     74.6415
875     72.7499     74.6106
876     72.4385     74.5418
877     72.4385     74.5175
878     72.4385     74.4821
879     72.4385     74.4318
880     72.4385     74.4156
881     72.0936     74.3572
882     72.0936     74.3237
883     72.0936     74.2987
884     72.0936     74.2484
885     72.0936     74.2415
886     72.4385     74.2142
887     72.4385     74.1877
888     72.4385     74.1662
889     72.4385     74.1309
890     72.4385     74.0999
891     72.4385     74.0906
892     72.4385     74.0682
893     72.4385     74.0435
894     72.4385     74.0132
895     72.4385     73.9678
896     72.4385     73.9383
897     72.4385     73.9188
898     72.2543     73.8744
899     72.2543     73.8406
900     72.2543     73.8179
901     72.2543      73.814
902     72.2543     73.7835
903     72.2543     73.7606
904     72.2543     73.7634
905     72.2543     73.7374
906     72.2543     73.7286
907      72.136     73.7125
908      72.136     73.6932
909      71.342     73.6755
910      71.342     73.6675
911      71.342     73.6535
912      71.342     73.6355
913      71.342     73.6321
914      71.342     73.6149
915      71.342      73.612
916      71.342     73.6103
917      71.342     73.6062
918     71.1742     73.5925
919     71.1742      73.581
920     71.1742      73.566
921     71.1742     73.5652
922     71.1742      73.548
923     71.1742     73.5351
924     71.1742     73.5187
925     71.1742     73.5121
926     71.1742       73.51
927     71.1742     73.4817
928     71.1742      73.456
929     71.1742     73.4517
930     71.1561      73.442
931     71.1561     73.4373
932     71.1561     73.4298
933     71.1561     73.4247
934     71.1561     73.4178
935     71.1561        73.4
936     71.1742     73.4025
937     71.1742     73.3824
938     70.8941     73.3693
939     70.8941      73.364
940     70.8941      73.356
941     71.1561     73.3547
942     70.8598     73.3484
943     70.8598     73.3407
944     70.8598      73.323
945     70.8598     73.3124
946     70.8598     73.3086
947     70.8598     73.3027
948     70.8598      73.288
949     70.8598     73.2691
950     70.8598     73.2511
951     70.8598     73.2471
952     70.8598     73.2407
953     70.8598     73.2316
954     70.8598     73.2272
955     70.8598     73.2202
956     70.8941     73.2139
957     70.8941     73.2002
958     70.8941     73.1876
959     70.8941     73.1839
960     70.8941     73.1824
961     70.8941     73.1835
962     70.8941     73.1698
963     70.8941     73.1646
964     70.8941     73.1608
965     70.8941     73.1571
966     70.8941     73.1438
967     70.8941     73.1278
968     70.8941     73.1142
969     70.8695     73.0972
970     70.8695     73.0964
971     70.8695     73.0891
972     70.8695     73.0743
973     70.8695     73.0613
974     70.5383     73.0416
975     70.5383     73.0406
976     70.5383     73.0218
977     70.5383     73.0058
978     70.5383     73.0225
979     70.5383     72.9946
980     70.5383     72.9708
981     70.8598      72.961
982     70.8598     72.9419
983     70.5564     72.9188
984     70.5564      72.941
985     70.5564     72.9205
986     70.4616     72.9217
987     70.4616     72.9024
988     70.1483      72.883
989     70.1483     72.8623
990     70.1483     72.8445
991     70.4616     72.8528
992     70.4616     72.8204
993     70.4616     72.8101
994     70.4616     72.7927
995     70.4616     72.7689
996     70.4616      72.736
997     70.4616      72.706
998     70.4616     72.6879
999     70.4616     72.6867
1000     70.4616     72.6697
1001     70.5564     72.6614
1002     70.5564     72.6541
1003     70.5564     72.6433
1004     70.5564     72.6196
1005     70.5564     72.6006
1006      70.091      72.609
1007      70.091     72.5972
1008      70.091       72.58
1009      70.091     72.5601
1010      70.091     72.5282
1011      70.091     72.4915
1012      70.091     72.4624
1013      70.091     72.4514
1014      70.091      72.425
1015      70.091     72.4049
1016      70.091     72.3831
1017      70.091     72.3542
1018      70.091     72.3513
1019      70.091     72.3319
1020      70.091     72.3142
1021     70.1483     72.3021
1022     70.1483     72.2888
1023     70.1483     72.2648
1024     70.1483     72.2101
1025     70.1483     72.1797
1026     70.1483     72.1638
1027     70.1483     72.1355
1028     70.1483     72.1019
1029     70.1483     72.0916
1030     70.1483     72.0414
1031     70.1483     72.0055
1032     70.1483     71.9477
1033     70.1483     71.9279
1034     70.1483     71.8914
1035     70.1483     71.8636
1036     69.1328     71.8335
1037     69.1328     71.8565
1038     69.1328     71.8344
1039     69.1328     71.8365
1040     69.1328      71.815
1041     69.1328      71.794
1042     69.1328     71.7881
1043     69.1328     71.7709
1044     69.1328     71.7614
1045     69.1328     71.7646
1046     69.1328     71.7261
1047     69.1328      71.717
1048     69.1328     71.6991
1049     69.1328     71.6837
1050     69.1328      71.658
1051     69.1328     71.6158
1052     69.1328     71.5823
1053     69.1328     71.5668
1054     69.1328     71.5503
1055     69.1328     71.5106
1056     69.1328     71.4776
1057     69.1328     71.4652
1058     69.1328     71.4513
1059     69.1328     71.4317
1060     69.1328     71.4159
1061      69.701     71.3871
1062      69.701     71.3711
1063      69.701     71.3531
1064      69.701     71.3454
1065      69.701     71.3272
1066      69.701     71.3116
1067      69.701     71.3106
1068      69.701     71.2815
1069      69.701     71.2702
1070      69.701     71.2566
1071     69.8636     71.2485
1072     69.7701     71.2218
1073     69.7701     71.2077
1074     69.7701     71.1989
1075     69.7701     71.1863
1076     69.0091     71.1789
1077     69.0091     71.1711
1078     69.0091     71.1658
1079     69.0091     71.1577
1080     69.0091     71.1519
1081     69.7701     71.1488
1082     69.7701     71.1401
1083     69.7701     71.1382
1084     69.7701     71.1311
1085     69.7701     71.1278
1086     69.7701     71.1251
1087     69.7701     71.1204
1088     69.7701     71.1161
1089     69.7701     71.1132
1090     69.7701     71.1137
1091     69.1328     71.1093
1092     69.1328     71.1064
1093     69.1328      71.106
1094     69.1328      71.106
1095     69.1328     71.0999
1096     69.1328     71.1054
1097     69.1328     71.1043
1098     69.1328     71.1042
1099     69.1328     71.1041
1100     69.1328     71.1041
1101     69.0091     71.1006
1102     69.0091     71.1005
1103     69.0091     71.1003
1104     69.0091     71.1002
1105     69.0091     71.0975
1106     69.1328     71.0983
1107     69.1328     71.0982
1108     69.1328     71.0981
1109     69.1328     71.0978
1110     69.1328     71.0972
1111     69.1328     71.0969
1112     69.1328     71.0969
1113     69.1328     71.0982
1114     69.1328     71.0968
1115     69.1328     71.0967
1116     69.1328     71.0967
1117     69.1328     71.0937
1118     69.1328     71.0935
1119     69.1328     71.0935
1120     69.1328     71.0928
1121     69.6288     71.0943
1122     69.6288     71.0943
1123     69.6288     71.0941
1124     69.6288      71.094
1125     69.6288     71.0947
1126     69.6288     71.0923
1127     69.6288     71.0907
1128     69.6288     71.0871
1129     69.6288     71.0836
1130     69.6288     71.0896
1131     69.6288     71.0821
1132     69.6288     71.0814
1133     69.6288     71.0772
1134     69.6288     71.0779
1135     69.6288     71.0845
1136     69.0272     71.0944
1137     69.0272      71.068
1138     69.0272     71.0658
1139     69.0272     71.0644
1140     69.0272     71.0614
1141     69.0272     71.0618
1142     69.0272     71.0578
1143     69.0272     71.0598
1144     69.0272     71.0532
1145     69.0272     71.0487
1146     69.0272     71.0486
1147     69.0272     71.0467
1148     69.0272     71.0958
1149     69.0272      71.043
1150     69.0272     71.0392
1151     69.0272     71.0482
1152     69.0272     71.0522
1153     69.0272     71.0106
1154     69.0272     70.9983
1155     69.0272      70.989
1156       68.99     71.0574
1157       68.99      71.023
1158       68.99     71.0184
1159       68.99     71.0165
1160       68.99     71.0206
1161       68.99     71.0157
1162       68.99     71.0067
1163       68.99     71.0177
1164       68.99     71.0726
1165       68.99     71.1351
1166     68.9943     71.1018
1167     68.9943     71.1287
1168     68.9943      71.167
1169     68.9943     71.1575
1170     68.9943     71.2771
1171     68.9943     71.3255
1172     68.9943     71.3668
1173     68.9943      71.356
1174     68.9943     71.4195
1175     68.9943     71.3854
1176     68.9943     71.3549
1177     68.9943     71.4084
1178     68.9943     71.4083
1179     68.9943     71.5121
1180     68.9943     71.5445
1181     68.9943     71.5081
1182     68.9943     71.5094
1183     68.9943     71.4387
1184     68.9943     71.3901
1185     68.9943      71.337
1186      68.927     71.3249
1187      68.927     71.3611
1188      68.927     71.3373
1189      68.927     71.3052
1190      68.927     71.1254
1191       68.99     71.0302
1192       68.99     70.9498
1193       68.99     70.9059
1194       68.99     70.8864
1195       68.99     70.8313
1196       68.99     70.7686
1197       68.99     70.6711
1198       68.99     70.6066
1199       68.99     70.5564
