GEN:      BEST_LOSS:      AVERAGE_LOSS: 
0     416.928     498.611
1     416.928     490.723
2     416.928      483.84
3     413.913     475.933
4     413.913     469.159
5      412.75     462.158
6     406.818      456.19
7     376.861     449.722
8     376.861     444.607
9     376.861     439.208
10     376.861     433.871
11     376.861     429.516
12     376.861     425.013
13     376.681      420.83
14     354.722     416.419
15     354.722     412.331
16     358.197     409.061
17     358.197     405.705
18     355.216     402.277
19     355.216      398.63
20     352.693     395.543
21     352.693     393.148
22     348.942     389.839
23     347.833     387.024
24     347.833      384.32
25     347.833     382.209
26     320.422      379.26
27     320.422     376.909
28     320.422     374.255
29     320.422     371.867
30     320.422     369.895
31     320.422     366.672
32     296.812     364.197
33     296.812     362.004
34     296.812     359.221
35     296.812     355.937
36     296.812     353.858
37     296.812     351.138
38     296.812     348.757
39     296.812     346.647
40     296.812      344.69
41     296.812     342.422
42     296.812     340.308
43     294.213     338.297
44     294.213     336.211
45     294.213     334.339
46     291.582     332.339
47     291.582     330.463
48     291.582      328.44
49     291.582     326.398
50     291.582     324.624
51     280.533     321.933
52     275.648     319.865
53     275.648     317.762
54     275.648     315.741
55     274.282     313.526
56     272.199     311.018
57      263.96     308.593
58      263.96     306.335
59      263.96     304.132
60      263.96     301.618
61     259.382     299.187
62     259.382     297.091
63     259.382     295.191
64     259.382     293.725
65     259.382     292.116
66     259.382     290.198
67     259.382     288.869
68     259.382     287.684
69     246.614     286.291
70     246.614      285.61
71     246.614       284.3
72     246.614     283.345
73     246.614     282.359
74     246.614     280.932
75     246.614     279.771
76     246.614     278.317
77     246.614     277.027
78     246.614      275.95
79     246.614     274.717
80     246.614     273.727
81     239.534     272.445
82     239.534     271.608
83     239.534     270.689
84     239.355     269.284
85     237.102     268.151
86     237.102     266.875
87     237.102     266.061
88     237.102     264.941
89     236.732     263.501
90     236.732     262.463
91     233.227     261.424
92     233.227      260.41
93     228.483     259.456
94     228.483     258.331
95     228.483     256.973
96      226.07      255.89
97      226.07     254.943
98      226.07     254.059
99     225.963     253.258
100     225.963     252.354
101     222.814     251.217
102     222.814     250.173
103     222.814     249.043
104     222.814     247.912
105     222.814     246.912
106     222.814     246.215
107     222.814     245.661
108     222.814     244.791
109     222.814     244.128
110     222.814     243.415
111     222.814     242.623
112     222.814     241.837
113     222.686     241.493
114     219.368     240.751
115     219.368     240.246
116     217.003     239.388
117     217.003     238.705
118     217.003     237.926
119     217.003     237.168
120     209.431     236.592
121     206.442     235.395
122     206.442     234.701
123     206.442     233.352
124     206.442     232.155
125     206.442     231.282
126     206.442     230.486
127     206.442     229.435
128     206.442     228.581
129     204.363     227.615
130     204.363     226.517
131     198.644     225.304
132     198.644     224.244
133     198.644     223.219
134     185.482     221.894
135     185.482     221.103
136      189.44     219.562
137      189.44     218.684
138      189.44     217.843
139      189.44     216.861
140      189.44     215.865
141     184.684     214.866
142     184.684     213.912
143     184.684     213.062
144     184.684     212.324
145     184.684     211.487
146     184.684     210.824
147     181.102     209.675
148     181.102     208.884
149      181.02     207.954
150      181.02     207.296
151      181.02     206.342
152      181.02     205.563
153      181.02     204.874
154      181.02     203.749
155      181.02     202.922
156     170.011      201.92
157     170.011     201.195
158     170.011     200.386
159     170.011     199.683
160     170.011     198.859
161     170.011     198.214
162     170.011     197.653
163     170.011     196.817
164     170.011     196.148
165     168.667     195.247
166     168.667     194.459
167     168.667     193.708
168     168.667     192.942
169     168.667     192.375
170     168.667     191.697
171     168.667     191.139
172     168.667     190.467
173     168.667       189.8
174     168.667     189.126
175     168.667     188.547
176     168.667     187.963
177     168.667     187.276
178     168.667     186.469
179     168.667     185.884
180     168.092     185.277
181     165.528     184.716
182     164.557     184.257
183     164.557     183.465
184     164.557     182.936
185     164.557     182.043
186     164.557     181.501
187     159.147     180.699
188     159.147     180.075
189     159.147     179.401
190     159.147     178.664
191     159.147     177.912
192     159.147     177.328
193     159.147     176.602
194     157.502      176.04
195     157.502     175.448
196     157.502     175.001
197     157.502     174.385
198     157.502     173.915
199     157.502     173.582
200     157.502     172.955
201     157.502     172.319
202     157.502     171.717
203     157.502     171.145
204     157.178     170.454
205     157.178     169.956
206     153.044     169.292
207     153.044     168.499
208     153.044     167.813
209      151.86     167.186
210      151.86     166.625
211      151.86     166.116
212      151.86     165.468
213      151.86     165.039
214     147.173     164.566
215     147.173     163.999
216     147.773     163.482
217     147.773     162.953
218     146.613     162.584
219     146.613     161.994
220     146.613     161.435
221     146.613     160.814
222     146.613     160.348
223     146.613     159.654
224     144.517     158.946
225     144.517     158.408
226     143.431     157.838
227     143.431     157.481
228     143.431     157.027
229     143.431     156.367
230     137.237     155.802
231     137.237     155.166
232     137.237     154.647
233     137.237     154.342
234     137.237     153.753
235     137.237     153.149
236     137.237     152.498
237     137.237     151.804
238     137.237     151.397
239     137.237     150.984
240     137.237     150.768
241     137.237      150.45
242     137.237     150.071
243     137.237      149.48
244     137.237     149.093
245     137.237     148.825
246     137.237     148.486
247     134.235     147.847
248     134.235     147.441
249     134.235     146.879
250     134.235     146.481
251      135.33     146.001
252      134.09     145.631
253      134.09     144.934
254      134.09     144.498
255      134.09     144.294
256      134.09     144.138
257      134.09     143.759
258     133.109      143.31
259     133.109     143.095
260     132.205      142.82
261     130.384      142.47
262     130.384     142.067
263     130.384     141.651
264      130.37     141.393
265      130.37      141.09
266      130.37     140.608
267      130.37     140.277
268     129.563     139.972
269     128.789      139.68
270     128.789     139.337
271     128.494     138.996
272     128.494     138.619
273     127.285      138.35
274     127.285     137.941
275     126.592     137.553
276     125.698     137.231
277     125.698     136.784
278     125.698     136.467
279     124.818     136.053
280     124.818     135.613
281     124.818     135.279
282     124.818     134.919
283     124.792      134.54
284     124.792     134.282
285     123.809     133.856
286     123.201     133.529
287     123.201     133.272
288     123.201     132.856
289     122.174     132.419
290     122.174     132.063
291     121.833     131.651
292     120.456     131.185
293     120.456     130.959
294     120.456     130.724
295     120.456     130.464
296     120.456      130.13
297     120.456     130.014
298     120.456     129.657
299     120.456     129.354
300     120.456     128.989
301     119.608     128.751
302     119.608     128.324
303     119.608     128.008
304     118.909      127.58
305     118.909     127.379
306     118.909     127.159
307     118.909     127.026
308     118.909      126.88
309     118.909     126.709
310     118.909     126.419
311     117.686     126.169
312     117.686     125.886
313     117.686     125.559
314     117.686     125.343
315     117.686     125.131
316     116.749     124.826
317     116.749     124.675
318     116.749     124.454
319     115.523     124.166
320     115.523      123.94
321     115.523     123.745
322     115.523     123.508
323     115.523     123.325
324     115.523     123.294
325     115.523      123.08
326     115.523      122.83
327     115.523     122.722
328     115.523     122.542
329     115.523     122.385
330     115.523     122.119
331     115.129     121.987
332     115.129     121.776
333     114.624      121.57
334     114.624     121.367
335     114.624     121.097
336     114.624     120.974
337     114.624      120.68
338     114.618     120.442
339     114.618     120.272
340     114.618     120.093
341     113.432     119.817
342     113.432     119.627
343     113.432     119.443
344     113.432     119.328
345     113.432     119.217
346     112.639     118.983
347     110.825     118.754
348     110.825     118.514
349     110.825     118.371
350     110.825     118.213
351     110.825     118.083
352     110.825       117.9
353     110.825      117.76
354     110.825     117.538
355     110.825     117.324
356     110.932     117.271
357     110.932     117.076
358     110.932     116.861
359     110.932     116.738
360     110.063     116.611
361     110.063     116.455
362     110.063     116.251
363     110.063     116.115
364     110.063     115.984
365     109.917     115.902
366     109.917     115.754
367     109.917     115.533
368     108.927     115.363
369     108.927      115.14
370     108.927     114.994
371     108.824     114.822
372     108.824     114.597
373     107.595     114.395
374     107.595     114.242
375     107.595     114.092
376     107.595     113.878
377     107.595      113.73
378     107.595      113.58
379     107.595     113.308
380     107.595     113.105
381     107.595     112.894
382     107.595     112.891
383     107.175     112.724
384     107.175     112.603
385     107.175     112.462
386     107.175     112.319
387     107.175     112.179
388     107.175     112.084
389     107.175     111.944
390     107.175     111.811
391     107.175     111.656
392     107.175     111.518
393     107.175     111.359
394     107.175     111.223
395     107.175     111.102
396     104.637     110.959
397     104.637      110.76
398     104.637      110.65
399     104.637     110.603
400     104.592     110.386
401     104.592     110.256
402     104.592     110.094
403     104.592     109.965
404     103.926     109.832
405     103.926     109.711
406     103.926     109.632
407     103.926     109.492
408     103.751     109.274
409     103.689     109.207
410     103.689     109.049
411     102.715     108.932
412     102.715     108.685
413     102.715     108.578
414     102.715     108.383
415     102.715     108.225
416     102.715     108.164
417     102.512     107.962
418     102.507     107.823
419     101.555     107.571
420     101.555      107.54
421     100.688     107.454
422     100.688     107.338
423     100.688     107.188
424     100.688     107.118
425     100.688     106.953
426     100.688     106.882
427     100.688     106.779
428     99.7494     106.556
429     99.7494     106.358
430     99.7494     106.247
431     99.5365     106.002
432     99.4334     105.901
433     99.4334      105.68
434     99.4334     105.581
435     99.4334     105.359
436     99.4334     105.294
437     99.2892     105.214
438     99.2892     105.039
439     99.2892     104.886
440     99.2892     104.742
441     99.2892     104.563
442     99.2892     104.425
443     99.2731     104.263
444     99.2731     104.088
445     99.0074     103.993
446     98.8686     103.796
447     98.8686     103.655
448     98.8686     103.489
449     98.8686     103.435
450     98.8686     103.291
451     98.8686     103.128
452     98.8686      103.06
453     98.6336     102.918
454     97.9195     102.765
455     97.9195     102.679
456     97.9011     102.608
457     97.9011     102.505
458     97.5437     102.445
459     96.8149     102.208
460     96.8149     102.107
461     96.8149       101.9
462     96.8149     101.818
463     96.8149     101.781
464     96.8067     101.601
465     96.8067     101.462
466     96.8067     101.256
467     96.6405     101.122
468     96.6405      100.92
469     96.6402     100.906
470     95.3493     100.771
471     95.3493     100.664
472     95.3493     100.606
473     95.3493     100.508
474     95.3493     100.349
475     95.3493     100.138
476     95.3493     100.076
477     95.3493     99.9741
478     95.3493      99.761
479     95.3493     99.6772
480     95.3493     99.6131
481     95.3275     99.4691
482     95.3275     99.3192
483     95.3275     99.3018
484     95.3275     99.3408
485      94.597     99.2678
486     94.2866     99.1517
487     94.2866     99.0822
488     94.2866     99.0197
489     94.2866     99.0085
490     94.0282     98.9053
491     94.0282      98.726
492     94.0282     98.5497
493     94.0282     98.3923
494     94.0282     98.3167
495     94.0282     98.2009
496      93.804     98.0629
497     92.9532     97.9445
498     92.9532     97.8178
499     92.9532     97.7043
500     92.9532     97.5213
501     92.9532     97.3515
502     92.9532     97.2155
503     92.9532     97.0943
504     92.9532      96.924
505     92.9532     96.6817
506     91.5763     96.5729
507     91.5763     96.4536
508     91.5763     96.2969
509     91.5763     96.2022
510     91.5763     96.1786
511     91.5763     96.0102
512     91.5763     95.9029
513     91.5763     95.7967
514     91.5763     95.6491
515     91.5763     95.4764
516     91.5763     95.3921
517     91.5763     95.2193
518     91.5763     95.0355
519     91.5763     94.9446
520     91.5763     94.8601
521     91.5763     94.7912
522     91.2455     94.6357
523     91.2455     94.5262
524     91.2455     94.4114
525     91.2455     94.2602
526     90.9751      94.199
527     90.9751     94.0832
528     90.9751     94.0116
529     90.9751     93.8746
530     90.9751     93.7642
531     90.9751     93.6768
532      90.613     93.6111
533     90.0318     93.4673
534     90.0318     93.4039
535     90.0318     93.4414
536     90.0318     93.3403
537     90.0318     93.2385
538     90.0318     93.1254
539     90.0318     93.0719
540     90.0318     93.1306
541     90.0318     93.0684
542     90.0318     93.0272
543     90.0318     92.9139
544     90.0318     92.8349
545     90.0318     92.7697
546     90.0318     92.7396
547     89.6881      92.694
548     89.6881     92.6112
549     89.6881     92.5348
550     89.6881     92.4474
551     89.6881     92.3932
552     89.6881      92.393
553     89.6881     92.3469
554     89.6881     92.3071
555     89.6881     92.2533
556     89.6881      92.147
557     89.6881      92.103
558     89.6881     91.9905
559     89.6881      91.917
560     89.6881     91.8734
561     89.4995     91.8077
562     89.4995     91.7522
563     89.4622     91.6509
564     89.4622     91.5987
565     89.4622     91.5328
566      89.327     91.4545
567      89.327     91.3803
568     89.2708     91.3205
569     89.2708     91.2719
570     89.2708     91.2055
571     88.3204     91.1529
572     88.3204     91.0663
573     88.3204     91.0089
574     88.3204     90.9714
575     88.3204     90.8956
576     88.3204     90.8433
577     88.3204     90.7477
578     88.3204     90.7045
579     88.3204     90.6737
580     88.3204     90.6415
581     88.3204     90.6008
582     88.3204     90.5402
583     88.2825     90.4858
584     88.2825     90.4501
585     88.2825     90.3862
586     88.2825     90.3242
587     88.2825     90.2855
588     88.2825     90.2362
589     88.2825     90.1753
590     88.2825     90.1244
591     85.9423     90.0688
592     85.9423     90.0343
593     85.9423     89.9949
594     85.9423      89.919
595     83.7476     89.9082
596     83.7476     89.8812
597     83.7476     89.8495
598     83.7476     89.8018
599     83.7476     89.7624
600     83.7476     89.7202
601     87.7563      89.678
602     87.7563     89.6315
603     87.7563     89.5339
604     87.7563     89.5148
605     87.7563     89.4888
606     87.6614     89.4238
607     87.6614     89.3621
608     87.6614     89.2872
609     87.6614     89.2336
610     87.6614     89.2302
611     84.9752     89.1806
612     84.9752     89.1405
613     84.9752     89.1366
614     84.9752     89.0704
615     84.9752     89.0136
616     84.9752     89.0011
617     84.9752     88.9897
618     84.9752     88.9862
619     84.9752     88.9759
620     84.9752     88.9686
621     84.9752     88.9229
622     84.9752     88.9195
623     84.9752     88.9062
624     84.9752     88.9234
625     84.9752      88.856
626     84.6209     88.8473
627     84.6209     88.8368
628     84.6209     88.8437
629     84.6209     88.7987
630     84.6209     88.7853
631     84.6209     88.7748
632     84.6209     88.7519
633     84.6209     88.7546
634     84.6209     88.7421
635     84.6209     88.7417
636     84.6209     88.7479
637     84.6209     88.7173
638     84.6209     88.7069
639     84.6209     88.6975
640     84.6209      88.672
641     84.6209     88.6291
642     84.6209     88.6368
643     84.6209     88.6633
644     84.6209     88.6317
645     84.6209     88.6408
646     84.6209     88.6466
647     84.6209     88.6335
648     84.6209     88.6483
649     84.6209     88.6165
650     84.6209     88.6174
651     84.6209     88.5935
652     84.6209     88.5708
653     83.3447     88.5164
654     83.3447     88.5466
655     83.3447     88.5268
656     83.3447     88.5798
657     83.3447     88.5536
658     83.3447     88.5404
659     83.3447     88.5255
660     83.3447     88.4852
661     83.3447     88.5111
662     83.3447     88.5059
663     83.3447     88.5049
664     83.3447      88.463
665     83.3447     88.4533
666     83.3447     88.5542
667     83.3447     88.5127
668     83.3447     88.5576
669     83.3447     88.5136
670     83.3447      88.455
671     83.3447     88.4436
672     83.3447     88.4138
673     83.3447     88.3884
674     83.3447     88.3995
675     83.3447     88.3855
676     83.3447     88.3805
677     83.3447     88.3694
678     83.3447     88.4247
679     83.3447     88.3542
680     83.3447     88.3737
681     84.3177     88.3684
682     84.3177     88.3997
683     84.3177     88.3295
684     84.3177     88.2977
685     83.8624     88.2996
686     83.8624     88.3449
687     83.8624     88.2849
688     83.8624     88.3128
689     83.8624     88.3628
690     83.8624       88.28
691     83.8624     88.2435
692     83.8624     88.2016
693     83.8624     88.1928
694     83.8624     88.1639
695     83.8624     88.1386
696     83.8624     88.1303
697     83.8624     88.1109
698     83.8624     88.1387
699     83.8624     88.1018
700     83.8624     88.1106
701     83.8624     88.0235
702     83.8624     88.0256
703     83.8624     87.9968
704     83.8624     87.9952
705     83.8624     87.9696
706     83.8624      88.018
707     83.8624     88.0151
708     83.8624     87.9662
709     83.8624     87.9481
710     83.8624     87.9267
711     83.7476     87.8967
712     83.7476     87.9051
713     83.7476     87.9016
714     83.7476     87.8776
715     83.7476     87.8592
716     83.7476     87.7837
717     83.7476     87.8021
718     83.7476     87.8167
719     83.7476     87.7629
720     83.7476     87.7081
721     83.1268     87.7418
722     83.1268     87.6888
723     83.1268     87.6751
724     83.1268     87.7125
725     83.1268     87.7105
726     83.1268     87.6852
727     83.1268     87.6713
728     83.1268     87.6448
729      82.761     87.6088
730      82.761     87.5821
731      82.761     87.5643
732      82.761     87.5141
733      82.761     87.4714
734     82.4497     87.4488
735     82.4497      87.428
736     82.1668     87.4183
737     82.1668      87.392
738     82.1668     87.3988
739     82.1668      87.354
740     82.1668     87.3247
741     82.1668     87.2295
742     82.1668     87.2324
743     82.1668     87.2383
744     82.1668     87.2082
745     82.1668     87.1133
746      81.643     87.1368
747      81.643     87.0792
748      81.643     87.1113
749      81.643     87.0932
750      81.643     87.0523
751      81.643     87.0056
752      81.643     86.9938
753      81.643     87.0021
754      81.643      86.908
755      81.643     86.8994
756     81.5216     86.8705
757     81.5216     86.7709
758     81.5216     86.6898
759     79.6163      86.636
760     79.6163     86.6117
761     79.6163     86.4902
762     79.6163     86.5195
763     79.6163     86.4674
764     79.6163     86.4296
765     79.6163     86.4387
766     79.6163     86.4526
767     79.6163     86.4558
768     79.6163     86.3598
769     79.6163     86.3148
770     79.6163     86.3057
771     79.4909     86.2628
772     79.4909     86.1271
773     79.4909     86.0725
774     79.4909     86.0219
775     79.4909     85.9246
776     79.4909     85.9391
777     79.4909     86.0354
778     79.4909     86.0836
779     79.4909     85.9957
780     79.4909     85.8892
781     79.4909     85.8089
782     79.4909     85.6939
783     79.4909     85.6293
784     79.4909     85.5668
785     79.4909     85.4838
786     78.3975     85.3288
787     78.3975     85.1865
788     78.3975     85.1256
789     78.3975     84.9501
790     78.3975     84.6954
791     78.8434     84.5777
792     78.8434     84.5052
793     78.8434     84.4174
794     78.8434     84.3152
795     78.8434     84.2981
796     78.8434     84.2619
797     78.8434      84.148
798     78.8434     83.8933
799     78.3243      83.758
800     78.3243     83.6728
801     78.3264     83.6145
802     77.0194     83.5949
803     77.0194     83.4416
804     77.0194     83.2511
805     77.0194     83.0189
806     77.0194     82.9777
807     77.0194     82.8366
808     77.0194     82.6963
809     76.4119     82.5594
810     75.6376     82.5264
811     75.1879     82.4265
812     75.1879      82.143
813     75.1879     82.0665
814     75.1879     81.9591
815     75.1879     81.7629
816     75.1879     81.6511
817     75.1879     81.3382
818     75.1879     81.1359
819     75.1879      80.919
820     75.1879     80.7354
821     75.1879     80.4454
822     74.9407     80.2217
823     74.9407     79.9737
824     74.9407       79.74
825     74.9407     79.6033
826     74.9407     79.3447
827     74.9407     79.1147
828     74.8902     78.8853
829     74.8902     78.6893
830     74.8902     78.5737
831     74.8886     78.4521
832     74.8886     78.1745
833     74.8886      78.042
834     74.8886     77.7975
835     74.8886      77.683
836     74.8596     77.4395
837     74.8596     77.3282
838     74.7659     77.2194
839      74.584     77.1203
840      74.584     76.9175
841     74.4158     76.7133
842     74.4158     76.6217
843     74.4158      76.495
844     74.4158     76.4156
845     74.4158      76.257
846     74.4158     76.1972
847     74.4158     76.0363
848     74.4158     75.9339
849     74.4158     75.8287
850     74.1949     75.6885
851     74.1949     75.5936
852     74.1949     75.5391
853     74.1949     75.4496
854     74.1214     75.3736
855     73.9427     75.2489
856     73.9165     75.1992
857     73.9165     75.1295
858     73.9165     75.0545
859     73.9165     74.9961
860     73.9165      74.943
861     73.9129     74.9102
862     73.9129     74.8683
863     73.9129     74.8085
864     73.9129     74.7646
865     73.9129     74.7189
866     73.5991     74.6755
867     73.5991     74.6583
868     73.5991     74.6371
869     73.5991     74.6222
870     73.5991     74.6043
871     73.5991     74.5495
872     73.5991     74.5002
873     73.5991     74.4286
874     73.4989     74.4032
875     73.4989     74.3738
876     72.5556     74.3465
877     72.5556     74.3078
878     72.5556     74.2785
879     72.5556     74.2503
880     72.5556     74.2253
881     72.6585     74.2089
882     72.6585     74.1786
883     72.6585     74.1617
884     72.6585      74.146
885     72.6585     74.1387
886     72.6585     74.1242
887     72.6585     74.1346
888     72.6585     74.0984
889     72.6585     74.0773
890     72.6585     74.0579
891     72.6585     74.0384
892     72.6585     74.0187
893     72.6585     74.0036
894     72.6585     73.9864
895     72.6585     73.9733
896     72.6585     73.9342
897     72.6585     73.9227
898     72.6585     73.9099
899     72.6585     73.8836
900     72.6585     73.8671
901     71.9766     73.8355
902     71.9766     73.8212
903     71.9766     73.8022
904     71.9766     73.7967
905     71.9766     73.7758
906     71.9766     73.7528
907     71.9766     73.7312
908     71.9766     73.7061
909     71.9766     73.6939
910     71.9766     73.6889
911     71.9766     73.6739
912     71.9766     73.6636
913     71.9766     73.6499
914     71.9766     73.6394
915     71.9766     73.6262
916      71.342     73.6007
917      71.342     73.5874
918      71.342     73.5787
919      71.342     73.5723
920      71.342     73.5585
921      71.342     73.5385
922      71.342     73.5213
923      71.342     73.5041
924      71.342     73.4893
925      71.342     73.4766
926      71.342     73.4648
927      71.342     73.4473
928      71.342     73.4389
929      71.342      73.418
930      71.342     73.4079
931     71.9766      73.401
932     71.9766     73.3941
933     71.9766     73.3854
934     71.9766     73.3755
935     71.9766     73.3741
936     71.1561     73.3698
937     71.1561     73.3667
938     71.1561     73.3558
939     71.1561     73.3504
940     71.1561     73.3411
941     71.1742     73.3294
942     71.1742     73.3251
943     71.1742      73.318
944     71.1742      73.315
945     71.1742     73.3112
946     71.1742     73.3134
947     71.1742     73.3073
948     71.1742     73.3024
949     71.1742     73.2923
950     71.1742     73.2874
951     71.1561     73.2801
952     71.1561     73.2688
953     71.1561     73.2736
954     71.1561     73.2518
955     71.1561     73.2363
956     71.1561     73.2216
957     71.1561     73.2106
958     71.1561     73.2076
959     71.1561     73.1982
960     71.1561     73.1867
961     70.9089     73.1823
962     70.9089     73.1739
963     70.9089     73.1989
964     70.9089     73.1641
965     70.9089     73.1622
966     70.9089     73.1435
967     70.9089     73.1343
968     70.9089     73.1246
969     70.9089     73.1231
970     70.9089     73.1155
971     70.8941      73.101
972     70.8941      73.096
973     70.8941     73.0904
974     70.8941     73.0785
975     70.8941     73.0604
976     70.9089     73.0409
977     70.9089     73.0287
978     70.9089     73.0168
979     70.9089     72.9983
980     70.9089     72.9804
981     70.9089     72.9954
982     70.9089     72.9833
983     70.9089     72.9526
984     70.9089     72.9399
985     70.9089     72.9373
986     70.8428     72.9208
987     70.8428     72.9057
988     70.8428     72.8854
989     70.8428     72.8723
990     70.8428     72.8923
991     70.8428      72.846
992     70.8428     72.8304
993     70.8428     72.8187
994     70.8428     72.7976
995     70.8428     72.7889
996     70.8598     72.7752
997     70.8598     72.7883
998     70.8598     72.7911
999     70.8598      72.777
1000     70.8598     72.7495
1001     70.4616     72.7194
1002     70.4616     72.7128
1003     70.4616     72.6936
1004     70.4616     72.6608
1005     70.4616     72.6561
1006     70.4616     72.6444
1007     70.4616     72.6155
1008     70.4616     72.6145
1009     70.4616      72.591
1010     70.4616     72.5866
1011     70.4616     72.5842
1012     70.4616     72.5574
1013     70.4616     72.5276
1014     70.4616     72.5154
1015     70.4616     72.4693
1016     70.4616     72.4587
1017     70.4616       72.43
1018     70.4616      72.452
1019     70.4616      72.425
1020     70.4616      72.403
1021     70.4616     72.3562
1022     70.4616     72.3359
1023     70.4616     72.3178
1024     70.4616     72.2992
1025     70.4616     72.2741
1026     70.4616     72.2301
1027     70.4616      72.182
1028     70.4616     72.1491
1029     70.4616     72.1283
1030     70.4616     72.0999
1031     70.4616     72.0492
1032     70.4616     72.0023
1033     70.4616     71.9813
1034     70.4616     71.9377
1035     70.4616     71.8736
1036     69.8216     71.8311
1037     69.8216     71.7868
1038     69.8216     71.7699
1039     69.8216     71.7273
1040     69.8216     71.7193
1041     69.8216     71.6924
1042     69.8216     71.6661
1043     69.8216     71.6334
1044     69.8216     71.6114
1045     69.8216     71.5962
1046     69.8216     71.5788
1047     69.8216     71.5609
1048     69.8216     71.5411
1049     69.8216       71.53
1050     69.8216      71.503
1051     69.8216     71.4627
1052     69.8216     71.4509
1053     69.8216     71.4297
1054     69.8216     71.4387
1055     69.8216     71.4292
1056     69.0091     71.4092
1057     69.0091     71.3965
1058     69.0091     71.3812
1059     69.0091     71.3594
1060     69.0091     71.3451
1061     69.1328     71.3281
1062     69.1328     71.3163
1063     69.1328     71.3033
1064     69.1328     71.2962
1065     69.1328     71.2777
1066     69.8216      71.259
1067     69.8216     71.2452
1068     69.8216     71.2431
1069     69.8216     71.2218
1070     69.8216     71.2125
1071     69.7701     71.1952
1072     69.7701     71.1879
1073     69.7701     71.1805
1074     69.7701     71.1737
1075     69.7701     71.1648
1076     69.7701     71.1565
1077     69.7701     71.1522
1078     69.7701     71.1478
1079     69.7701     71.1411
1080     69.7701     71.1399
1081     69.7701     71.1344
1082     69.7701     71.1312
1083     69.7701     71.1312
1084     69.7701     71.1283
1085     69.7701     71.1271
1086     69.7701      71.125
1087     69.7701     71.1238
1088     69.7701     71.1236
1089     69.7701     71.1235
1090     69.7701     71.1232
1091     69.7701      71.121
1092     69.7701      71.121
1093     69.7701     71.1209
1094     69.7701     71.1209
1095     69.7701     71.1208
1096     69.6288     71.1178
1097     69.6288     71.1177
1098     69.6288     71.1178
1099     69.6288     71.1175
1100     69.6288     71.1181
1101     69.6288     71.1173
1102     69.6288     71.1169
1103     69.6288     71.1168
1104     69.6288     71.1167
1105     69.6288     71.1164
1106     69.6288     71.1147
1107     69.6288     71.1145
1108     69.6288     71.1145
1109     69.6288     71.1144
1110     69.6288     71.1142
1111     69.6288     71.1081
1112     69.6288      71.108
1113     69.6288     71.1073
1114     69.6288     71.1073
1115     69.6288      71.107
1116     69.6288     71.1039
1117     69.6288     71.1034
1118     69.6288     71.1027
1119     69.6288     71.1024
1120     69.6288     71.1009
1121     69.6288     71.1004
1122     69.6288     71.1005
1123     69.6288     71.1002
1124     69.6288     71.1033
1125     69.6288     71.1061
1126     69.6288     71.1024
1127     69.6288     71.1023
1128     69.6288     71.1002
1129     69.6288     71.0994
1130     69.6288     71.0984
1131     69.6288      71.098
1132     69.6288     71.0975
1133     69.6288     71.0971
1134     69.6288     71.0963
1135     69.6288     71.0921
1136     69.6288       71.09
1137     69.6288     71.0892
1138     69.6288     71.0879
1139     69.6288     71.0864
1140     69.6288     71.0795
1141     69.6288     71.0761
1142     69.6288     71.0756
1143     69.6288     71.0781
1144     69.6288     71.0745
1145     69.6288     71.0729
1146     69.6288     71.0686
1147     69.6288     71.0682
1148     69.6288     71.0677
1149     69.6288     71.0671
1150     69.6288      71.064
1151     69.5807     71.0585
1152     69.5807      71.055
1153     69.5807     71.0532
1154     69.5807     71.0643
1155     69.5807     71.0507
1156     69.5807     71.0468
1157     69.5807     71.0423
1158     69.5807     71.0418
1159     69.5807     71.0405
1160     69.5807     71.0358
1161     69.5807     71.0755
1162     69.5807     71.0235
1163     69.5807     71.0083
1164     69.0091     71.0355
1165     69.0091     71.0068
1166       68.99      71.051
1167       68.99     71.0098
1168       68.99     71.0407
1169       68.99     70.9959
1170       68.99     70.9907
1171     68.9943     70.9899
1172     68.9943     71.0001
1173     68.9943     71.0071
1174     68.9943     71.0232
1175     68.9943     71.0752
1176     68.9943     71.0695
1177     68.9943      71.124
1178     68.9943     71.1414
1179     68.9943     71.1275
1180     68.9943     71.1673
1181       68.99      71.119
1182       68.99      71.079
1183       68.99     71.0582
1184       68.99     71.1462
1185       68.99     71.1336
1186       68.99     71.1089
1187       68.99     71.2126
1188       68.99     71.2089
1189       68.99     71.2609
1190       68.99     71.4364
1191       68.99     71.2923
1192       68.99     71.3453
1193       68.99     71.2854
1194       68.99     71.1939
1195       68.99     71.3005
1196     69.0091     71.2231
1197     69.0091     71.1415
1198     69.0091     71.1485
1199     69.0091     71.1099
