GEN:      BEST_LOSS:      AVERAGE_LOSS: 
0     416.928     498.005
1     416.928     489.191
2     416.928     481.519
3     416.928     474.306
4     415.989     467.564
5     412.601     461.993
6     410.032     456.851
7     403.804     451.121
8     396.409     446.079
9     384.291     441.783
10     384.291     437.801
11     369.798     433.596
12     369.798     430.141
13      363.34     426.917
14      363.34     423.003
15      363.34     419.544
16      363.34     415.452
17     356.509     411.133
18     356.509      406.88
19     356.509     402.676
20     356.509     399.214
21     342.895     395.523
22     342.895      391.75
23     342.895     387.641
24     342.895     384.176
25     342.895     381.113
26     342.895     378.728
27     342.895     376.659
28     337.086     374.378
29     337.086       372.2
30     330.459      369.81
31     319.039     367.386
32     319.039     365.606
33     313.296     363.297
34     313.296     360.763
35     313.296     358.935
36     305.639     356.072
37     305.639     353.387
38     305.639     350.633
39     305.639     347.554
40     304.105     344.169
41     291.707     340.461
42     272.928     336.284
43     272.928     332.745
44     272.928     328.906
45     272.928      325.28
46     271.556     322.313
47     271.556     319.658
48     271.556      316.68
49     271.556     313.993
50     271.556     311.351
51     264.676     309.919
52     264.676     307.237
53     264.676     304.916
54     264.676     302.405
55     264.676     300.116
56     264.676     298.597
57     264.676     297.203
58     260.791     294.926
59     260.791     293.619
60     260.791     292.074
61     260.791       290.7
62     260.653     289.214
63     260.653     287.944
64     259.495     286.502
65     259.495     285.283
66     259.495     284.087
67     259.495     282.847
68     259.495     281.735
69     254.947     280.099
70     252.477     278.717
71     248.937     277.888
72     248.937       277.1
73     248.642     276.156
74     248.642     275.286
75     236.989      274.13
76     236.989     273.419
77     236.989     272.457
78     236.989      271.87
79     236.989     271.005
80     236.989      270.44
81     236.989     269.736
82     236.989     269.023
83     236.989     268.342
84     235.535     267.335
85     235.535     266.185
86     235.535      265.52
87     235.535     264.866
88     235.535     264.134
89     235.535     263.223
90     235.535     262.205
91     235.535     261.341
92     235.535     260.382
93     235.535     259.801
94     235.438      258.89
95      233.48     258.208
96     226.853      257.39
97     226.853     256.621
98     226.853     255.774
99     226.853     255.031
100     226.853     254.349
101     226.853     253.463
102     226.853      252.62
103     226.853      251.53
104     226.305     250.753
105     224.484     249.853
106     219.472     248.704
107     219.472     247.626
108     219.472     246.663
109     219.472     246.268
110     219.472     245.358
111     216.929     244.041
112     216.929     242.626
113     213.629     241.554
114     213.629     240.201
115     213.629     239.363
116     210.551     237.827
117     210.551     236.451
118     210.551     235.391
119     210.551     234.474
120     204.845     233.578
121     204.845     232.202
122     204.845     231.191
123     204.845     230.287
124     204.845     229.078
125     204.845      227.98
126     200.298     226.889
127     197.659      225.92
128     197.659     225.237
129     197.659      224.21
130     197.659     223.337
131      196.64     222.506
132      196.64      221.68
133      196.64     220.592
134      196.64     219.748
135      196.64     218.684
136      196.64     217.815
137       195.4     216.537
138       195.4     215.694
139       195.4     214.766
140     190.224     213.896
141     190.224     213.052
142     190.224     212.079
143     190.224     211.057
144     190.224     210.478
145     190.224     209.527
146     189.807     208.645
147     189.447     208.074
148     189.447     207.324
149     187.468     206.457
150     187.468     205.883
151     185.298     205.253
152     185.298     204.231
153     185.298     203.584
154     185.298     202.583
155     185.298     201.759
156     181.644     201.223
157     181.644     200.497
158     180.839     200.058
159     180.839     199.094
160     180.839     198.083
161     178.306     197.474
162     178.306     196.566
163     178.306     195.897
164     178.306     195.128
165     176.576     194.626
166     176.127     194.272
167     176.127     193.916
168     176.127      193.29
169     176.127     192.699
170     173.601     192.123
171     173.601     191.758
172     173.601     191.349
173     172.532     190.802
174     172.532     190.359
175     172.532     189.679
176     166.386     188.842
177     166.386     188.399
178     166.386     187.916
179      165.55     187.215
180      165.55     186.648
181      165.55     185.977
182      165.55     185.308
183      165.55     184.499
184      165.55     183.572
185     158.615      182.74
186     158.615     181.854
187     158.615      181.15
188     158.615     180.666
189     158.615      179.78
190     158.615     179.099
191     160.543     178.165
192     160.543     177.193
193     160.543      176.55
194     160.543     175.941
195     157.583     175.091
196     157.583     174.265
197     156.117     173.768
198     156.117     172.941
199     156.117     172.369
200     156.117     171.805
201     154.705       171.4
202     154.705     171.038
203     154.705     170.492
204     153.512     169.818
205     148.242     169.208
206     151.436     168.613
207     151.436     168.064
208     151.436     167.668
209     151.436     167.452
210     151.436     167.021
211     151.436     166.476
212     151.436     166.042
213     151.198      165.91
214     151.198     165.452
215     151.189     164.902
216     145.568     164.289
217     145.568     163.786
218     145.568     163.274
219     145.568       162.9
220     145.568     162.384
221     145.568     161.861
222     145.568     161.399
223     145.568     160.932
224     145.568     160.563
225     145.568     160.232
226     145.568      159.83
227     145.568     159.377
228     145.148     158.848
229     144.473      158.23
230     144.473     157.729
231     143.503     156.927
232     140.675     156.263
233     140.675     155.739
234     140.675     155.031
235     140.675     154.415
236     140.675     153.829
237     140.675     153.244
238     140.675     152.626
239     140.675     152.143
240     140.675     151.648
241     136.676     150.984
242     136.676     150.797
243     136.676     150.268
244     136.676     149.968
245     136.676      149.52
246     136.676      149.12
247      135.33     148.587
248      135.33     148.412
249      135.33     148.128
250      135.33     147.788
251     134.235     147.368
252     134.235     147.056
253     134.235     146.724
254     134.235     146.403
255     134.235     146.229
256     132.965      145.87
257     132.965     145.434
258     132.965     144.987
259     132.965     144.499
260     132.965     144.123
261     132.965     143.847
262     132.924     143.484
263     132.624     143.125
264     132.624     142.966
265     132.624     142.459
266     129.501     142.188
267     129.501     141.792
268     129.501     141.574
269     129.501      141.28
270     129.501     140.944
271     129.501     140.607
272     128.132      140.22
273     128.132     139.699
274     128.132     139.391
275     128.132     139.075
276     128.132      138.87
277     128.132     138.569
278     128.132     138.259
279     126.678     137.766
280     126.678     137.471
281     125.569     136.982
282     125.462     136.576
283     125.462     136.195
284     125.462     135.916
285     125.288     135.691
286     122.667      135.11
287     122.667     134.726
288     121.042     134.147
289     121.042     133.706
290     121.042     133.316
291     121.042     132.912
292     121.042     132.648
293     121.042     132.252
294     121.042     131.783
295     121.042     131.391
296     121.042     130.894
297     121.042     130.561
298     121.042     130.131
299     121.042     129.794
300     120.635     129.507
301     120.635     129.272
302     120.635     128.948
303     120.635     128.626
304     120.635     128.283
305     120.635     128.125
306     120.635     127.836
307     120.635     127.682
308     120.635     127.448
309     120.635     127.169
310      119.77     126.952
311      117.73     126.516
312      117.73     126.337
313      117.73     126.237
314      117.73     125.965
315      117.73     125.776
316     118.018      125.51
317     118.018     125.302
318     118.018     125.164
319     118.018     124.916
320     118.018      124.82
321     118.018     124.567
322     118.018     124.223
323     118.018     123.946
324     118.018     123.648
325     117.313     123.329
326     116.486     123.147
327     116.486      122.92
328     116.486     122.574
329     115.019     122.396
330     115.019     122.303
331     113.826     122.054
332     113.826     121.903
333     113.826     121.784
334     113.826     121.648
335     113.826     121.578
336     113.295     121.453
337     113.295     121.193
338     113.295     121.112
339     113.295     120.924
340     113.295     120.604
341     112.409     120.289
342     112.409      120.08
343     112.409      119.82
344     112.409      119.65
345     112.409     119.376
346     112.399     119.197
347     111.929     118.969
348     111.929     118.709
349     111.457     118.416
350     111.457     118.246
351     110.925     118.078
352     110.212     117.767
353     110.212     117.574
354     110.212     117.424
355     110.212     117.274
356     110.212     116.977
357     110.212      116.83
358     110.212     116.673
359     110.212     116.527
360     109.453     116.325
361     109.453     116.276
362     109.453     116.144
363     109.453     115.968
364     109.453       115.8
365     109.453     115.666
366     109.453     115.492
367     109.453     115.234
368     109.453     115.139
369     109.453     115.045
370     109.453     114.842
371     107.957     114.706
372     107.957      114.56
373     107.957     114.488
374     107.957      114.34
375     107.957     114.269
376     107.957     114.129
377     107.957      113.88
378     107.957     113.729
379     107.957     113.553
380     107.957     113.325
381     108.073     113.226
382     108.073     113.135
383     107.944     112.917
384     107.944     112.841
385     107.944     112.643
386     107.944     112.468
387     107.944     112.334
388     107.944     112.141
389     107.306     112.058
390     107.306     111.942
391     106.693     111.759
392     106.693      111.62
393     106.693     111.527
394     106.693     111.361
395     106.486     111.261
396     104.902     111.172
397     102.745     111.044
398     102.745     110.938
399     102.745     110.843
400     102.745     110.703
401     102.745     110.574
402     102.745     110.439
403     102.745     110.249
404     102.745     110.137
405     102.745     109.901
406     103.653     109.859
407     103.653     109.673
408     103.653      109.42
409      102.78     109.261
410      102.78     109.252
411     102.029     109.066
412      100.53     108.971
413      100.53      108.83
414      100.53     108.783
415      100.53     108.766
416      100.53     108.568
417      100.53     108.446
418      100.53     108.267
419      100.53      108.18
420      100.53     107.939
421     101.297     107.801
422     101.297     107.658
423     101.297     107.504
424     101.297      107.31
425     101.297     107.215
426      101.31      106.98
427      101.31     106.763
428      101.31     106.557
429     99.5365     106.391
430     99.5365      106.16
431     99.5066     105.996
432     99.3253     105.881
433     99.3253     105.682
434     99.3253     105.536
435     99.3253      105.35
436     99.5066     105.301
437     99.5066     105.083
438     99.4465      104.99
439     99.4465     104.886
440     99.4465     104.648
441     99.2454     104.547
442     99.2454     104.326
443     98.8686     104.128
444     97.9711     103.994
445     97.9711     103.799
446     97.9711     103.691
447     97.9711     103.467
448     97.9711     103.368
449     97.9711     103.222
450     97.9711     103.101
451     98.1386     103.139
452     98.1386     102.993
453     97.5569      102.85
454     97.4807     102.634
455     97.4807     102.446
456     97.4807      102.31
457     97.4807     102.085
458     96.8213     101.907
459     96.8213     101.834
460     96.8213     101.676
461     97.3708      101.66
462     97.3708     101.558
463     97.3708     101.399
464     96.9788     101.225
465     96.9788     101.081
466     96.8213     100.998
467     96.5982     100.837
468     96.2534     100.705
469     96.0935     100.609
470     96.0222     100.423
471     95.1401     100.307
472     95.1401     100.158
473     95.1401     99.9887
474     95.1401     99.8943
475     95.1401     99.7046
476     94.0381     99.5866
477     94.0381     99.4998
478     94.0381     99.3632
479     94.0381     99.3119
480     94.0381     99.2082
481     94.1492     99.0988
482     94.1492     98.9512
483     94.1492     98.9259
484     94.1492     98.7838
485     94.1492     98.6604
486     94.0381     98.4754
487     93.9423     98.3491
488     93.9423     98.2655
489     93.9423     98.1837
490     93.9423       98.06
491     93.5831     97.9238
492     93.1226     97.7802
493     93.1226     97.7081
494     93.1226     97.7294
495     93.0385     97.5871
496     92.5981     97.4281
497     92.5981     97.2886
498     92.5981     97.1517
499     92.5981     97.0543
500     92.5981     96.9853
501     92.5981     96.9173
502     92.5981     96.8983
503     92.5981     96.7943
504     92.5981     96.7335
505     92.0953     96.5323
506      92.427     96.4058
507      92.427     96.3526
508      92.427     96.2606
509      91.519     96.0501
510      91.519     95.9625
511      91.519     95.7859
512      91.519     95.6303
513      91.519     95.4625
514      91.519     95.3207
515      91.519     95.2272
516     91.3272     95.1126
517     91.3272     94.9345
518     91.3272     94.7389
519     91.3272     94.6153
520     91.3272      94.434
521     90.9751     94.3198
522     90.3262     94.1504
523     90.3262     93.9968
524     90.3262     93.8909
525     90.3262     93.8381
526     90.3262     93.8127
527     90.3262     93.7268
528     90.3262      93.606
529     90.3262     93.5147
530     90.3262      93.351
531     90.7575     93.2835
532     90.1932     93.2158
533     90.0058     93.1905
534     89.8403     93.1414
535     89.8403     93.0769
536     89.8403     93.0293
537     89.8403      92.998
538     89.8403     92.9235
539     89.8403     92.8546
540     89.8403     92.7687
541     89.8403     92.7467
542     89.8403       92.68
543     89.7922     92.6401
544     89.7922     92.5709
545     89.7922     92.5347
546     89.7119     92.5236
547     89.7119     92.4756
548     89.7119     92.4542
549     89.7119     92.3499
550     89.7119     92.2895
551     89.7119      92.273
552     89.7119     92.2846
553     89.7119     92.2177
554     89.7119     92.1742
555     89.7119     92.0756
556     89.7119     91.9949
557     89.7119     91.8941
558     89.3888     91.8319
559     89.3888     91.7933
560     89.3888     91.7056
561     89.2963     91.6364
562     89.2963     91.5736
563     89.2963     91.5205
564     89.2963     91.5169
565     89.2963     91.4242
566     89.2963     91.3378
567     88.3204     91.2949
568     88.3204     91.2134
569     88.3204     91.1804
570     88.3204     91.1474
571     88.8131     91.0923
572     88.8131     91.0353
573     88.8131     90.9514
574     88.7859       90.88
575     88.7859     90.7876
576     88.2763     90.7569
577     88.2763     90.7425
578     88.2763     90.6796
579     88.2763     90.6565
580     88.2763     90.5751
581     88.5395     90.5111
582     88.5395     90.4244
583     88.5395     90.3832
584     88.5395      90.342
585     88.5325     90.2982
586     88.1256     90.2534
587     88.1256     90.2024
588     88.1256      90.192
589     88.1256     90.1594
590     87.9704     90.1321
591     87.9704     90.0824
592     87.9704      89.977
593     87.9704     89.9171
594     87.9704     89.8604
595     87.9704     89.8253
596     85.9423     89.7912
597     85.9423     89.7191
598     85.9423     89.6728
599     85.9423      89.632
600     85.9423     89.5999
601     85.9423     89.5383
602     85.9423     89.4817
603     85.9423     89.4275
604     85.9423     89.3841
605     85.9423     89.3399
606     85.9423     89.3015
607     85.9423     89.2382
608     85.9423     89.2126
609     85.9423     89.1689
610     85.9423     89.1414
611     85.9423     89.0931
612     85.9423     89.0247
613     85.9423     89.0131
614     85.9423     88.9844
615     85.9423     88.9418
616     87.2868      88.883
617     87.2868     88.8598
618     87.2868     88.8191
619     87.2868     88.7913
620     87.2868      88.766
621     87.2868      88.714
622     87.2868     88.6889
623     87.2868      88.648
624     87.2868       88.61
625     87.2868     88.5738
626     86.8981     88.5697
627     86.8981     88.5552
628     86.8981     88.5412
629     86.8981     88.5385
630     86.8981     88.5352
631     86.8981      88.532
632     86.8981     88.5277
633     86.8981     88.5201
634     86.8981     88.5132
635     86.8981     88.5131
636     83.7476     88.4883
637     83.7476     88.4589
638     83.7476     88.4657
639     83.7476     88.5342
640     83.7476     88.4904
641     83.7476     88.5194
642     83.7476     88.4768
643     83.7476     88.4545
644     83.7476     88.4651
645     83.7476     88.4173
646     83.7476     88.4186
647     83.7476     88.3868
648     83.7476     88.3672
649     83.7476     88.3693
650     83.7476      88.356
651     83.7476     88.3351
652     83.7476     88.3119
653     83.7476     88.2861
654     83.7476     88.2786
655     83.7476     88.3042
656     83.7476      88.317
657     83.7476     88.3594
658     83.7476     88.3692
659     83.7476     88.3508
660     83.7476     88.3347
661     83.7476      88.312
662     83.7476     88.3045
663     83.7476     88.2901
664     83.7476     88.3208
665     83.7476     88.2807
666     83.7476     88.2571
667     83.7476     88.2768
668     83.7476      88.282
669     83.7476     88.3025
670     83.7476     88.2599
671     83.7476     88.2556
672     83.7476     88.2347
673     83.7476     88.2186
674     83.7476     88.1836
675     83.7476     88.1722
676     83.7476     88.1607
677     83.7476     88.1726
678     83.7476     88.1754
679     83.7476     88.1515
680     83.7476     88.1171
681     83.7476     88.1203
682     83.1268     88.1177
683     83.1268     88.0897
684     83.1268     88.0644
685     83.1268      88.097
686     84.3311     88.1593
687     84.3311       88.13
688     84.3311     88.1596
689     84.3311     88.1027
690     84.3311     88.1153
691     84.3311      88.032
692     84.3311     88.0133
693     84.3311     88.0293
694     84.3311     88.0582
695     84.3311     88.0529
696     84.3311     88.0899
697     84.3311     88.0464
698     84.3311     88.0094
699     84.2778     87.9994
700     84.2778     88.0139
701     84.2778     88.0251
702     84.2778     88.0119
703     84.2778     88.0214
704     84.2778     87.9661
705     84.2778     87.9349
706     84.2778     87.9281
707     84.2778     87.9075
708     84.2778     87.9346
709     84.2778     87.9115
710     84.2778     87.8575
711     84.2778      87.835
712     84.2778     87.8287
713     84.2778     87.8098
714     84.2778     87.7856
715     84.2778      87.837
716     84.2778     87.8657
717     84.2778     87.8589
718     84.2778     87.8038
719     84.2778     87.7627
720     83.9181     87.7151
721     83.5992     87.7087
722     83.5992     87.7126
723     83.5992     87.7049
724     83.5992     87.7052
725     83.5992     87.6864
726     83.6565     87.6489
727     83.6565     87.6495
728     83.6565     87.5445
729     83.6565     87.4731
730     83.6565     87.4189
731     82.2392     87.3864
732     82.2392     87.4038
733     82.2392     87.3939
734     82.2392     87.4329
735     82.2392     87.3614
736     82.2091     87.2784
737     82.2091     87.2263
738     82.2091     87.2058
739     82.2091     87.1691
740     82.2091     87.0789
741     82.2091     87.0403
742     82.2091     86.9399
743     82.2091     86.9154
744     82.2091     86.9377
745     82.2091     86.9262
746     82.1668      86.918
747     82.1668     86.8727
748     82.1668     86.9214
749     82.1668     86.8296
750     82.1668     86.8421
751     82.1668     86.8046
752     82.1668     86.7934
753     82.1668     86.8369
754     82.1668     86.8291
755     82.1668      86.762
756     82.1668     86.8016
757     82.1668      86.799
758     82.1668     86.7658
759     82.1668     86.7303
760     82.1668     86.7285
761      81.532       86.75
762      81.532     86.6593
763      81.532     86.6032
764      81.532     86.6201
765      81.532     86.6074
766      81.532     86.5993
767      81.532     86.5578
768      81.532     86.5143
769      81.532     86.5784
770      81.532     86.4773
771      81.532     86.4377
772      81.532     86.3782
773      81.532     86.3424
774     81.2364     86.2822
775     81.2364     86.1667
776      80.879     86.1654
777      80.879     86.1337
778      80.879     86.1179
779      80.879     86.0039
780      80.879     86.0481
781     80.4969     85.9206
782     80.4969     85.9023
783     80.4969     85.8616
784     80.4969     85.7955
785     79.8917      85.695
786     79.7914     85.6648
787     79.7914     85.5877
788     79.7914     85.5121
789     79.7914     85.4242
790     79.7914     85.3473
791     79.2779     85.2406
792     79.2779     85.1744
793     79.2779     85.0807
794     79.2779     84.9784
795     79.2779     84.8054
796     79.0584     84.6355
797     79.0584     84.5599
798     79.0584     84.4036
799     79.0584     84.3734
800     79.0584     84.1914
801     79.0584      84.014
802     79.0584     83.8739
803     79.0584      83.736
804     78.1664     83.6588
805     77.8421     83.3719
806     76.8608     83.2448
807     76.3161     83.0642
808     76.1405     82.8207
809     75.4882     82.5526
810     75.4882     82.3355
811     75.9618      82.129
812     75.9618     81.9472
813     75.9618     81.7964
814     75.9618     81.5799
815     75.1553     81.4416
816     75.1553     81.2861
817     75.1553      80.969
818     75.1553     80.7577
819     75.1553     80.6222
820     75.1553     80.2808
821     75.1818     80.0445
822     75.1818     79.9013
823     75.1818     79.6145
824     75.1818     79.2183
825     75.1152     79.0161
826     75.1152     78.8375
827     75.1152     78.7106
828     75.1152     78.5461
829     75.1152     78.4403
830     75.1152     78.3236
831     75.0576      78.141
832     75.0576     78.0069
833     74.8886     77.9527
834     74.8886     77.8152
835     74.8596     77.6429
836     74.0697     77.4532
837     74.0697     77.3778
838     74.0697     77.2851
839     74.0697     77.1278
840     74.0697     77.0112
841     74.0697     76.9341
842     74.0697     76.8059
843     74.0697     76.7321
844     74.0697     76.5575
845     74.0697      76.463
846     74.0697      76.265
847     74.0697     76.1614
848     74.0697      76.013
849     74.0697     75.9351
850     74.0697     75.8434
851     73.9768     75.7474
852     73.9768     75.6593
853     73.9427     75.5927
854     73.9427     75.5257
855     73.9427     75.4784
856     73.9427     75.3654
857     73.9246     75.2952
858     73.9246     75.2268
859     73.9246     75.2041
860     73.9246     75.1222
861     73.9246      75.055
862     73.9246     74.9514
863     73.9246     74.8887
864     73.0334     74.8499
865     73.0334     74.7636
866     73.0334     74.6751
867     73.0334      74.641
868     72.6585     74.6219
869     72.6585     74.5577
870     72.6585     74.5058
871     72.6585     74.4698
872     72.6585      74.423
873     72.6585      74.377
874     72.6585     74.3311
875     72.6585     74.2961
876     72.6585     74.2674
877     72.6585      74.249
878     72.6585     74.2412
879     72.6585     74.2236
880     72.6585     74.1832
881     72.6585     74.1473
882     72.6585      74.128
883     72.6585     74.1137
884     72.6585     74.1067
885     72.5798     74.0803
886     72.5798     74.0621
887     72.5798     74.0438
888     72.5798     74.0555
889     72.5798     74.0425
890     72.5798     74.0271
891     72.3147     74.0155
892     72.3147     74.0117
893     72.3147     73.9963
894     72.3147     73.9754
895     72.3147     73.9566
896     72.3147     73.9421
897     72.3147     73.9235
898     72.3147     73.9101
899     72.3147     73.8858
900     72.3147     73.8775
901     72.3147     73.8716
902     72.2362     73.8498
903     72.2362      73.825
904     72.2362     73.8003
905     72.2362     73.7844
906     72.2362     73.7723
907     72.2362     73.7636
908     72.2362     73.7467
909     72.2146     73.7299
910     72.2146     73.7146
911      72.136      73.696
912      72.136     73.6816
913      72.136     73.6632
914     72.1179     73.6493
915     72.1179     73.6279
916     72.1179     73.6128
917     72.1179     73.5948
918     72.1179     73.5914
919     72.1179     73.5838
920     72.1179     73.5784
921      71.342     73.5696
922      71.342     73.5615
923      71.342     73.5536
924      71.342     73.5481
925      71.342      73.535
926     71.1742     73.5165
927     71.1742     73.5108
928     71.1742     73.4964
929     71.1742      73.474
930     71.1742     73.4532
931     71.1561     73.4482
932     71.1561     73.4457
933     71.1561     73.4342
934     71.1561     73.4229
935     71.1561     73.4079
936     71.1561     73.4023
937     71.1561     73.3958
938     71.1561     73.3917
939     71.1561     73.3809
940     71.1561     73.3762
941     71.1561     73.3744
942     71.1561     73.3658
943     71.1561     73.3499
944     71.1561     73.3432
945     71.1561      73.332
946     71.1561     73.3299
947     71.1561     73.3133
948     71.1561     73.3078
949     71.1561     73.2964
950     71.1561     73.2743
951     71.1561     73.2724
952     71.1561     73.2566
953     71.1561     73.2504
954     71.1561     73.2627
955     71.1561     73.2831
956     71.1561     73.2693
957     71.1561     73.2529
958     71.1561      73.252
959     71.1561     73.2435
960     71.1561     73.2403
961      71.107     73.2325
962      71.107     73.2198
963      71.107     73.2302
964      71.107     73.2141
965      71.107     73.2019
966      71.107     73.1943
967      71.107     73.1808
968      71.107     73.1749
969      71.107     73.1858
970      71.107     73.1622
971      71.107     73.1446
972      71.107     73.1346
973      71.107     73.1165
974      71.107     73.1048
975      71.107      73.089
976     70.8695     73.0632
977     70.8695     73.0413
978     70.8695     73.0327
979     70.8695      73.013
980     70.8695     72.9861
981     70.8695     72.9809
982     70.8695     72.9468
983     70.8695     72.9373
984     70.8695      72.918
985     70.8695     72.9024
986     70.8695     72.8771
987     70.8695     72.8288
988     70.8695     72.8173
989     70.8695     72.7983
990     70.8695     72.7853
991     71.0388     72.7714
992     71.0388     72.7468
993     71.0388     72.7378
994     71.0344     72.7619
995     71.0344     72.7282
996     70.8695      72.714
997     70.8695     72.6953
998     70.8695     72.6784
999     70.8695     72.6691
1000     70.8695     72.6538
1001     70.8695     72.6471
1002     70.8695     72.6504
1003     70.8695     72.6223
1004     70.8695     72.6149
1005     70.8695     72.6129
1006     70.5564     72.6255
1007     70.5564     72.6415
1008     70.5564     72.6458
1009     70.5564     72.6307
1010     70.5564     72.5943
1011     70.5564     72.5747
1012     70.5564       72.56
1013     70.5564     72.5414
1014     70.5564     72.5444
1015     70.5564     72.5265
1016     70.1483     72.5059
1017     70.1483     72.5011
1018     70.1483     72.4979
1019     70.1483     72.4824
1020     70.1483     72.4917
1021     70.1483     72.4599
1022     70.1483     72.4533
1023     70.1483      72.437
1024     70.1483     72.3935
1025     70.1483     72.3727
1026     70.1483     72.3451
1027     70.1483     72.3161
1028     70.1483     72.2898
1029     70.1483     72.2756
1030     70.1483     72.2384
1031      70.091     72.2147
1032      70.091     72.1646
1033      70.091     72.1476
1034      70.091     72.1242
1035      70.091     72.1049
1036      70.091     72.0714
1037      70.091     72.0466
1038      70.091     72.0282
1039      70.091     71.9918
1040     70.0908      71.955
1041      70.091     71.9395
1042      70.091     71.9306
1043      70.091      71.898
1044     70.0908     71.8924
1045     70.0908     71.8797
1046     70.0908     71.8434
1047     70.0908     71.8407
1048     70.0908     71.8058
1049     70.0908     71.8042
1050     70.0122     71.7484
1051     69.0091     71.7185
1052     69.0091     71.6932
1053     69.0091     71.6665
1054     69.0091     71.7181
1055     69.0091     71.6542
1056     69.0091     71.6167
1057     69.0091     71.6085
1058     69.0091     71.5822
1059     69.0091     71.5723
1060     69.0091     71.5436
1061     69.0091     71.5306
1062     69.0091     71.5161
1063     69.0091     71.5067
1064     69.0091     71.4929
1065     69.0091     71.4736
1066     69.0091     71.4701
1067     69.0091      71.465
1068     69.0091     71.4285
1069     69.0091     71.4088
1070     69.0091     71.3848
1071     69.0091     71.3826
1072     69.0091     71.3931
1073     69.0091     71.3909
1074     69.0091     71.3647
1075     69.0091     71.3427
1076      69.701     71.3295
1077      69.701     71.3037
1078     69.5944     71.3002
1079     69.5944     71.2784
1080     69.5944      71.268
1081     69.1328     71.2651
1082     69.1328      71.265
1083     69.1328     71.2339
1084     69.1328     71.2016
1085     69.1328     71.1975
1086     69.1328     71.1831
1087     69.1328     71.1758
1088     69.1328     71.1817
1089     69.1328     71.1742
1090     69.1328     71.1606
1091     69.5944     71.1629
1092     69.5944      71.209
1093     69.5944     71.1558
1094     69.5944     71.1543
1095     69.5944     71.1597
1096     69.5944     71.1466
1097     69.5944     71.1401
1098     69.5944     71.1385
1099     69.5944      71.133
1100     69.5944     71.1311
1101     69.5944     71.1385
1102     69.5944       71.13
1103     69.5944     71.1268
1104     69.5944     71.1699
1105     69.5944     71.1225
1106     69.6288     71.1365
1107     69.6288     71.1332
1108     69.6288     71.1316
1109     69.6288     71.1285
1110     69.6288      71.124
1111     69.6288     71.1185
1112     69.6288     71.1174
1113     69.6288     71.1689
1114     69.6288     71.1172
1115     69.6288     71.1172
1116     69.5944     71.1215
1117     69.5944      71.122
1118     69.5944     71.1307
1119     69.5944     71.1189
1120     69.5944     71.1167
1121     69.5944     71.1184
1122     69.5944     71.1172
1123     69.5944     71.1159
1124     69.5944      71.114
1125     69.5944     71.1079
1126     69.5944     71.1055
1127     69.5944     71.1003
1128     69.5944     71.0936
1129     69.5944     71.0858
1130     69.5944     71.0812
1131     69.5944     71.0812
1132     69.5944     71.0759
1133     69.5944     71.0747
1134     69.5944       71.08
1135     69.5944     71.0919
1136       68.99     71.0808
1137       68.99     71.0802
1138       68.99     71.0789
1139       68.99     71.0714
1140       68.99     71.0708
1141       68.99     71.0675
1142       68.99     71.0918
1143       68.99     71.0633
1144       68.99     71.0795
1145       68.99     71.0587
1146       68.99     71.0488
1147       68.99     71.0459
1148       68.99     71.1187
1149       68.99     71.1282
1150       68.99     71.2179
1151       68.99     71.1454
1152       68.99     71.1288
1153       68.99     71.1167
1154       68.99     71.0823
1155       68.99     71.0939
1156       68.99     71.1324
1157       68.99     71.0714
1158       68.99     71.0521
1159       68.99     71.0598
1160       68.99     71.0419
1161       68.99     71.0661
1162       68.99     71.1044
1163       68.99     71.1131
1164       68.99     71.0916
1165       68.99     71.1652
1166       68.99     71.1625
1167       68.99     71.1979
1168       68.99     71.1844
1169       68.99     71.1585
1170       68.99     71.2385
1171       68.99     71.2723
1172       68.99     71.2182
1173       68.99     71.2768
1174       68.99     71.2255
1175       68.99     71.3238
1176      68.927     71.3816
1177      68.927     71.4147
1178      68.927     71.3271
1179      68.927     71.3579
1180      68.927     71.3237
1181      68.927     71.3527
1182      68.927     71.4845
1183      68.927     71.6827
1184      68.927     71.5739
1185      68.927     71.4734
1186     68.9462     71.5148
1187     68.9462     71.5404
1188     68.9462     71.5817
1189     68.9462     71.6005
1190     68.9462     71.6378
1191     68.9462     71.6649
1192     68.9462     71.6606
1193     68.9462     71.6639
1194     68.9462     71.6891
1195     68.9462     71.6121
1196     68.9462     71.6353
1197     68.9462     71.6021
1198     68.9462     71.6613
1199     68.7374     71.6725
