GEN:      BEST_LOSS:      AVERAGE_LOSS: 
0     416.928     498.505
1     416.928     490.732
2      413.96      482.84
3      413.96     476.487
4     405.514     468.995
5     405.514     463.131
6     405.514     458.204
7     405.514     453.108
8     401.423      448.72
9     377.154     443.702
10     377.154     439.694
11     377.154     435.376
12     366.727     431.067
13     366.727      427.21
14     366.727     423.412
15     366.727     420.664
16     366.727     417.664
17     366.727     415.631
18     366.727     413.341
19     366.727     410.665
20     366.727      408.45
21     366.727     406.417
22      363.53     404.065
23     355.002     401.738
24     351.581     399.353
25     346.913      397.05
26     346.913     394.715
27     346.913     392.725
28     346.913     390.948
29     346.913      389.48
30     346.913     387.368
31     339.893     385.507
32     339.893     383.503
33     339.893     381.148
34     339.893     379.465
35     339.893     377.757
36     339.893     375.975
37     335.638     374.412
38     335.638     372.321
39     320.076     370.489
40     320.076     369.029
41     320.076     367.624
42     315.472     366.163
43     315.472     364.435
44     315.472     363.004
45     315.472     361.216
46     310.606     359.675
47     310.606     358.321
48     310.606     357.164
49     310.606     355.564
50     310.606     353.794
51     310.606     352.371
52     310.606     350.736
53     308.986     349.091
54     308.986     347.643
55     308.986     346.028
56     294.494     344.551
57     294.494     342.843
58     294.494      341.22
59     294.494     339.514
60     294.494      338.13
61     294.494     336.189
62     294.494     334.851
63     294.494     333.255
64     294.494     331.383
65     293.758     329.804
66     293.758     327.556
67     293.758     325.362
68     293.758     323.856
69     293.758     322.105
70     284.729     320.489
71     273.525     318.451
72     273.525     316.518
73     273.525      314.65
74     273.525     313.203
75     273.525     311.534
76     264.804     309.632
77     264.804     308.157
78     264.804     306.374
79     264.804     304.836
80     254.478     302.963
81     254.478     301.042
82     254.478     298.846
83     254.478     296.417
84     254.478     294.454
85     254.478     292.308
86     250.506      289.92
87     250.506      288.26
88     250.506     286.746
89     250.506     284.853
90     250.506     283.087
91     250.506     281.979
92     250.506     280.563
93     247.165     278.967
94     247.165     277.203
95     247.165     276.166
96     247.165     275.147
97     247.165     274.258
98     247.165     273.061
99     243.716     271.761
100     243.716     271.004
101     243.716     270.221
102     243.716     269.207
103     241.235     267.976
104     238.583     267.098
105     238.583     265.592
106     238.583     264.205
107      237.79     262.977
108     237.038     261.805
109     235.183     260.524
110     235.183      259.72
111      234.68     258.476
112     233.441     257.416
113     233.441     256.447
114     233.441     255.448
115     233.441     254.694
116     231.481     254.073
117     229.586     252.937
118     229.586     252.012
119     229.586     250.993
120     229.586     250.408
121      214.46     249.292
122      214.46      248.41
123      214.46     247.673
124      214.46     247.117
125      214.46     246.214
126      214.46     245.446
127      214.46     244.257
128      214.46     243.641
129      214.46     242.683
130      214.46     241.947
131      214.46     241.108
132      214.46     240.191
133      214.46     239.247
134      214.46     238.615
135      214.46     237.725
136      214.46     236.665
137     213.347     235.524
138     207.379     234.696
139       204.5     233.735
140       204.5     232.992
141     199.047     232.322
142     199.047     231.611
143     199.047     231.002
144     199.047     230.454
145     199.047     229.332
146      197.37     228.597
147      197.37     227.848
148      197.37     227.303
149      197.37     226.475
150      197.37     225.868
151      197.37     224.916
152      197.37     224.287
153      197.37     223.748
154      197.37     223.187
155      197.37     222.637
156      197.37     222.162
157      197.37     221.174
158      197.37     220.499
159      197.37     219.929
160      197.37     219.456
161      197.37     218.695
162      197.37     218.331
163      197.37     217.747
164      197.37      217.35
165      197.37     217.012
166     189.201     216.512
167     189.201     216.003
168     189.201     215.531
169     189.201     214.822
170     189.201     214.475
171     189.201     214.059
172     189.201     213.488
173     189.201     213.044
174     189.201     212.687
175     189.201      212.21
176     189.201      211.66
177     189.201      211.18
178     189.201     210.705
179     189.201     210.046
180     189.201     209.585
181     189.201     209.188
182     189.201     208.756
183     189.201      208.26
184     189.201      207.85
185     189.201     207.564
186     189.201     207.228
187     189.201     206.965
188     189.201      206.79
189     189.201     206.439
190     189.201     206.112
191     189.201     205.974
192     188.039     205.396
193     188.039     205.152
194     188.039     204.866
195     188.039     204.526
196     182.293     204.296
197     182.293     203.886
198     182.293     203.532
199     182.293     202.889
200     182.293     202.667
201     179.238      202.12
202     179.238     201.635
203     179.238     201.154
204     179.238      200.85
205     179.238     200.506
206     177.387     199.674
207     177.387     199.258
208     177.387     198.597
209     177.387       197.9
210     177.387     197.394
211     177.387     196.927
212     177.387      196.47
213     177.387     195.875
214     177.387     195.316
215     177.387     195.057
216     176.854     194.605
217     176.854      193.95
218     176.854     193.342
219     176.854     193.058
220     169.731     192.281
221     169.731     191.437
222     169.731     190.912
223     169.731     190.556
224     169.731     190.006
225     169.731     189.536
226     169.731     188.821
227     169.731     188.272
228     169.731     187.527
229     169.731     187.026
230     167.384     186.679
231     166.741     186.373
232     166.741     185.919
233     166.741     185.452
234     166.741     185.037
235     166.741     184.532
236     166.741     183.898
237     166.741     183.561
238     166.585     182.976
239     166.585      182.65
240     159.052     182.178
241     159.052     181.816
242     159.052     181.286
243     159.052     180.755
244     159.052     180.496
245     159.052     180.126
246     159.535     179.363
247     159.535     178.864
248     159.535      178.49
249     159.535     177.841
250     159.224     177.424
251     159.224     177.035
252     159.224     176.529
253     159.224     176.124
254     159.224     175.543
255     159.224     174.862
256     155.029     174.331
257     155.029      173.77
258     155.029     173.186
259     155.029     172.478
260     155.029     171.919
261     155.029     171.345
262     151.063     170.526
263     151.063     169.992
264     151.063     169.599
265     151.063     168.936
266     150.752     168.372
267     146.172     167.916
268     146.172      167.33
269     146.172     166.718
270     142.475      165.87
271     142.475     165.193
272     142.475     164.428
273     142.475     163.883
274     142.475     163.329
275     142.475     162.853
276     141.683     162.164
277     141.683     161.606
278     141.683     161.024
279     141.683     160.298
280     141.683     159.814
281     141.683     159.329
282     141.683     159.109
283     141.683     158.446
284     141.683     157.967
285     137.728     157.342
286     137.728     156.878
287     137.728     156.482
288     137.728     156.229
289     137.728     155.618
290     137.728     155.186
291     137.728     154.712
292     137.728     154.381
293     137.728     153.736
294     134.328     153.118
295     134.328     152.598
296     134.766     152.197
297     134.766     151.634
298     134.766     150.942
299     132.687     150.271
300     132.687     149.919
301     132.687      149.43
302     132.687     148.828
303     132.687     148.074
304     132.687     147.489
305     131.864     147.026
306     130.432     146.497
307     130.432     145.904
308     130.432     145.448
309     130.432     144.911
310     130.432     144.414
311     130.432     143.915
312     130.432     143.487
313     130.432      143.03
314     130.432     142.624
315     130.432      142.28
316     130.432     141.794
317     130.432     141.368
318     130.432     141.097
319     129.496     140.509
320     129.496      140.28
321     129.496     139.855
322     129.496     139.615
323     129.496     139.112
324     129.496     138.865
325     129.496     138.603
326      130.08     138.446
327      130.08     138.174
328      130.08     137.931
329     128.997     137.694
330     128.997      137.47
331     128.997     137.216
332     128.997     137.062
333     128.997     136.919
334     128.997     136.682
335     128.997     136.367
336     126.227     136.098
337     126.227     135.818
338     126.227     135.623
339     126.227     135.486
340     126.227     135.352
341     126.227     135.195
342     126.227     134.965
343     126.227     134.797
344     126.227     134.504
345     126.227     134.267
346     126.227     134.003
347     125.798     133.804
348     125.798     133.545
349     125.466     133.373
350     125.466      133.19
351     125.466     133.034
352     125.466     132.859
353     124.366     132.678
354     124.366     132.422
355     124.366      132.17
356     124.366     131.896
357     123.696     131.611
358     123.696     131.269
359     123.696     130.962
360     123.696     130.664
361     123.696     130.366
362     123.696     130.375
363     123.696     130.133
364     123.696     129.866
365     123.696     129.723
366     123.696     129.443
367     123.696     129.307
368     123.696      129.19
369     123.696     129.129
370     122.679      128.98
371     122.679      128.84
372     122.679     128.578
373     122.679     128.481
374     122.679     128.455
375     122.679     128.411
376      121.01     128.249
377     120.889     128.128
378     120.889      128.02
379     120.889     127.834
380     120.889     127.692
381     117.554     127.434
382     117.554     127.216
383     117.554     127.133
384     117.554     126.957
385     117.554     126.729
386     117.554     126.554
387     117.554     126.408
388     117.554      126.34
389     117.554     126.075
390     117.554     125.884
391     117.554     125.764
392     117.554     125.687
393     117.554     125.474
394     117.554     125.359
395     117.554     125.211
396     117.554      125.03
397     116.707     124.901
398     116.707     124.797
399     116.707      124.63
400     116.707      124.41
401     116.707     124.168
402     116.466     124.047
403     116.466     123.843
404     116.466     123.604
405     116.466     123.534
406     115.982     123.286
407     114.683      123.03
408     114.683     122.842
409     114.683     122.651
410     114.683     122.522
411     114.683      122.36
412     114.683     122.133
413     114.683     121.988
414     114.683     121.934
415     114.683     121.717
416     114.396     121.571
417     114.396     121.478
418     114.396     121.342
419     114.396     121.239
420     114.396     121.102
421     114.396     120.955
422     114.396     120.836
423     114.396     120.638
424     114.396     120.561
425     114.231     120.432
426     114.231      120.34
427     113.709     120.237
428     113.709     120.063
429     113.709     119.914
430     113.709     119.833
431     111.244     119.651
432     111.244      119.57
433     110.422     119.437
434     110.422     119.342
435     110.422     119.253
436     107.009      119.06
437     107.009      118.98
438     107.009     118.868
439     107.009     118.767
440     107.009     118.628
441     107.009     118.462
442     107.009     118.246
443     107.009     118.154
444     107.009     117.991
445     107.009     117.777
446     105.409      117.33
447     105.409     117.072
448     105.409     116.812
449     105.409     116.597
450     105.409     116.212
451     105.409     116.004
452     105.409     115.739
453     105.409     115.511
454     105.409     115.228
455     105.409     114.981
456     105.409     114.696
457     105.409     114.565
458     105.409      114.26
459     105.409     114.043
460     105.409      113.65
461     105.409     113.232
462     105.409     112.973
463     105.409     112.881
464     105.409     112.581
465     105.409      112.36
466     105.409     112.122
467     105.409     111.802
468     105.409     111.648
469     105.409     111.333
470     104.258      111.13
471     104.258     110.941
472     104.258     110.752
473     104.258     110.567
474     104.258     110.358
475     104.258     110.275
476     104.258     110.056
477     102.605     109.781
478     102.605      109.55
479     102.605     109.393
480     102.605     109.247
481     102.605      109.22
482     102.605     109.064
483     102.605     108.931
484     102.605     108.808
485     102.605     108.644
486     102.605     108.492
487     102.605     108.327
488     101.292      108.14
489     101.292     108.012
490     101.292     107.849
491     101.292     107.761
492     101.292     107.604
493     101.292     107.516
494     101.292     107.443
495     101.292     107.297
496     101.292     107.199
497     101.292      107.06
498     101.292     106.993
499     101.292     106.901
500     101.292     106.835
501     101.292     106.685
502     101.292     106.627
503     101.292     106.548
504     101.292     106.439
505     101.292     106.318
506     100.496     106.204
507     100.496     106.169
508     100.496     106.048
509     100.496     106.077
510     100.496     105.938
511     100.496     105.783
512     100.496     105.687
513     100.496     105.492
514     100.496     105.446
515     100.496     105.377
516     100.255     105.311
517     100.255     105.219
518     100.255     105.158
519     100.255     104.991
520     100.255     104.891
521     100.255     104.801
522     100.255     104.872
523     100.255     104.731
524     100.255     104.671
525     100.255     104.585
526     99.5534     104.456
527     99.5534     104.339
528     99.5534     104.253
529     99.5534     104.089
530     99.5534     103.968
531     99.0672     103.828
532     99.0672     103.735
533     99.0672     103.578
534     99.0672     103.433
535     99.0672     103.312
536     99.0672     103.188
537     99.0672     103.112
538     99.0672         103
539     99.0672      102.95
540     99.0672       102.9
541     99.0672     102.751
542     99.0672     102.702
543     99.0672     102.618
544     99.0672     102.599
545     99.0672     102.555
546     97.5447     102.526
547     97.5447     102.472
548     97.5447     102.456
549     97.5447      102.32
550     97.5447     102.246
551     97.5447      102.11
552     97.5447     102.096
553     97.5447     102.046
554     97.5447     101.951
555     97.5447     101.843
556     97.5447     101.765
557     97.5447     101.688
558     97.5447     101.567
559     97.5447     101.514
560     97.5447     101.375
561     96.2604     101.246
562     96.2604     101.197
563     96.2604     101.089
564     96.2604     100.987
565     96.2604     100.835
566     96.1163     100.787
567     96.1163     100.758
568     96.1163     100.693
569     96.1163     100.594
570     96.1163     100.482
571     96.1163     100.404
572     96.1163     100.287
573     96.1163     100.194
574     96.1163     100.148
575     96.1163     99.9872
576     96.1163     99.9772
577     96.1163     99.8972
578     96.1163     99.9003
579     96.1163      99.809
580     96.1163     99.7546
581     94.5528     99.6156
582     94.5528     99.5193
583     94.5528     99.5091
584     94.5528     99.4113
585     94.5528     99.3927
586     94.5528     99.2379
587     94.5528     99.0918
588     94.5528     99.0417
589     94.5528     99.0174
590     94.5528     98.9019
591     93.4614     98.8077
592     93.4614     98.6847
593     93.4614     98.6355
594     93.4614     98.4942
595     93.4614      98.474
596     93.4614     98.3259
597     93.4614      98.208
598     93.4614     98.1733
599     93.4614     98.0915
600     93.4614     98.0019
601     93.4614     97.9775
602     93.4614     97.8553
603     93.4614      97.794
604     93.4614     97.7068
605     93.4614     97.6131
606     92.3834     97.4537
607     92.3834     97.3538
608     92.3834     97.2664
609     92.3834     97.1883
610     92.3834     97.0394
611     92.3615     96.9679
612     92.3615     96.8586
613     92.3615     96.8089
614     92.3615     96.7801
615     92.3615      96.628
616     92.3615     96.5229
617     92.3615     96.4422
618     92.3615     96.3894
619     92.3615     96.2868
620     92.3615     96.1657
621     91.7211     96.0462
622     91.7211     95.9444
623     91.7211     95.8833
624     91.5255     95.8163
625     91.5255     95.7144
626     91.5255      95.583
627     91.5255     95.4603
628     91.5255     95.3031
629     91.5255     95.2369
630      91.352     95.1537
631      91.352     95.0439
632      91.352     94.9103
633      91.352     94.6943
634      91.352     94.5457
635      91.352      94.483
636     90.7604     94.3597
637     90.7604     94.2403
638     90.7604     94.1697
639     90.7604     94.1336
640     90.7604     94.0679
641     90.2687     94.0153
642     90.2687     93.8921
643     90.2687     93.7812
644     90.2687     93.7447
645     90.2687     93.6144
646     90.2687     93.4584
647     90.2687     93.4278
648     90.2687     93.2905
649     90.2687     93.1605
650     90.2687     93.0882
651     90.2687     92.9745
652     90.2687     92.8518
653     90.2687     92.7458
654     90.2687     92.6199
655     90.2687     92.5365
656     90.2687     92.5111
657     90.0659     92.4353
658     90.0659      92.407
659     90.0659     92.3354
660     90.0659      92.226
661     89.7391     92.1325
662     89.7391     92.1038
663     89.7391     92.0593
664     89.7391     91.9675
665     89.7391       91.87
666     89.7391     91.7715
667     89.7391     91.7239
668     89.7391     91.6493
669     89.7391      91.566
670     89.7391     91.4996
671     89.5308     91.4248
672     89.5308     91.3956
673     89.5308     91.3344
674     89.5308     91.3013
675     89.5308     91.2709
676     89.4141     91.2239
677     89.4141     91.2023
678     89.4141     91.1702
679     89.1612     91.1559
680     89.1612     91.1155
681     89.1612     91.0716
682     89.1612     91.0125
683     89.1612     90.9755
684     89.1612     90.9301
685     88.5193     90.8579
686     88.5193     90.8281
687     88.5193     90.7692
688     88.5193      90.737
689     88.5193     90.6846
690     88.5193     90.6424
691     88.5193      90.578
692     88.5193     90.5388
693     88.5193     90.4881
694     88.5193     90.4496
695     88.5193     90.4106
696     88.4084     90.3794
697     88.4084     90.3202
698     88.4084     90.2306
699     88.4084     90.1749
700     88.4084     90.1376
701     88.3612     90.1274
702     88.3612     90.1184
703     87.8604     90.0689
704     87.8604     90.0307
705     87.8604     90.0079
706     87.8604       89.95
707     87.8604     89.8986
708     87.7756     89.8144
709     87.7756     89.7617
710     87.7756     89.7138
711     87.7603     89.6925
712     87.7603     89.6512
713     87.7603     89.5977
714     87.0466     89.5237
715     87.0466     89.4627
716     87.0466     89.4087
717     87.0466     89.3907
718     87.0466      89.329
719     87.0466     89.3505
720     87.0466     89.2049
721     86.4366     89.1593
722     86.4366     89.1395
723     86.4366     89.0842
724     86.4366     89.0274
725     86.4366     88.9239
726     86.1357     88.8496
727     86.1357     88.8203
728     86.1357     88.7488
729     86.1357      88.715
730     86.1357     88.6675
731     86.1357     88.5713
732     86.1357     88.5312
733     86.1357     88.4921
734     86.1357     88.4361
735     85.5768     88.3759
736     85.5768       88.29
737     85.5768     88.2015
738     85.5768     88.1081
739     85.5768     88.0553
740     85.5768     88.0048
741     85.5768     87.9224
742     85.5768     87.8732
743     85.5768     87.8254
744     85.5768     87.7478
745     85.5768     87.7076
746     85.5258     87.6516
747     85.5258     87.5717
748     85.5258     87.5514
749     85.5258     87.4591
750     85.5258     87.4417
751     85.5258     87.3845
752     85.5258     87.3412
753     85.5258     87.3229
754     85.5258     87.2508
755     85.5258     87.2123
756     85.5258      87.124
757     85.5258     87.0982
758     85.5258     87.0806
759     85.1118     87.0509
760     85.1118     87.0365
761     85.1118     86.9619
762     85.1118     86.8878
763     85.1118       86.83
764     84.3364     86.7589
765     84.3364     86.6889
766     84.3364     86.6422
767     84.3364     86.5854
768     84.3364     86.4951
769     84.3364     86.4262
770     84.3364      86.331
771     84.3364     86.3024
772     84.3364     86.2531
773     84.3364     86.1921
774     84.3364     86.1649
775     84.3364      86.102
776     84.1978     86.0554
777     84.1978       86.03
778     84.1978     85.9889
779     84.1978     85.9525
780     84.1978     85.9284
781     84.1978     85.9031
782     84.1978      85.869
783     84.1978     85.8315
784     84.1978     85.7744
785     84.1978     85.7322
786     84.1978     85.6947
787     84.1978     85.6377
788     84.1978     85.6261
789     83.9644     85.5981
790     83.9644     85.5689
791     83.9644     85.5173
792     83.9644     85.5084
793     83.9644     85.4875
794     83.9644     85.4447
795     83.2114     85.3917
796     83.2114     85.3687
797     83.2114     85.3527
798     83.2114     85.3225
799     83.2114     85.2557
800     83.2114     85.2254
801     83.2114     85.1512
802     83.2114     85.1265
803     83.2114      85.088
804     83.2114     85.0387
805     83.2114      84.995
806     83.2114     84.9704
807     83.2114     84.9605
808     83.2114     84.9426
809     83.2114      84.907
810     83.2114     84.8921
811     83.2114     84.8627
812     83.2114     84.8341
813     83.2114     84.8268
814     83.2114     84.8105
815     83.2114     84.7975
816     83.0235      84.766
817     83.0235     84.7538
818     83.0235     84.7311
819     83.0235     84.7102
820     83.0235     84.6784
821     83.0235     84.6553
822     83.0235     84.6489
823     83.0235     84.6415
824     83.0235     84.6095
825     83.0235     84.5924
826     83.0235     84.5584
827     83.0235     84.5419
828     83.0235     84.5248
829     83.0235     84.5288
830     83.0235     84.4908
831     83.0235     84.4589
832     83.0235     84.4478
833     83.0235     84.4384
834     83.0235     84.4192
835     83.0235     84.3971
836     83.0235     84.3649
837     83.0235     84.3571
838     82.9649     84.3191
839     82.9649     84.2859
840     82.9649     84.2427
841     82.9649     84.2332
842     82.9649      84.216
843     82.9649     84.1855
844     82.9649      84.178
845     82.9649     84.1337
846     82.9649     84.0989
847     82.9649     84.0931
848     82.9649      84.062
849     82.8026     84.0694
850     82.8026     84.0294
851     82.8026     84.0048
852     82.2233     83.9805
853     82.2233     83.9526
854     82.2233     83.9051
855     82.2233     83.8718
856     82.2233     83.8594
857     82.2233     83.8308
858     82.2233     83.8153
859     82.2233     83.7929
860     82.2233     83.7291
861     82.2233     83.6893
862     82.2233     83.6647
863     82.2233     83.6328
864     82.2233     83.6115
865     82.2233     83.5586
866     82.2233     83.5209
867     82.2233     83.4722
868     82.2233     83.4218
869     82.2233     83.3664
870     82.2233     83.3464
871     82.2233     83.3031
872     82.2233     83.2791
873     82.2233     83.2484
874     82.2233     83.1934
875     82.2233      83.171
876     82.2233      83.148
877     82.2233     83.1243
878     82.2233     83.0917
879     82.2233     83.0462
880     82.2233     83.0413
881     82.2233     83.0081
882     82.2233     82.9868
883     82.2233     82.9475
884     81.5593     82.9265
885     81.5593     82.9167
886     81.5593     82.8695
887     81.5593     82.8316
888     81.5593     82.8072
889     81.5593     82.7877
890     81.5593     82.7533
891     81.5593     82.7183
892     81.5593      82.706
893     81.5593     82.6856
894     81.5593     82.6613
895     81.5593     82.6484
896     81.5593     82.6324
897     81.5593     82.6232
898     81.5593     82.6216
899     81.5593     82.6196
900     81.5593     82.6122
901     81.5593      82.607
902     81.5593     82.6006
903     81.5593     82.5925
904     81.5593     82.5845
905     81.5593     82.5815
906     81.5593     82.5736
907     81.5593     82.5662
908     81.5593     82.5622
909     81.3669     82.5507
910     81.3669     82.5376
911     81.3669      82.524
912     81.3669     82.5105
913     81.3669     82.4877
914     81.3669     82.4648
915     81.3669     82.4396
916     81.3669     82.4277
917     81.3669     82.4242
918     81.3669     82.4073
919     81.3669     82.3955
920     81.3669      82.386
921     81.3669     82.3781
922     81.3669     82.3715
923     81.3669     82.3648
924     81.3669     82.3574
925     81.3669     82.3513
926     81.3669     82.3431
927     81.3669     82.3334
928     81.3669     82.3318
929     81.3669     82.3272
930     81.0596      82.318
931      79.171     82.3015
932      79.171     82.2932
933      79.171     82.2845
934      79.171      82.283
935      79.171     82.2663
936      79.171     82.2582
937      79.171     82.2491
938      79.171     82.2359
939      79.171     82.2258
940      79.171     82.2235
941      79.171     82.2098
942      79.171     82.2002
943      79.171     82.1981
944      79.171      82.186
945      79.171     82.1704
946      79.171     82.1634
947      79.171     82.1708
948      79.171     82.1533
949      79.171     82.1483
950      79.171     82.1342
951      79.171     82.1181
952      79.171     82.1144
953      79.171     82.1012
954      79.171     82.0833
955      79.171     82.0585
956      79.171     82.0711
957      79.171     82.0167
958      79.171     82.0106
959      79.171      81.994
960      79.171     81.9868
961      79.171      81.979
962      79.171     81.9735
963      79.171     81.9693
964      79.171     81.9554
965      79.171     81.9525
966      79.171     81.9406
967      79.171     81.9416
968      79.171     81.9475
969      79.171     81.9302
970      79.171     81.9203
971      79.171     81.9244
972      79.171     81.9412
973      79.171      81.919
974      79.171     81.9097
975      79.171     81.8821
976      79.171     81.8716
977      79.171     81.8563
978      79.171     81.8535
979      79.171     81.8471
980      79.171     81.8302
981      79.171     81.8086
982      79.171     81.8015
983      79.171     81.7903
984      79.171     81.7814
985      79.171      81.774
986      79.171     81.7604
987      79.171     81.7519
988      79.171     81.7314
989      79.171      81.715
990      79.171     81.7228
991     77.5444     81.6852
992     77.5444      81.671
993     77.5444     81.6488
994     77.5444     81.6352
995     77.5444     81.6212
996     77.5444     81.6163
997     77.5444     81.6075
998     77.5444      81.597
999     77.5444     81.6258
1000     77.5444     81.6139
1001     77.9244     81.6348
1002     77.9244     81.6141
1003     77.9244     81.6105
1004     77.9244      81.605
1005     77.9244      81.582
1006     77.9244     81.5997
1007     77.9244     81.5969
1008     77.9244     81.5705
1009     77.9244     81.5874
1010     77.9244      81.595
1011     77.9244     81.6657
1012     77.9244     81.6239
1013     77.9244     81.6576
1014     77.9244      81.641
1015     77.9244      81.608
1016     77.9244     81.5902
1017     77.9244     81.5572
1018     77.9244     81.5557
1019     77.9244      81.552
1020     77.9244     81.5036
1021     77.9244      81.489
1022     77.9244     81.4491
1023     77.9244     81.4497
1024     77.9244     81.3821
1025     77.9244     81.3859
1026     77.9244     81.3511
1027     77.9244     81.3806
1028     77.9244      81.357
1029     77.9244     81.3371
1030     77.9244     81.2827
1031     77.9244     81.2518
1032     77.9244     81.1946
1033     77.9244     81.1727
1034     77.9244     81.1438
1035     77.9244     81.1029
1036     77.9244     81.0402
1037     77.9244     81.0358
1038     77.9244     81.0116
1039     77.9244     81.0052
1040     77.9244     80.9687
1041     77.9244     80.9303
1042     77.9244     80.9145
1043     77.9244      80.887
1044     77.9244     80.8197
1045     77.9244     80.8001
1046     77.9244     80.7459
1047     77.9244     80.6899
1048     77.9244       80.67
1049     77.9244     80.6527
1050     77.9244     80.6425
1051     77.9244     80.6029
1052     77.9244     80.5696
1053     77.9244      80.546
1054     77.9244     80.5144
1055     77.9244      80.481
1056     77.9244     80.4227
1057     77.9244     80.4394
1058     77.9244     80.4534
1059     77.9244     80.4457
1060     77.9244     80.4234
1061     77.9244     80.3826
1062     77.9244     80.3655
1063     77.9244     80.3456
1064     77.9244      80.337
1065     77.9244     80.3176
1066     77.9244     80.3109
1067     77.9244     80.3049
1068     77.9244     80.2718
1069     77.9244     80.2118
1070     77.9244     80.1853
1071     77.9244     80.1646
1072     77.9244     80.1203
1073     77.9244     80.0711
1074     77.9244     80.0413
1075     77.9244     80.0249
1076     77.9244     80.0815
1077     77.9244     80.0359
1078     77.9244     79.9829
1079     77.9244     79.9789
1080     77.9244     79.9917
1081     77.6108     79.9777
1082     77.6108     79.9642
1083     77.6108     79.9449
1084     77.6108     79.9038
1085     77.6108     79.8606
1086     77.6108     79.8276
1087     77.6108     79.8221
1088     77.6108     79.8055
1089     77.6108     79.7819
1090     77.6108     79.7554
1091     77.6108     79.7458
1092     77.6108     79.7702
1093      76.984     79.7141
1094      76.984     79.6735
1095      76.984     79.6214
1096      76.984     79.5818
1097      76.984     79.5377
1098      76.984     79.5248
1099      76.984      79.462
1100      76.984     79.4164
1101      76.984     79.3988
1102      76.984      79.361
1103      76.984     79.3394
1104      76.984     79.3046
1105      76.984     79.2316
1106      76.984     79.2272
1107      76.984     79.1927
1108      76.984     79.1322
1109     76.9749     79.0732
1110     76.9749     79.0339
1111     76.9749     78.9877
1112     76.9749     78.9607
1113     76.9749     78.9417
1114     76.9749     78.8845
1115      76.255     78.8736
1116      76.255     78.7836
1117      76.255     78.7614
1118      76.255     78.7319
1119      76.255     78.6799
1120      76.255     78.6326
1121     74.6889      78.591
1122     74.6889     78.5496
1123     74.6889     78.5087
1124     74.6889      78.474
1125     74.6889     78.4281
1126     74.6889     78.4206
1127     74.6889     78.3769
1128     74.6889     78.3361
1129     74.6889     78.3035
1130     74.6889     78.2522
1131     74.6889     78.2316
1132     74.6889     78.2115
1133     74.6889     78.1684
1134     74.6889     78.1482
1135     74.6889     78.1239
1136     74.6889      78.066
1137     74.6889     78.0589
1138     74.6889     78.0547
1139     74.6889     78.0361
1140     74.6889     77.9612
1141     74.6889     77.9412
1142     74.6889     77.9335
1143     74.6889     77.9147
1144     74.6889     77.8575
1145     74.6889     77.8025
1146     74.6889     77.7807
1147     74.6889     77.7519
1148     74.6889     77.7401
1149     74.6889     77.7282
1150     74.6889     77.7053
1151     74.6889     77.6633
1152     74.6889     77.6356
1153     74.6889     77.6114
1154     74.6889      77.578
1155     74.6889     77.5374
1156     74.6889     77.5144
1157     74.6889     77.4898
1158     74.6889     77.4794
1159     74.6889     77.5185
1160     74.6889     77.5068
1161     74.6889     77.4688
1162     74.6889      77.441
1163     74.6889     77.4369
1164     74.6889     77.4269
1165     74.6889     77.4163
1166     74.6889      77.359
1167     74.6889     77.3197
1168     74.6889     77.2999
1169     74.6889      77.296
1170     74.6889     77.2903
1171     74.6889     77.2867
1172     74.6889     77.2642
1173     74.6889     77.2672
1174     74.6889     77.2525
1175     74.6889     77.2345
1176     74.6889     77.2291
1177     74.6889     77.2291
1178     74.6889     77.2259
1179     74.6889     77.2212
1180     74.6889     77.2056
1181     74.6889     77.2017
1182     74.6889     77.2254
1183     74.6889     77.2801
1184     74.6889     77.2414
1185     74.6889     77.2861
1186     74.6889     77.2876
1187     74.6889     77.3093
1188     74.6889     77.2377
1189     74.6889     77.2485
1190     74.6889     77.2867
1191     74.6889     77.2643
1192     74.6889     77.2356
1193     74.6889     77.3128
1194     74.6889     77.2599
1195     74.6889     77.2758
1196     74.2247     77.2715
1197     74.0202     77.2753
1198     74.0202     77.2883
1199     74.0202     77.3114
