1           0
1.32042  0.00182569
1.61785  0.00227584
1.85634  0.00250071
2.07143  0.00288889
2.26425  0.00326325
2.44518  0.00346145
2.61014  0.00358517
2.76934  0.00354398
2.91543  0.00394435
3.0537  0.00451406
3.18688  0.00480864
3.31742  0.00489023
3.44101   0.0049272
3.5608   0.0051764
3.67732  0.00561187
3.7866  0.00558595
3.89511  0.00577115
4.0003   0.0059901
4.10165  0.00625301
4.20273  0.00623837
4.29965  0.00657913
4.39514  0.00666084
4.49079  0.00696084
4.58297  0.00716747
4.6788  0.00730979
4.76649  0.00727791
4.8547  0.00704527
4.93744  0.00682097
5.02187   0.0068192
5.10668  0.00638362
5.18863  0.00660869
5.26854  0.00671696
5.346  0.00725731
5.42234  0.00711382
5.49526  0.00750284
5.57212  0.00784968
5.64753  0.00769273
5.72064   0.0080285
5.79717   0.0082412
5.86815  0.00869401
5.93669  0.00885426
6.00496  0.00872292
6.07405  0.00893312
6.14637  0.00909077
6.21258  0.00935364
6.28135   0.0096055
6.34461  0.00983129
6.40878  0.00960103
6.47111  0.00980858
6.53542  0.00971062
6.5996   0.0096914
6.66421   0.0095298
6.72376  0.00937626
6.78405  0.00923966
6.845  0.00919547
6.90118  0.00902346
6.96449  0.00914458
7.02647  0.00911854
7.08538   0.0088607
7.14433   0.0087286
7.2013  0.00895535
7.25797  0.00860354
7.31517  0.00905843
7.37438   0.0091902
7.42906  0.00905637
7.48693  0.00930878
7.54235  0.00933816
7.59761  0.00954465
7.65132  0.00929333
7.70673  0.00932428
7.76142  0.00936509
7.81529  0.00951759
7.86999  0.00980424
7.92278   0.0100137
7.97713   0.0100463
8.02975   0.0100135
8.08183   0.0101895
8.13206    0.010403
8.18351   0.0103845
8.23423   0.0106904
8.28797   0.0108343
8.33811   0.0108022
8.38553   0.0105567
8.43485   0.0104504
8.48094   0.0103429
8.53213   0.0103892
8.58181   0.0103626
8.62837   0.0102467
8.67631   0.0102681
8.72572   0.0103944
8.77148    0.010445
8.8188   0.0104513
8.86615   0.0106078
8.91778   0.0106797
8.96326   0.0108677
9.0086   0.0108392
9.05265   0.0106141
9.10336   0.0106935
9.14907   0.0108813
