1           0
1.2787  0.00182879
1.63247   0.0018437
1.84377   0.0024923
2.08661  0.00267951
2.26448  0.00311721
2.45651   0.0031821
2.61285  0.00346365
2.78099  0.00339868
2.92002  0.00371643
3.06915  0.00407834
3.19781  0.00443975
3.33315  0.00450718
3.45315  0.00473702
3.5796  0.00510772
3.69227  0.00496996
3.81116  0.00496964
3.91774  0.00495957
4.02911  0.00511438
4.13056  0.00520721
4.23274  0.00538894
4.32615  0.00545165
4.4227  0.00540327
4.51783  0.00550654
4.61229  0.00560208
4.70283  0.00546907
4.79353  0.00572592
4.88124   0.0061292
4.96827  0.00628333
5.0512  0.00630766
5.13524  0.00649931
5.21648  0.00662541
5.2986  0.00671507
5.37841  0.00664933
5.45502  0.00687758
5.53111  0.00689816
5.6055  0.00679798
5.67982  0.00725631
5.7575   0.0075658
5.82738  0.00763083
5.89861  0.00779586
5.9686  0.00767279
6.03654  0.00754946
6.10558  0.00756138
6.17725  0.00757311
6.24361  0.00773308
6.31169  0.00784574
6.37757  0.00831231
6.44582  0.00848969
6.51195  0.00859942
6.57471  0.00842295
6.63778  0.00826536
6.70227  0.00838181
6.76545  0.00851184
6.82746  0.00847323
6.88829  0.00853951
6.95187  0.00888116
7.00901  0.00900819
7.06865  0.00913472
7.1283  0.00927721
7.18724  0.00934659
7.24538  0.00945366
7.3047  0.00927889
7.35993  0.00924694
7.41809  0.00947132
7.47351  0.00968283
7.52687  0.00946873
7.57979  0.00978827
7.63557  0.00971623
7.69378  0.00979655
7.74963   0.0102206
7.80032   0.0104104
7.85447   0.0106407
7.9104   0.0109696
7.96486   0.0110387
8.01326   0.0113809
8.06306   0.0113092
8.11018   0.0113797
8.16448   0.0111795
8.21629   0.0108127
8.26821   0.0106573
8.32027   0.0106649
8.37285   0.0108773
8.42241   0.0111289
8.47347   0.0113536
8.52034   0.0117152
8.56988   0.0118381
8.61672   0.0119774
8.66659   0.0118092
8.71541   0.0118202
8.76416   0.0120163
8.81576   0.0119369
8.86437   0.0119155
8.91281   0.0121126
8.95786   0.0120628
9.00453   0.0119991
9.05483   0.0121798
9.10027   0.0124137
9.14775   0.0126353
9.19447   0.0128037
