#     BLOCK:   ACTUAL_H:    H_AVE:      ERROR:
           1   -0.453081   -0.453081           0
           2   -0.455938    -0.45451  0.00100982
           3   -0.444971    -0.45133  0.00268184
           4   -0.453192   -0.451796  0.00205139
           5   -0.439327   -0.449302  0.00276914
           6   -0.447259   -0.448962  0.00232845
           7   -0.452169    -0.44942   0.0020404
           8   -0.439244   -0.448148  0.00214551
           9   -0.423858   -0.445449  0.00317991
          10   -0.448279   -0.445732  0.00287448
          11    -0.45518   -0.446591  0.00273849
          12   -0.438643   -0.445929  0.00258913
          13   -0.449144   -0.446176  0.00240175
          14   -0.444611   -0.446064  0.00223279
          15   -0.439855    -0.44565  0.00212196
          16   -0.451269   -0.446001  0.00201819
          17   -0.454049   -0.446475   0.0019542
          18   -0.440172   -0.446125  0.00187674
          19   -0.449273    -0.44629  0.00178526
          20    -0.45719   -0.446835  0.00177723
          21   -0.454228   -0.447187  0.00172712
          22    -0.44274   -0.446985   0.0016604
          23   -0.450527   -0.447139  0.00159533
          24   -0.445422   -0.447068  0.00153046
          25   -0.438707   -0.446733  0.00150534
          26   -0.447721   -0.446771  0.00144792
          27   -0.441328    -0.44657  0.00140826
          28   -0.450983   -0.446727  0.00136675
          29    -0.45432   -0.446989  0.00134447
          30   -0.449141   -0.447061  0.00130156
          31   -0.430519   -0.446527  0.00136459
          32   -0.447416   -0.446555  0.00132223
          33   -0.451168   -0.446695  0.00128953
          34   -0.446611   -0.446692   0.0012516
          35   -0.448259   -0.446737  0.00121664
          36   -0.453563   -0.446927  0.00119753
          37    -0.44815    -0.44696  0.00116562
          38   -0.440704   -0.446795  0.00114651
          39   -0.453034   -0.446955  0.00112822
          40   -0.445728   -0.446924  0.00110043
          41   -0.447118   -0.446929   0.0010736
          42    -0.46226   -0.447294  0.00110836
          43   -0.454846    -0.44747  0.00109641
          44    -0.44762   -0.447473  0.00107149
          45   -0.429673   -0.447078  0.00111831
          46    -0.45134    -0.44717  0.00109783
          47   -0.449585   -0.447222  0.00107568
          48   -0.444629   -0.447168  0.00105462
          49   -0.440487   -0.447031  0.00104188
          50   -0.446394   -0.447019  0.00102112
          51    -0.44853   -0.447048  0.00100152
          52   -0.448999   -0.447086 0.000982967
          53   -0.441886   -0.446988 0.000969303
          54   -0.423565   -0.446554   0.0010439
          55   -0.435032   -0.446344  0.00104573
          56    -0.44172   -0.446262  0.00103031
          57    -0.45712   -0.446452   0.0010297
          58   -0.440467   -0.446349   0.0010171
          59   -0.450708   -0.446423  0.00100254
          60   -0.434857    -0.44623   0.0010042
          61   -0.429516   -0.445956  0.00102443
          62   -0.450378   -0.446027  0.00101039
          63   -0.442505   -0.445972 0.000995899
          64   -0.450246   -0.446038 0.000982575
          65   -0.462588   -0.446293 0.000999904
          66   -0.454639   -0.446419 0.000992719
          67   -0.430781   -0.446186  0.00100497
          68   -0.446105   -0.446185 0.000990191
          69   -0.449543   -0.446233 0.000977035
          70   -0.449475    -0.44628 0.000964175
          71   -0.445296   -0.446266 0.000950694
          72   -0.444698   -0.446244  0.00093774
          73   -0.447468   -0.446261 0.000925044
          74   -0.429421   -0.446033 0.000940119
          75   -0.453767   -0.446136 0.000933222
          76   -0.438017    -0.44603 0.000927039
          77   -0.440024   -0.445952 0.000918275
          78   -0.459618   -0.446127 0.000923066
          79   -0.447878   -0.446149 0.000911648
          80   -0.443164   -0.446112 0.000901016
          81   -0.449404   -0.446152 0.000890808
          82   -0.441231   -0.446092 0.000881965
          83   -0.443587   -0.446062 0.000871855
          84   -0.448973   -0.446097 0.000862164
          85   -0.438441   -0.446007 0.000856713
          86   -0.447408   -0.446023 0.000846907
          87   -0.453914   -0.446114 0.000842015
          88   -0.445079   -0.446102 0.000832529
          89   -0.438584   -0.446018 0.000827449
          90   -0.453576   -0.446101 0.000822506
          91   -0.452456   -0.446171 0.000816426
          92   -0.446848   -0.446179 0.000807585
          93   -0.432846   -0.446035 0.000811526
          94   -0.447365   -0.446049 0.000803016
          95   -0.438184   -0.445967  0.00079882
          96    -0.43998   -0.445904 0.000792929
          97   -0.455686   -0.446005 0.000791141
          98   -0.441334   -0.445957 0.000784502
          99   -0.432779   -0.445824  0.00078779
         100   -0.443423     -0.4458 0.000780278
         101   -0.453662   -0.445878 0.000776426
         102   -0.436988   -0.445791  0.00077369
         103   -0.434718   -0.445684 0.000773612
         104   -0.425822   -0.445493 0.000789395
         105   -0.433059   -0.445374 0.000790709
         106   -0.453589   -0.445452 0.000787039
         107   -0.436371   -0.445367 0.000784246
         108   -0.445499   -0.445368 0.000776985
         109   -0.446947   -0.445382 0.000769992
         110   -0.442442   -0.445356 0.000763456
         111   -0.451044   -0.445407 0.000758296
         112    -0.44328   -0.445388 0.000751763
         113   -0.450402   -0.445432 0.000746418
         114   -0.439716   -0.445382 0.000741553
         115   -0.439723   -0.445333 0.000736736
         116   -0.453066     -0.4454 0.000733395
         117   -0.452356   -0.445459 0.000729533
         118   -0.453609   -0.445528 0.000726612
         119   -0.449736   -0.445564 0.000721366
         120   -0.444949   -0.445558 0.000715372
         121   -0.434455   -0.445467 0.000715322
         122   -0.444711    -0.44546 0.000709485
         123   -0.458204   -0.445564 0.000711241
         124   -0.446369   -0.445571 0.000705535
         125   -0.454081   -0.445639 0.000703168
         126   -0.441732   -0.445608 0.000698271
         127   -0.453213   -0.445668 0.000695336
         128    -0.45356   -0.445729 0.000692632
         129   -0.456078   -0.445809 0.000691894
         130    -0.44346   -0.445791 0.000686807
         131   -0.446814   -0.445799 0.000681609
         132   -0.430366   -0.445682 0.000686399
         133   -0.437833   -0.445623 0.000683771
         134    -0.44018   -0.445583 0.000679873
         135   -0.443955   -0.445571 0.000674944
         136   -0.448504   -0.445592 0.000670326
         137   -0.443554   -0.445577 0.000665598
         138   -0.435199   -0.445502  0.00066501
         139     -0.4296   -0.445388 0.000669994
         140   -0.447795   -0.445405 0.000665429
         141   -0.445105   -0.445403 0.000660713
         142   -0.447393   -0.445417 0.000656209
         143   -0.445331   -0.445416  0.00065162
         144   -0.438206   -0.445366 0.000649016
         145   -0.450058   -0.445398 0.000645346
         146   -0.448373   -0.445419 0.000641247
         147   -0.462388   -0.445534 0.000647192
         148   -0.447297   -0.445546 0.000642928
         149   -0.455749   -0.445615 0.000642249
         150   -0.451262   -0.445652  0.00063907
         151    -0.44168   -0.445626 0.000635379
         152   -0.457186   -0.445702 0.000635734
         153   -0.429997   -0.445599 0.000639813
         154   -0.451911    -0.44564  0.00063697
         155   -0.439998   -0.445604   0.0006339
         156   -0.444894   -0.445599 0.000629852
         157   -0.447597   -0.445612 0.000625969
         158    -0.43868   -0.445568 0.000623543
         159   -0.432306   -0.445485 0.000625175
         160   -0.425097   -0.445357  0.00063412
         161   -0.451694   -0.445397 0.000631402
         162   -0.454928   -0.445456 0.000630239
         163   -0.446532   -0.445462 0.000626407
         164   -0.448171   -0.445479 0.000622806
         165    -0.45198   -0.445518 0.000620276
         166   -0.446831   -0.445526  0.00061659
         167   -0.440041   -0.445493 0.000613772
         168   -0.448214   -0.445509 0.000610332
         169    -0.44382   -0.445499 0.000606803
         170   -0.442348   -0.445481 0.000603516
         171   -0.442381   -0.445463 0.000600259
         172   -0.444597   -0.445458  0.00059679
         173   -0.448156   -0.445473 0.000593544
         174   -0.440246   -0.445443 0.000590893
         175   -0.440742   -0.445416 0.000588127
         176   -0.435964   -0.445363 0.000587232
         177   -0.437468   -0.445318 0.000585606
         178   -0.446808   -0.445326 0.000582376
         179   -0.449281   -0.445349 0.000579541
         180   -0.451127   -0.445381  0.00057721
         181   -0.453851   -0.445427 0.000575915
         182   -0.446592   -0.445434 0.000572786
         183    -0.43187    -0.44536 0.000574432
         184    -0.44125   -0.445337 0.000571744
         185   -0.425207   -0.445229 0.000578915
         186   -0.441736    -0.44521 0.000576107
         187   -0.440776   -0.445186 0.000573514
         188   -0.432635   -0.445119 0.000574336
         189   -0.441584   -0.445101 0.000571602
         190   -0.446711   -0.445109 0.000568656
         191   -0.449657   -0.445133 0.000566177
         192   -0.439481   -0.445103 0.000563993
         193   -0.450092   -0.445129 0.000561663
         194   -0.457586   -0.445194 0.000562426
         195   -0.447815   -0.445207 0.000559702
         196   -0.452714   -0.445245 0.000558156
         197   -0.448197    -0.44526 0.000555524
         198   -0.448415   -0.445276 0.000552946
         199   -0.440528   -0.445252 0.000550682
         200   -0.440036   -0.445226 0.000548546
         201    -0.44053   -0.445203 0.000546314
         202   -0.446426   -0.445209 0.000543643
         203   -0.432326   -0.445145 0.000544657
         204   -0.453802   -0.445188 0.000543638
         205   -0.450174   -0.445212  0.00054153
         206   -0.439217   -0.445183 0.000539682
         207   -0.461326   -0.445261 0.000542681
         208   -0.435636   -0.445215 0.000542041
         209     -0.4452   -0.445215 0.000539447
         210    -0.45418   -0.445257 0.000538565
         211   -0.449058   -0.445275 0.000536314
         212   -0.441931    -0.44526 0.000534016
         213   -0.443204    -0.44525 0.000531596
         214   -0.454369   -0.445293 0.000530817
         215   -0.449158   -0.445311 0.000528653
         216   -0.433405   -0.445256 0.000529071
         217   -0.439427   -0.445229 0.000527314
         218   -0.446791   -0.445236 0.000524944
         219   -0.447104   -0.445244 0.000522616
         220   -0.445781   -0.445247 0.000520246
         221   -0.446999   -0.445255 0.000517953
         222   -0.449159   -0.445272 0.000515918
         223   -0.450193   -0.445294 0.000514076
         224   -0.436793   -0.445256  0.00051318
         225   -0.439216    -0.44523 0.000511601
         226    -0.44267   -0.445218 0.000509463
         227   -0.458849   -0.445278 0.000510745
         228   -0.446437   -0.445283  0.00050853
         229   -0.439887    -0.44526 0.000506855
         230   -0.442277   -0.445247 0.000504817
         231   -0.450112   -0.445268 0.000503071
         232   -0.432827   -0.445214 0.000503753
         233   -0.439699   -0.445191 0.000502147
         234    -0.44355   -0.445184  0.00050005
         235   -0.445974   -0.445187 0.000497933
         236   -0.450732    -0.44521 0.000496377
         237   -0.444603   -0.445208 0.000494289
         238   -0.427381   -0.445133 0.000497855
         239    -0.44966   -0.445152 0.000496132
         240   -0.437773   -0.445121 0.000495017
         241   -0.446243   -0.445126 0.000492985
         242   -0.446388   -0.445131 0.000490975
         243   -0.462473   -0.445202 0.000494115
         244   -0.450336   -0.445223 0.000492537
         245   -0.437691   -0.445193 0.000491485
         246   -0.429161   -0.445128 0.000493789
         247   -0.449024   -0.445143 0.000492042
         248   -0.446694    -0.44515 0.000490097
         249   -0.455564   -0.445191  0.00048991
         250   -0.439504   -0.445169 0.000488479
         251   -0.445818   -0.445171 0.000486539
         252   -0.443721   -0.445165 0.000484643
         253   -0.429212   -0.445102 0.000486812
         254   -0.432619   -0.445053  0.00048737
         255   -0.436323   -0.445019  0.00048666
         256   -0.437643    -0.44499 0.000485611
         257   -0.450961   -0.445013 0.000484277
         258   -0.454673   -0.445051 0.000483845
         259   -0.430959   -0.444996 0.000485026
         260   -0.426885   -0.444927 0.000488138
         261   -0.445754    -0.44493 0.000486278
         262   -0.451507   -0.444955 0.000485069
         263   -0.433736   -0.444912 0.000485097
         264   -0.443635   -0.444908 0.000483284
         265   -0.442156   -0.444897 0.000481571
         266   -0.429288   -0.444839 0.000483323
         267   -0.433219   -0.444795 0.000483468
         268   -0.435558   -0.444761 0.000482891
         269   -0.456542   -0.444804 0.000483078
         270   -0.447295   -0.444814 0.000481377
         271   -0.442313   -0.444804 0.000479689
         272   -0.434724   -0.444767 0.000479355
         273   -0.447688   -0.444778 0.000477719
         274   -0.438686   -0.444756 0.000476492
         275   -0.441924   -0.444745 0.000474871
         276   -0.442874   -0.444739 0.000473199
         277   -0.444777   -0.444739  0.00047149
         278   -0.461328   -0.444798 0.000473556
         279   -0.446646   -0.444805 0.000471905
         280   -0.439975   -0.444788 0.000470535
         281   -0.446227   -0.444793 0.000468888
         282     -0.4566   -0.444835 0.000469091
         283   -0.445633   -0.444838 0.000467442
         284   -0.448373    -0.44485 0.000465962
         285   -0.439002    -0.44483 0.000464778
         286    -0.43932    -0.44481 0.000463552
         287   -0.440328   -0.444795   0.0004622
         288   -0.433132   -0.444754 0.000462366
         289   -0.457263   -0.444797 0.000462787
         290   -0.445531     -0.4448 0.000461198
         291   -0.452118   -0.444825 0.000460298
         292   -0.439046   -0.444805 0.000459147
         293   -0.433526   -0.444767 0.000459191
         294   -0.454993   -0.444802 0.000458945
         295    -0.43112   -0.444755 0.000459726
         296    -0.43206   -0.444712  0.00046017
         297   -0.453863   -0.444743  0.00045965
         298   -0.455395   -0.444779 0.000459496
         299   -0.443155   -0.444774 0.000457991
         300   -0.453967   -0.444804 0.000457488
         301   -0.436191   -0.444776 0.000456863
         302   -0.441256   -0.444764 0.000455498
         303   -0.422828   -0.444691 0.000459712
         304   -0.440991   -0.444679 0.000458361
         305   -0.444958    -0.44468 0.000456859
         306   -0.435973   -0.444652 0.000456252
         307   -0.448983   -0.444666 0.000454984
         308    -0.44484   -0.444666 0.000453507
         309   -0.442862   -0.444661 0.000452077
         310   -0.444596    -0.44466 0.000450618
         311   -0.449798   -0.444677 0.000449472
         312   -0.452488   -0.444702 0.000448728
         313    -0.43579   -0.444673 0.000448197
         314   -0.455573   -0.444708 0.000448112
         315   -0.449613   -0.444724  0.00044696
         316   -0.448576   -0.444736 0.000445712
         317   -0.433601   -0.444701 0.000445688
         318   -0.447703    -0.44471 0.000444386
         319   -0.456511   -0.444747  0.00044453
         320   -0.450314   -0.444765 0.000443481
         321   -0.451933   -0.444787 0.000442661
         322    -0.44969   -0.444802 0.000441548
         323   -0.439655   -0.444786 0.000440469
         324   -0.443992   -0.444784 0.000439116
         325   -0.435276   -0.444755 0.000438739
         326   -0.456014   -0.444789  0.00043875
         327   -0.441907    -0.44478 0.000437497
         328   -0.446507   -0.444786 0.000436195
         329   -0.447677   -0.444794 0.000434957
         330   -0.445463   -0.444796 0.000433644
         331   -0.457531   -0.444835 0.000434037
         332   -0.438275   -0.444815  0.00043318
         333   -0.450462   -0.444832  0.00043221
         334   -0.436325   -0.444807 0.000431666
         335   -0.430911   -0.444765 0.000432366
         336   -0.426617   -0.444711  0.00043444
         337    -0.45326   -0.444736 0.000433891
         338   -0.448467   -0.444747 0.000432747
         339    -0.43537    -0.44472 0.000432354
         340   -0.438538   -0.444702 0.000431465
         341   -0.439351   -0.444686 0.000430485
         342   -0.449505     -0.4447 0.000429456
         343   -0.449958   -0.444715 0.000428478
         344   -0.460899   -0.444762 0.000429807
         345   -0.449213   -0.444775 0.000428755
         346   -0.441888   -0.444767 0.000427597
         347   -0.435899   -0.444741 0.000427128
         348   -0.450024   -0.444757  0.00042617
         349   -0.441747   -0.444748 0.000425036
         350   -0.447801   -0.444757 0.000423911
         351   -0.447789   -0.444765 0.000422791
         352   -0.454689   -0.444794 0.000422529
         353   -0.440561   -0.444782 0.000421502
         354   -0.446039   -0.444785 0.000420326
         355   -0.435972    -0.44476 0.000419875
         356   -0.462125   -0.444809 0.000421519
         357   -0.443848   -0.444806 0.000420347
         358   -0.436664   -0.444784 0.000419788
         359   -0.435883   -0.444759  0.00041935
         360       -0.45   -0.444773 0.000418438
         361   -0.444287   -0.444772 0.000417281
         362   -0.456371   -0.444804 0.000417356
         363    -0.44972   -0.444818 0.000416426
         364   -0.438195   -0.444799  0.00041568
         365   -0.433163   -0.444768 0.000415762
         366   -0.444685   -0.444767 0.000414626
         367   -0.445854    -0.44477 0.000413506
         368    -0.44207   -0.444763 0.000412448
         369   -0.454521   -0.444789 0.000412177
         370    -0.44772   -0.444797 0.000411139
         371   -0.439864   -0.444784 0.000410246
         372   -0.438874   -0.444768 0.000409451
         373   -0.448268   -0.444777  0.00040846
         374   -0.454165   -0.444803 0.000408139
         375   -0.444103   -0.444801 0.000407055
         376   -0.448232    -0.44481 0.000406074
         377    -0.42122   -0.444747  0.00040979
         378   -0.433972   -0.444719 0.000409696
         379   -0.433693    -0.44469 0.000409646
         380   -0.443196   -0.444686 0.000408587
         381   -0.447949   -0.444694 0.000407605
         382   -0.423935    -0.44464 0.000410144
         383   -0.440243   -0.444628 0.000409234
         384    -0.45019   -0.444643 0.000408425
         385   -0.462523   -0.444689 0.000409996
         386   -0.458895   -0.444726 0.000410582
         387    -0.44201   -0.444719 0.000409581
         388   -0.453978   -0.444743  0.00040922
         389   -0.445958   -0.444746  0.00040818
         390    -0.46112   -0.444788 0.000409287
         391   -0.437014   -0.444768 0.000408723
         392   -0.427245   -0.444724 0.000410118
         393   -0.445869   -0.444727 0.000409084
         394   -0.454756   -0.444752 0.000408837
         395    -0.43295   -0.444722 0.000408893
         396   -0.454009   -0.444746 0.000408532
         397   -0.464686   -0.444796 0.000410579
         398   -0.439493   -0.444782 0.000409764
         399   -0.447307   -0.444789 0.000408786
         400   -0.451861   -0.444806 0.000408146
         401    -0.44443   -0.444806 0.000407129
         402    -0.44595   -0.444808 0.000406126
         403    -0.44192   -0.444801 0.000405182
         404   -0.446954   -0.444807 0.000404214
         405   -0.440655   -0.444796 0.000403346
         406   -0.451701   -0.444813 0.000402711
         407   -0.436072   -0.444792 0.000402293
         408    -0.44785   -0.444799 0.000401377
         409   -0.429573   -0.444762 0.000402119
         410   -0.422795   -0.444708 0.000404691
         411   -0.453337   -0.444729 0.000404251
         412   -0.437224   -0.444711  0.00040368
         413   -0.439306   -0.444698 0.000402915
         414   -0.451083   -0.444714 0.000402237
         415   -0.441133   -0.444705  0.00040136
         416   -0.440923   -0.444696 0.000400498
         417   -0.444097   -0.444694  0.00039954
         418    -0.44665   -0.444699 0.000398612
         419   -0.454439   -0.444722 0.000398338
         420   -0.462289   -0.444764 0.000399579
         421   -0.439717   -0.444752  0.00039881
         422   -0.447571   -0.444759 0.000397921
         423   -0.443573   -0.444756  0.00039699
         424   -0.437788    -0.44474 0.000396393
         425   -0.442287   -0.444734 0.000395503
         426   -0.421219   -0.444679 0.000398408
         427    -0.44057   -0.444669 0.000397591
         428   -0.454469   -0.444692 0.000397321
         429   -0.447773   -0.444699 0.000396459
         430   -0.447255   -0.444705 0.000395582
         431   -0.442891   -0.444701 0.000394686
         432   -0.448045   -0.444709 0.000393849
         433   -0.451973   -0.444725 0.000393296
         434   -0.443032   -0.444721 0.000392409
         435   -0.437074   -0.444704 0.000391901
         436    -0.43068   -0.444672  0.00039232
         437   -0.449622   -0.444683 0.000391586
         438     -0.4396   -0.444671 0.000390864
         439   -0.435033    -0.44465 0.000390589
         440   -0.429755   -0.444616 0.000391166
         441   -0.440022   -0.444605 0.000390417
         442   -0.451792   -0.444621 0.000389873
         443   -0.439294   -0.444609 0.000389178
         444   -0.444232   -0.444609 0.000388302
         445   -0.455256   -0.444633 0.000388166
         446   -0.439634   -0.444621 0.000387458
         447   -0.439106   -0.444609 0.000386787
         448   -0.437558   -0.444593 0.000386244
         449   -0.439475   -0.444582 0.000385552
         450   -0.460548   -0.444617 0.000386324
         451   -0.439026   -0.444605 0.000385667
         452   -0.440428   -0.444596 0.000384924
         453   -0.449009   -0.444605 0.000384198
         454   -0.445768   -0.444608  0.00038336
         455   -0.447265   -0.444614 0.000382562
         456   -0.442977    -0.44461  0.00038174
         457   -0.449127    -0.44462 0.000381032
         458   -0.452756   -0.444638 0.000380614
         459   -0.444855   -0.444638 0.000379785
         460   -0.431105   -0.444609 0.000380097
         461   -0.437331   -0.444593 0.000379601
         462   -0.454664   -0.444615 0.000379404
         463    -0.43911   -0.444603 0.000378771
         464   -0.458678   -0.444633 0.000379167
         465   -0.441951   -0.444628 0.000378396
         466   -0.458322   -0.444657 0.000378723
         467   -0.432607   -0.444631  0.00037879
         468   -0.442022   -0.444626 0.000378022
         469   -0.454426   -0.444647 0.000377793
         470    -0.45068   -0.444659 0.000377207
         471   -0.416275   -0.444599  0.00038119
         472   -0.432345   -0.444573 0.000381266
         473   -0.454537   -0.444594 0.000381041
         474   -0.444167   -0.444593 0.000380238
         475   -0.434358   -0.444572 0.000380048
         476   -0.454708   -0.444593 0.000379845
         477   -0.439194   -0.444582 0.000379218
         478   -0.448425    -0.44459  0.00037851
         479   -0.439393   -0.444579 0.000377875
         480   -0.447181   -0.444584 0.000377126
         481   -0.458331   -0.444613 0.000377424
         482   -0.441645   -0.444607 0.000376691
         483   -0.455958    -0.44463 0.000376643
         484   -0.453176   -0.444648 0.000376279
         485    -0.43815   -0.444635 0.000375741
         486   -0.454843   -0.444656 0.000375555
         487   -0.454527   -0.444676  0.00037533
         488   -0.446591    -0.44468 0.000374582
         489   -0.447424   -0.444685 0.000373858
         490   -0.448889   -0.444694 0.000373193
         491   -0.433374   -0.444671 0.000373145
         492   -0.440017   -0.444661 0.000372506
         493   -0.456166   -0.444685 0.000372481
         494      -0.437   -0.444669 0.000372051
         495   -0.441997   -0.444664 0.000371339
         496   -0.442543    -0.44466 0.000370615
         497   -0.442975   -0.444656 0.000369885
         498   -0.453298   -0.444673 0.000369549
         499   -0.449705   -0.444684 0.000368946
         500   -0.444835   -0.444684 0.000368208
         501   -0.456905   -0.444708  0.00036828
         502    -0.44488   -0.444709 0.000367547
         503    -0.44265   -0.444705 0.000366839
         504    -0.42913   -0.444674  0.00036741
         505   -0.444185   -0.444673 0.000366684
         506   -0.448365    -0.44468 0.000366032
         507   -0.441618   -0.444674  0.00036536
         508   -0.434881   -0.444655 0.000365149
         509   -0.432749   -0.444631  0.00036518
         510   -0.442981   -0.444628 0.000364478
         511    -0.44126   -0.444621 0.000363824
         512   -0.445466   -0.444623 0.000363117
         513   -0.445991   -0.444626 0.000362419
         514   -0.445463   -0.444627 0.000361718
         515   -0.450289   -0.444638 0.000361183
         516   -0.439065   -0.444628 0.000360644
         517   -0.442876   -0.444624 0.000359962
         518   -0.438241   -0.444612 0.000359478
         519   -0.442301   -0.444607 0.000358813
         520   -0.444822   -0.444608 0.000358123
         521   -0.447415   -0.444613 0.000357477
         522   -0.443307   -0.444611 0.000356801
         523   -0.434877   -0.444592 0.000356603
         524   -0.439235   -0.444582 0.000356069
         525   -0.442982   -0.444579 0.000355404
         526   -0.454318   -0.444597  0.00035521
         527   -0.439372   -0.444587 0.000354675
         528   -0.441941   -0.444582 0.000354039
         529   -0.438866   -0.444572 0.000353534
         530   -0.434549   -0.444553 0.000353372
         531   -0.443829   -0.444551  0.00035271
         532   -0.450643   -0.444563 0.000352232
         533   -0.434324   -0.444544 0.000352095
         534   -0.452161   -0.444558 0.000351725
         535   -0.447317   -0.444563 0.000351105
         536   -0.455585   -0.444584 0.000351051
         537   -0.439502   -0.444574 0.000350525
         538   -0.439277   -0.444564 0.000350012
         539   -0.427964   -0.444533 0.000350715
         540    -0.44316   -0.444531 0.000350075
         541   -0.445602   -0.444533 0.000349433
         542   -0.449783   -0.444543 0.000348923
         543   -0.442924    -0.44454 0.000348293
         544   -0.435067   -0.444522 0.000348088
         545   -0.429544   -0.444495 0.000348532
         546   -0.431834   -0.444471 0.000348664
         547   -0.437011   -0.444458 0.000348294
         548   -0.443438   -0.444456 0.000347663
         549    -0.43358   -0.444436 0.000347594
         550   -0.444059   -0.444435 0.000346962
         551   -0.432528   -0.444414 0.000347005
         552   -0.452068   -0.444428 0.000346653
         553   -0.444514   -0.444428 0.000346026
         554   -0.430193   -0.444402 0.000346355
         555   -0.438667   -0.444392 0.000345885
         556   -0.454794   -0.444411 0.000345768
         557   -0.447274   -0.444416 0.000345186
         558   -0.439515   -0.444407 0.000344679
         559    -0.43966   -0.444398 0.000344167
         560   -0.448592   -0.444406 0.000343634
         561   -0.448992   -0.444414 0.000343118
         562   -0.441145   -0.444408 0.000342557
         563   -0.441445   -0.444403 0.000341989
         564    -0.43814   -0.444392 0.000341563
         565   -0.445682   -0.444394 0.000340966
         566   -0.442598   -0.444391 0.000340378
         567   -0.439272   -0.444382 0.000339898
         568    -0.45587   -0.444402 0.000339901
         569   -0.429956   -0.444377  0.00034025
         570   -0.454908   -0.444395 0.000340154
         571   -0.448068   -0.444402 0.000339619
         572   -0.450348   -0.444412 0.000339185
         573    -0.43839   -0.444402 0.000338756
         574    -0.45208   -0.444415 0.000338429
         575   -0.434539   -0.444398 0.000338276
         576   -0.452955   -0.444413 0.000338015
         577   -0.437292     -0.4444 0.000337655
         578   -0.452766   -0.444415 0.000337381
         579   -0.448909   -0.444423 0.000336887
         580   -0.450066   -0.444432 0.000336447
         581   -0.447698   -0.444438 0.000335915
         582   -0.443679   -0.444437  0.00033534
         583     -0.4394   -0.444428 0.000334876
         584   -0.442566   -0.444425 0.000334318
         585   -0.439686   -0.444417 0.000333844
         586   -0.437626   -0.444405 0.000333476
         587    -0.44259   -0.444402 0.000332922
         588   -0.433015   -0.444383 0.000332919
         589   -0.444316   -0.444383 0.000332353
         590   -0.449735   -0.444392 0.000331914
         591   -0.444527   -0.444392 0.000331352
         592   -0.437974   -0.444381  0.00033097
         593   -0.446154   -0.444384 0.000330425
         594   -0.454767   -0.444401 0.000330331
         595     -0.4389   -0.444392 0.000329905
         596   -0.444831   -0.444393 0.000329352
         597    -0.44116   -0.444388 0.000328845
         598   -0.442804   -0.444385 0.000328306
         599   -0.441518    -0.44438 0.000327793
         600   -0.437604   -0.444369 0.000327441
         601   -0.434978   -0.444353 0.000327269
         602   -0.448149    -0.44436 0.000326786
         603   -0.442021   -0.444356 0.000326267
         604   -0.449049   -0.444363 0.000325819
         605   -0.450583   -0.444374 0.000325443
         606   -0.443839   -0.444373 0.000324907
         607   -0.452362   -0.444386 0.000324638
         608   -0.440941    -0.44438 0.000324154
         609   -0.444472    -0.44438 0.000323622
         610   -0.453911   -0.444396 0.000323468
         611   -0.443096   -0.444394 0.000322945
         612   -0.441268   -0.444389 0.000322458
         613   -0.431904   -0.444368 0.000322575
         614   -0.435195   -0.444354 0.000322395
         615   -0.447051   -0.444358 0.000321901
         616   -0.450692   -0.444368 0.000321542
         617   -0.458969   -0.444392 0.000321891
         618   -0.443263    -0.44439 0.000321375
         619   -0.447667   -0.444395   0.0003209
         620   -0.446851   -0.444399 0.000320407
         621   -0.443508   -0.444398 0.000319894
         622   -0.450395   -0.444407 0.000319525
         623   -0.445805    -0.44441  0.00031902
         624   -0.444407    -0.44441 0.000318508
         625   -0.446604   -0.444413 0.000318018
         626   -0.437181   -0.444402  0.00031772
         627   -0.437047    -0.44439  0.00031743
         628   -0.443119   -0.444388 0.000316931
         629   -0.435811   -0.444374  0.00031672
         630   -0.437852   -0.444364 0.000316386
         631   -0.455498   -0.444382 0.000316377
         632   -0.445967   -0.444384 0.000315886
         633   -0.442374   -0.444381 0.000315403
         634   -0.441056   -0.444376 0.000314949
         635   -0.446985    -0.44438  0.00031448
         636   -0.435628   -0.444366 0.000314286
         637   -0.448261   -0.444372 0.000313852
         638   -0.440487   -0.444366  0.00031342
         639   -0.443746   -0.444365 0.000312931
         640   -0.443696   -0.444364 0.000312443
         641   -0.445767   -0.444366 0.000311964
         642   -0.449629   -0.444374 0.000311585
         643   -0.443961   -0.444374 0.000311102
         644   -0.438501   -0.444365 0.000310752
         645   -0.453088   -0.444378 0.000310564
         646   -0.444199   -0.444378 0.000310084
         647   -0.456367   -0.444396 0.000310158
         648    -0.43161   -0.444377 0.000310306
         649   -0.447394   -0.444381 0.000309863
         650   -0.458277   -0.444403 0.000310123
         651   -0.419486   -0.444364 0.000311999
         652   -0.434321   -0.444349 0.000311901
         653   -0.441693   -0.444345  0.00031145
         654   -0.444113   -0.444345 0.000310974
         655    -0.43569   -0.444331 0.000310779
         656   -0.443095    -0.44433 0.000310311
         657   -0.452046   -0.444341 0.000310061
         658   -0.454903   -0.444357 0.000310005
         659   -0.451744   -0.444369 0.000309737
         660   -0.457696   -0.444389 0.000309926
         661   -0.455826   -0.444406  0.00030994
         662   -0.434376   -0.444391 0.000309841
         663   -0.435616   -0.444378 0.000309657
         664   -0.423152   -0.444346 0.000310836
         665   -0.452866   -0.444358 0.000310632
         666   -0.448135   -0.444364 0.000310218
         667    -0.44689   -0.444368 0.000309776
         668   -0.435259   -0.444354 0.000309612
         669    -0.46326   -0.444383 0.000310436
         670   -0.440483   -0.444377 0.000310027
         671   -0.453462    -0.44439 0.000309861
         672    -0.43525   -0.444377 0.000309698
         673   -0.443137   -0.444375 0.000309243
         674   -0.431219   -0.444355   0.0003094
         675   -0.448074   -0.444361 0.000308991
         676   -0.449754   -0.444369 0.000308637
         677   -0.461101   -0.444394 0.000309169
         678   -0.434644   -0.444379 0.000309047
         679    -0.45055   -0.444388 0.000308725
         680    -0.43679   -0.444377 0.000308473
         681   -0.446497    -0.44438 0.000308036
         682   -0.436083   -0.444368 0.000307825
         683   -0.443866   -0.444367 0.000307375
         684   -0.440854   -0.444362 0.000306968
         685   -0.446794   -0.444366 0.000306541
         686   -0.436764   -0.444355 0.000306294
         687   -0.438368   -0.444346 0.000305972
         688   -0.428979   -0.444324 0.000306342
         689   -0.436645   -0.444312   0.0003061
         690   -0.443454   -0.444311 0.000305659
         691   -0.442826   -0.444309 0.000305224
         692   -0.449309   -0.444316 0.000304868
         693   -0.440833   -0.444311  0.00030447
         694   -0.445702   -0.444313 0.000304038
         695   -0.433151   -0.444297 0.000304024
         696   -0.450319   -0.444306  0.00030371
         697   -0.452777   -0.444318 0.000303518
         698   -0.429195   -0.444296 0.000303855
         699   -0.421512   -0.444264 0.000305164
         700   -0.447588   -0.444268 0.000304765
         701   -0.439237   -0.444261 0.000304415
         702   -0.418091   -0.444224 0.000306255
         703   -0.436163   -0.444213 0.000306034
         704   -0.454232   -0.444227  0.00030593
         705   -0.445206   -0.444228 0.000305499
         706   -0.448832   -0.444235 0.000305136
         707   -0.435303   -0.444222 0.000304966
         708    -0.43066   -0.444203 0.000305136
         709   -0.438244   -0.444194 0.000304822
         710   -0.437102   -0.444184 0.000304556
         711    -0.45196   -0.444195 0.000304324
         712    -0.44623   -0.444198  0.00030391
         713   -0.443697   -0.444198 0.000303485
         714   -0.445155   -0.444199 0.000303062
         715   -0.439671   -0.444193 0.000302705
         716   -0.438604   -0.444185 0.000302383
         717   -0.447931    -0.44419 0.000302006
         718   -0.443252   -0.444189 0.000301588
         719   -0.435137   -0.444176 0.000301431
         720   -0.434672   -0.444163 0.000301302
         721   -0.454801   -0.444178 0.000301245
         722   -0.432017   -0.444161 0.000301298
         723   -0.444942   -0.444162 0.000300883
         724   -0.456068   -0.444178 0.000300917
         725   -0.438296    -0.44417 0.000300611
         726   -0.449082   -0.444177 0.000300273
         727   -0.440542   -0.444172 0.000299902
         728   -0.430473   -0.444153  0.00030008
         729   -0.420741   -0.444121 0.000301382
         730   -0.444857   -0.444122  0.00030097
         731   -0.458766   -0.444142 0.000301225
         732   -0.446556   -0.444145 0.000300831
         733   -0.433962   -0.444132 0.000300741
         734    -0.44891   -0.444138 0.000300402
         735   -0.457589   -0.444156  0.00030055
         736   -0.447437   -0.444161 0.000300175
         737   -0.439846   -0.444155 0.000299825
         738   -0.452996   -0.444167 0.000299658
         739   -0.455681   -0.444182 0.000299657
         740   -0.436416   -0.444172 0.000299436
         741    -0.44175   -0.444169  0.00029905
         742   -0.444696   -0.444169 0.000298647
         743   -0.447366   -0.444174 0.000298276
         744   -0.457435   -0.444192 0.000298408
         745   -0.442918    -0.44419 0.000298012
         746   -0.449354   -0.444197 0.000297693
         747   -0.442367   -0.444194 0.000297304
         748   -0.447998   -0.444199  0.00029695
         749   -0.441183   -0.444195 0.000296581
         750   -0.429222   -0.444175 0.000296857
         751   -0.443759   -0.444175 0.000296462
         752   -0.443116   -0.444173 0.000296071
         753   -0.450428   -0.444182 0.000295795
         754   -0.437082   -0.444172 0.000295552
         755    -0.43042   -0.444154 0.000295721
         756   -0.464203   -0.444181 0.000296517
         757    -0.45205   -0.444191 0.000296308
         758   -0.428983   -0.444171 0.000296595
         759   -0.455941   -0.444187 0.000296609
         760   -0.447399   -0.444191 0.000296249
         761   -0.442081   -0.444188 0.000295873
         762   -0.440725   -0.444183  0.00029552
         763   -0.448098   -0.444189 0.000295177
         764   -0.459596   -0.444209 0.000295479
         765   -0.448477   -0.444214 0.000295145
         766   -0.446726   -0.444218 0.000294778
         767   -0.439211   -0.444211 0.000294466
         768   -0.445161   -0.444212 0.000294085
         769   -0.450937   -0.444221 0.000293833
         770    -0.44514   -0.444222 0.000293453
         771   -0.435629   -0.444211 0.000293284
         772   -0.434451   -0.444198 0.000293177
         773   -0.450975   -0.444207 0.000292929
         774    -0.44461   -0.444208 0.000292551
         775   -0.446711   -0.444211 0.000292191
         776   -0.441727   -0.444208 0.000291832
         777   -0.447711   -0.444212 0.000291491
         778   -0.447267   -0.444216 0.000291143
         779   -0.437583   -0.444208 0.000290894
         780   -0.448216   -0.444213 0.000290566
         781   -0.448715   -0.444219 0.000290251
         782   -0.458147   -0.444236 0.000290426
         783   -0.449642   -0.444243 0.000290137
         784   -0.459163   -0.444262 0.000290391
         785   -0.446819   -0.444266 0.000290039
         786   -0.445597   -0.444267 0.000289675
         787   -0.450896   -0.444276 0.000289429
         788   -0.449547   -0.444282 0.000289139
         789   -0.443928   -0.444282 0.000288773
         790   -0.444657   -0.444282 0.000288408
         791   -0.430019   -0.444264 0.000288607
         792   -0.425053    -0.44424  0.00028926
         793   -0.444112    -0.44424 0.000288895
         794    -0.43805   -0.444232 0.000288636
         795   -0.441725   -0.444229 0.000288291
         796   -0.443097   -0.444228 0.000287932
         797   -0.434437   -0.444215 0.000287832
         798   -0.451819   -0.444225 0.000287629
         799   -0.434281   -0.444212 0.000287539
         800   -0.435751   -0.444202 0.000287374
         801   -0.455823   -0.444216 0.000287381
         802    -0.44406   -0.444216 0.000287023
         803   -0.442321   -0.444214 0.000286675
         804    -0.44044   -0.444209 0.000286357
         805   -0.448805   -0.444215 0.000286058
         806   -0.449284   -0.444221 0.000285772
         807   -0.440322   -0.444216 0.000285459
         808   -0.436162   -0.444206  0.00028528
         809   -0.446084   -0.444209 0.000284936
         810   -0.442261   -0.444206 0.000284595
         811   -0.447442    -0.44421 0.000284272
         812   -0.446443   -0.444213 0.000283935
         813   -0.450697   -0.444221 0.000283698
         814   -0.457906   -0.444238 0.000283847
         815   -0.444352   -0.444238 0.000283499
         816   -0.444758   -0.444238 0.000283152
         817   -0.443831   -0.444238 0.000282806
         818   -0.458433   -0.444255 0.000282992
         819   -0.438113   -0.444248 0.000282746
         820   -0.431024   -0.444232 0.000282861
         821   -0.444557   -0.444232 0.000282516
         822   -0.451665   -0.444241 0.000282317
         823   -0.444063   -0.444241 0.000281974
         824   -0.445089   -0.444242 0.000281634
         825   -0.441734   -0.444239 0.000281309
         826   -0.444665   -0.444239 0.000280969
         827   -0.422487   -0.444213 0.000281858
         828   -0.419286   -0.444183 0.000283121
         829   -0.437796   -0.444175 0.000282884
         830   -0.428658   -0.444157  0.00028316
         831    -0.43947   -0.444151 0.000282876
         832   -0.445312   -0.444152 0.000282539
         833   -0.454815   -0.444165  0.00028249
         834   -0.457504   -0.444181 0.000282603
         835   -0.437415   -0.444173 0.000282381
         836   -0.431546   -0.444158 0.000282447
         837   -0.445798    -0.44416 0.000282116
         838   -0.436973   -0.444151  0.00028191
         839    -0.44814   -0.444156 0.000281614
         840   -0.450935   -0.444164 0.000281394
         841   -0.437854   -0.444157  0.00028116
         842   -0.450158   -0.444164 0.000280916
         843    -0.45452   -0.444176 0.000280851
         844   -0.436579   -0.444167 0.000280663
         845   -0.448928   -0.444173 0.000280387
         846   -0.431768   -0.444158 0.000280439
         847    -0.42934   -0.444141 0.000280653
         848   -0.435356    -0.44413 0.000280513
         849   -0.449064   -0.444136 0.000280243
         850   -0.450698   -0.444144  0.00028002
         851   -0.451607   -0.444153 0.000279828
         852   -0.451041   -0.444161 0.000279616
         853   -0.447887   -0.444165 0.000279322
         854   -0.447334   -0.444169  0.00027902
         855   -0.450281   -0.444176 0.000278785
         856   -0.435534   -0.444166 0.000278642
         857   -0.447439    -0.44417 0.000278343
         858   -0.453846   -0.444181 0.000278247
         859   -0.459542   -0.444199 0.000278497
         860   -0.441554   -0.444196 0.000278191
         861   -0.452699   -0.444205 0.000278043
         862   -0.452527   -0.444215 0.000277888
         863   -0.445101   -0.444216 0.000277568
         864   -0.447643    -0.44422 0.000277275
         865   -0.440615   -0.444216 0.000276985
         866   -0.445562   -0.444218  0.00027667
         867   -0.444392   -0.444218 0.000276351
         868    -0.45295   -0.444228 0.000276216
         869   -0.462007   -0.444248 0.000276654
         870   -0.434328   -0.444237 0.000276571
         871   -0.445796   -0.444239  0.00027626
         872   -0.464499   -0.444262 0.000276918
         873   -0.443614   -0.444261 0.000276602
         874   -0.435019   -0.444251 0.000276487
         875    -0.43984   -0.444246 0.000276217
         876   -0.444481   -0.444246 0.000275902
         877   -0.455515   -0.444259 0.000275887
         878   -0.449297   -0.444264 0.000275632
         879   -0.435066   -0.444254 0.000275517
         880   -0.454133   -0.444265 0.000275433
         881   -0.444973   -0.444266 0.000275121
         882   -0.447007   -0.444269 0.000274827
         883   -0.443657   -0.444268 0.000274516
         884   -0.445076   -0.444269 0.000274207
         885   -0.442512   -0.444267 0.000273905
         886   -0.433428   -0.444255 0.000273869
         887   -0.439753    -0.44425 0.000273607
         888   -0.437439   -0.444242 0.000273406
         889   -0.428554   -0.444225 0.000273668
         890   -0.452763   -0.444234 0.000273528
         891   -0.447852   -0.444238 0.000273251
         892   -0.451163   -0.444246 0.000273055
         893   -0.448611   -0.444251 0.000272793
         894   -0.451561   -0.444259 0.000272611
         895   -0.452315   -0.444268 0.000272455
         896   -0.449863   -0.444274 0.000272222
         897   -0.432315   -0.444261 0.000272245
         898   -0.436411   -0.444252 0.000272082
         899   -0.447201   -0.444256 0.000271799
         900   -0.436763   -0.444247 0.000271625
         901   -0.441293   -0.444244 0.000271343
         902   -0.431058   -0.444229 0.000271436
         903   -0.448549   -0.444234 0.000271177
         904   -0.442415   -0.444232 0.000270885
         905   -0.443384   -0.444231 0.000270587
         906   -0.451583   -0.444239  0.00027041
         907   -0.441219   -0.444236 0.000270132
         908   -0.445393   -0.444237 0.000269838
         909   -0.445705   -0.444239 0.000269546
         910   -0.433973   -0.444228 0.000269486
         911   -0.440306   -0.444223 0.000269224
         912   -0.450126    -0.44423 0.000269007
         913    -0.44353   -0.444229 0.000268713
         914   -0.448534   -0.444234 0.000268461
         915   -0.450771   -0.444241 0.000268262
         916   -0.436557   -0.444232   0.0002681
         917   -0.439012   -0.444227 0.000267868
         918   -0.446284   -0.444229 0.000267586
         919   -0.448879   -0.444234 0.000267343
         920   -0.446287   -0.444236 0.000267061
         921   -0.453177   -0.444246 0.000266948
         922   -0.445325   -0.444247 0.000266661
         923   -0.443588   -0.444246 0.000266373
         924   -0.441992   -0.444244 0.000266096
         925   -0.433094   -0.444232 0.000266081
         926   -0.451601    -0.44424 0.000265913
         927   -0.446275   -0.444242 0.000265635
         928   -0.439847   -0.444237 0.000265391
         929   -0.449898   -0.444243 0.000265175
         930   -0.435983   -0.444235 0.000265039
         931   -0.427615   -0.444217 0.000265355
         932   -0.444836   -0.444217 0.000265071
         933   -0.438354   -0.444211 0.000264861
         934   -0.434616   -0.444201 0.000264777
         935   -0.436889   -0.444193 0.000264609
         936   -0.443083   -0.444192 0.000264329
         937   -0.442736    -0.44419 0.000264051
         938   -0.431633   -0.444177 0.000264109
         939   -0.437186   -0.444169 0.000263933
         940   -0.440133   -0.444165 0.000263687
         941   -0.443278   -0.444164 0.000263408
         942   -0.447499   -0.444168 0.000263152
         943   -0.447667   -0.444171 0.000262899
         944   -0.425505   -0.444152 0.000263364
         945   -0.447528   -0.444155 0.000263109
         946    -0.44492   -0.444156 0.000262832
         947   -0.455566   -0.444168 0.000262831
         948   -0.451202   -0.444176 0.000262658
         949    -0.44015   -0.444171 0.000262416
         950   -0.434266   -0.444161 0.000262346
         951   -0.448466   -0.444165  0.00026211
         952   -0.444264   -0.444166 0.000261834
         953   -0.453888   -0.444176 0.000261758
         954   -0.435151   -0.444166 0.000261655
         955   -0.448023    -0.44417 0.000261412
         956   -0.439917   -0.444166 0.000261176
         957   -0.443491   -0.444165 0.000260904
         958   -0.454621   -0.444176  0.00026086
         959   -0.448547   -0.444181 0.000260628
         960   -0.434314    -0.44417 0.000260559
         961   -0.450007   -0.444176 0.000260359
         962   -0.435014   -0.444167 0.000260262
         963   -0.457563   -0.444181 0.000260363
         964   -0.435282   -0.444172 0.000260257
         965   -0.453299   -0.444181 0.000260159
         966   -0.443092    -0.44418 0.000259892
         967   -0.458634   -0.444195 0.000260053
         968   -0.443671   -0.444194 0.000259785
         969   -0.434038   -0.444184 0.000259728
         970   -0.451368   -0.444191 0.000259566
         971   -0.465048   -0.444213 0.000260186
         972   -0.438073   -0.444206 0.000259995
         973   -0.437283   -0.444199 0.000259825
         974    -0.45092   -0.444206  0.00025965
         975   -0.449715   -0.444212 0.000259445
         976   -0.440084   -0.444208 0.000259214
         977   -0.452397   -0.444216 0.000259084
         978   -0.448275    -0.44422 0.000258852
         979   -0.443826    -0.44422 0.000258588
         980   -0.455522   -0.444231 0.000258581
         981   -0.459993   -0.444247 0.000258816
         982   -0.425114   -0.444228 0.000259285
         983   -0.438134   -0.444222 0.000259095
         984   -0.455523   -0.444233 0.000259087
         985   -0.450536    -0.44424 0.000258903
         986   -0.445129    -0.44424 0.000258642
         987   -0.451318   -0.444248 0.000258479
         988   -0.453331   -0.444257 0.000258381
         989   -0.442861   -0.444255 0.000258123
         990   -0.443391   -0.444255 0.000257864
         991   -0.445075   -0.444255 0.000257605
         992   -0.433789   -0.444245 0.000257561
         993   -0.435657   -0.444236 0.000257447
         994   -0.442302   -0.444234 0.000257196
         995   -0.460091    -0.44425  0.00025743
         996   -0.444729   -0.444251 0.000257172
         997   -0.446377   -0.444253 0.000256923
         998   -0.441972    -0.44425 0.000256676
         999   -0.445622   -0.444252 0.000256423
        1000   -0.451064   -0.444259 0.000256257
        1001   -0.451355   -0.444266 0.000256099
        1002   -0.437564   -0.444259 0.000255931
        1003   -0.444747    -0.44426 0.000255676
        1004   -0.443136   -0.444258 0.000255424
        1005     -0.4559    -0.44427 0.000255432
        1006   -0.439715   -0.444265 0.000255218
        1007   -0.439012    -0.44426 0.000255018
        1008   -0.444417    -0.44426 0.000254765
        1009   -0.448204   -0.444264 0.000254543
        1010   -0.446329   -0.444266 0.000254299
        1011   -0.448122    -0.44427 0.000254076
        1012   -0.447491   -0.444273 0.000253845
        1013   -0.452748   -0.444282 0.000253732
        1014   -0.445199   -0.444283 0.000253483
        1015   -0.443185   -0.444282 0.000253236
        1016   -0.459011   -0.444296 0.000253401
        1017   -0.450068   -0.444302 0.000253216
        1018   -0.442485     -0.4443 0.000252973
        1019   -0.443075   -0.444299 0.000252728
        1020   -0.437913   -0.444292 0.000252558
        1021    -0.44016   -0.444288 0.000252343
        1022   -0.445236   -0.444289 0.000252097
        1023   -0.432924   -0.444278 0.000252096
        1024   -0.448985   -0.444283 0.000251891
        1025   -0.436811   -0.444276 0.000251751
        1026   -0.437435   -0.444269 0.000251594
        1027    -0.44519    -0.44427 0.000251351
        1028   -0.442535   -0.444268 0.000251112
        1029   -0.433154   -0.444257   0.0002511
        1030    -0.46326   -0.444276 0.000251533
        1031   -0.448962    -0.44428  0.00025133
        1032   -0.428529   -0.444265  0.00025155
        1033   -0.456133   -0.444277 0.000251568
        1034   -0.444205   -0.444276 0.000251325
        1035   -0.449219   -0.444281 0.000251128
        1036   -0.438461   -0.444276 0.000250948
        1037   -0.453888   -0.444285 0.000250877
        1038   -0.432167   -0.444273 0.000250907
        1039   -0.437129   -0.444266  0.00025076
        1040   -0.460226   -0.444282 0.000250988
        1041   -0.432109    -0.44427 0.000251019
        1042   -0.439333   -0.444265 0.000250823
        1043   -0.454844   -0.444275 0.000250787
        1044   -0.433818   -0.444265 0.000250747
        1045   -0.440368   -0.444262 0.000250535
        1046   -0.446933   -0.444264 0.000250308
        1047   -0.442772   -0.444263 0.000250073
        1048   -0.439118   -0.444258 0.000249883
        1049   -0.439134   -0.444253 0.000249692
        1050   -0.424374   -0.444234 0.000250171
        1051   -0.445813   -0.444236 0.000249938
        1052   -0.454882   -0.444246 0.000249905
        1053   -0.449708   -0.444251 0.000249721
        1054   -0.447994   -0.444254  0.00024951
        1055   -0.452133   -0.444262 0.000249385
        1056   -0.448989   -0.444266 0.000249189
        1057   -0.447238   -0.444269 0.000248969
        1058   -0.437461   -0.444263 0.000248817
        1059   -0.448609   -0.444267 0.000248616
        1060   -0.457789    -0.44428 0.000248708
        1061   -0.453434   -0.444288 0.000248623
        1062   -0.437523   -0.444282 0.000248471
        1063   -0.445488   -0.444283  0.00024824
        1064   -0.446103   -0.444285 0.000248012
        1065   -0.449546    -0.44429 0.000247829
        1066   -0.440817   -0.444286 0.000247618
        1067   -0.444452   -0.444287 0.000247386
        1068   -0.446836   -0.444289 0.000247165
        1069   -0.451418   -0.444296 0.000247024
        1070   -0.443238   -0.444295 0.000246795
        1071   -0.449674     -0.4443 0.000246616
        1072   -0.456825   -0.444311 0.000246663
        1073   -0.449898   -0.444316 0.000246488
        1074   -0.447084   -0.444319 0.000246272
        1075   -0.439086   -0.444314 0.000246091
        1076    -0.43293   -0.444304 0.000246089
        1077   -0.464639   -0.444322 0.000246584
        1078   -0.453582   -0.444331 0.000246505
        1079   -0.421565    -0.44431 0.000247178
        1080   -0.452227   -0.444317 0.000247058
        1081   -0.437792   -0.444311 0.000246903
        1082    -0.43987   -0.444307 0.000246709
        1083   -0.433591   -0.444297 0.000246679
        1084   -0.425842    -0.44428 0.000247039
        1085   -0.442183   -0.444278 0.000246818
        1086   -0.440315   -0.444275 0.000246618
        1087   -0.436766   -0.444268 0.000246488
        1088   -0.440979   -0.444265  0.00024628
        1089   -0.457217   -0.444277 0.000246341
        1090   -0.444445   -0.444277 0.000246115
        1091   -0.430479   -0.444264 0.000246214
        1092   -0.446573   -0.444266 0.000245998
        1093   -0.435069   -0.444258 0.000245916
        1094   -0.449824   -0.444263 0.000245744
        1095   -0.448634   -0.444267 0.000245552
        1096   -0.453187   -0.444275 0.000245463
        1097   -0.435089   -0.444267 0.000245382
        1098   -0.447974    -0.44427 0.000245182
        1099   -0.446175   -0.444272 0.000244965
        1100   -0.452038   -0.444279 0.000244844
        1101   -0.445466    -0.44428 0.000244624
        1102   -0.436671   -0.444273 0.000244499
        1103   -0.451086   -0.444279 0.000244356
        1104    -0.44729   -0.444282  0.00024415
        1105   -0.437737   -0.444276    0.000244
        1106   -0.444552   -0.444276  0.00024378
        1107   -0.435165   -0.444268 0.000243699
        1108   -0.455562   -0.444278 0.000243692
        1109   -0.443485   -0.444278 0.000243473
        1110   -0.452532   -0.444285 0.000243367
        1111   -0.446524   -0.444287 0.000243157
        1112   -0.439133   -0.444282 0.000242982
        1113   -0.441271    -0.44428 0.000242779
        1114   -0.445443   -0.444281 0.000242563
        1115   -0.444347   -0.444281 0.000242346
        1116   -0.443235    -0.44428  0.00024213
        1117   -0.433767    -0.44427 0.000242096
        1118    -0.44084   -0.444267 0.000241899
        1119   -0.438512   -0.444262 0.000241738
        1120   -0.451555   -0.444269  0.00024161
        1121   -0.447664   -0.444272 0.000241413
        1122   -0.450849   -0.444278 0.000241269
        1123    -0.44408   -0.444277 0.000241054
        1124   -0.450776   -0.444283 0.000240909
        1125   -0.452731   -0.444291 0.000240812
        1126   -0.452323   -0.444298 0.000240704
        1127   -0.455594   -0.444308 0.000240699
        1128   -0.454372   -0.444317 0.000240651
        1129   -0.439216   -0.444312  0.00024048
        1130   -0.447381   -0.444315 0.000240282
        1131   -0.452969   -0.444323 0.000240192
        1132   -0.438904   -0.444318 0.000240027
        1133   -0.437335   -0.444312 0.000239895
        1134   -0.442426    -0.44431 0.000239689
        1135   -0.447132   -0.444312  0.00023949
        1136   -0.442626   -0.444311 0.000239284
        1137   -0.449433   -0.444316 0.000239116
        1138   -0.453305   -0.444323 0.000239037
        1139   -0.447406   -0.444326 0.000238842
        1140   -0.423435   -0.444308 0.000239334
        1141   -0.446029   -0.444309 0.000239129
        1142   -0.436475   -0.444302 0.000239018
        1143   -0.442674   -0.444301 0.000238814
        1144   -0.437717   -0.444295 0.000238674
        1145   -0.444765   -0.444296 0.000238466
        1146   -0.412129   -0.444268 0.000239904
        1147   -0.440332   -0.444264  0.00023972
        1148   -0.440906   -0.444261 0.000239529
        1149    -0.44311    -0.44426 0.000239322
        1150   -0.436215   -0.444253 0.000239216
        1151   -0.442217   -0.444251 0.000239015
        1152   -0.449138   -0.444256 0.000238845
        1153   -0.441486   -0.444253  0.00023865
        1154   -0.442967   -0.444252 0.000238446
        1155   -0.436667   -0.444246  0.00023833
        1156   -0.439781   -0.444242 0.000238155
        1157   -0.429324   -0.444229 0.000238298
        1158   -0.434928   -0.444221 0.000238227
        1159   -0.448922   -0.444225 0.000238056
        1160   -0.455238   -0.444234 0.000238041
        1161    -0.44934   -0.444239 0.000237876
        1162   -0.441449   -0.444236 0.000237684
        1163    -0.43924   -0.444232 0.000237518
        1164   -0.442254    -0.44423  0.00023732
        1165   -0.440949   -0.444228 0.000237133
        1166   -0.450763   -0.444233 0.000236996
        1167   -0.432093   -0.444223 0.000237021
        1168   -0.458994   -0.444235 0.000237155
        1169   -0.448977   -0.444239 0.000236987
        1170   -0.448323   -0.444243  0.00023681
        1171   -0.434463   -0.444235 0.000236755
        1172   -0.440239   -0.444231 0.000236578
        1173   -0.449979   -0.444236 0.000236427
        1174   -0.446692   -0.444238 0.000236235
        1175   -0.455075   -0.444247 0.000236214
        1176   -0.440577   -0.444244 0.000236033
        1177   -0.438552   -0.444239 0.000235882
        1178   -0.446291   -0.444241 0.000235689
        1179   -0.432482   -0.444231   0.0002357
        1180   -0.443012    -0.44423 0.000235502
        1181   -0.438094   -0.444225  0.00023536
        1182    -0.45159   -0.444231 0.000235243
        1183   -0.451969   -0.444238 0.000235135
        1184   -0.450003   -0.444243 0.000234987
        1185    -0.44089    -0.44424 0.000234806
        1186   -0.450602   -0.444245 0.000234669
        1187   -0.450421    -0.44425 0.000234529
        1188   -0.458132   -0.444262 0.000234623
        1189   -0.429282   -0.444249 0.000234763
        1190   -0.434557   -0.444241 0.000234707
        1191   -0.450068   -0.444246 0.000234561
        1192   -0.444635   -0.444247 0.000234365
        1193   -0.454444   -0.444255 0.000234324
        1194   -0.444278   -0.444255 0.000234128
        1195    -0.44955    -0.44426 0.000233974
        1196   -0.439785   -0.444256 0.000233808
        1197   -0.434707   -0.444248 0.000233749
        1198   -0.450921   -0.444253  0.00023362
        1199   -0.430367   -0.444242 0.000233712
        1200   -0.451044   -0.444247 0.000233586
        1201   -0.430494   -0.444236 0.000233672
        1202   -0.459145   -0.444248 0.000233807
        1203   -0.438955   -0.444244 0.000233654
        1204   -0.442706   -0.444243 0.000233463
        1205   -0.449159   -0.444247 0.000233305
        1206   -0.438914   -0.444242 0.000233153
        1207   -0.440456   -0.444239 0.000232981
        1208   -0.443572   -0.444239 0.000232789
        1209   -0.438842   -0.444234 0.000232639
        1210    -0.45591   -0.444244 0.000232647
        1211   -0.431445   -0.444233 0.000232695
        1212   -0.444282   -0.444233 0.000232503
        1213   -0.449696   -0.444238 0.000232355
        1214   -0.439381   -0.444234 0.000232198
        1215   -0.460023   -0.444247  0.00023237
        1216   -0.435509    -0.44424  0.00023229
        1217   -0.446739   -0.444242 0.000232108
        1218   -0.454822    -0.44425  0.00023208
        1219   -0.440188   -0.444247 0.000231914
        1220   -0.437751   -0.444242 0.000231785
        1221   -0.444325   -0.444242 0.000231595
        1222   -0.443757   -0.444241 0.000231406
        1223   -0.431434   -0.444231 0.000231454
        1224   -0.432816   -0.444222 0.000231452
        1225   -0.442207    -0.44422 0.000231269
        1226   -0.455202   -0.444229 0.000231254
        1227   -0.447956   -0.444232 0.000231085
        1228   -0.440388   -0.444229 0.000230918
        1229    -0.44323   -0.444228 0.000230732
        1230   -0.450515   -0.444233 0.000230601
        1231   -0.441401   -0.444231 0.000230425
        1232   -0.440584   -0.444228 0.000230257
        1233   -0.444278   -0.444228  0.00023007
        1234   -0.429754   -0.444216 0.000230183
        1235   -0.438733   -0.444212 0.000230039
        1236   -0.448232   -0.444215 0.000229876
        1237   -0.441275   -0.444213 0.000229703
        1238   -0.435527   -0.444206 0.000229624
        1239   -0.445989   -0.444207 0.000229443
        1240   -0.449507   -0.444211 0.000229298
        1241   -0.447036   -0.444214 0.000229125
        1242    -0.43162   -0.444203 0.000229164
        1243    -0.44037     -0.4442 0.000229001
        1244   -0.436795   -0.444194 0.000228894
        1245   -0.441024   -0.444192 0.000228724
        1246   -0.438557   -0.444187 0.000228585
        1247   -0.443591   -0.444187 0.000228403
        1248   -0.445678   -0.444188 0.000228223
        1249    -0.44688    -0.44419  0.00022805
        1250   -0.444525   -0.444191 0.000227868
        1251   -0.440479   -0.444188 0.000227705
        1252   -0.455682   -0.444197 0.000227708
        1253   -0.445494   -0.444198 0.000227529
        1254   -0.453906   -0.444206 0.000227479
        1255   -0.448622   -0.444209 0.000227325
        1256   -0.443476   -0.444208 0.000227145
        1257   -0.442822   -0.444207 0.000226967
        1258   -0.446498   -0.444209 0.000226794
        1259   -0.447747   -0.444212 0.000226631
        1260   -0.455999   -0.444221 0.000226644
        1261   -0.440243   -0.444218 0.000226486
        1262   -0.448938   -0.444222 0.000226338
        1263   -0.453371   -0.444229 0.000226274
        1264    -0.43715   -0.444224 0.000226165
        1265   -0.450214   -0.444228 0.000226035
        1266   -0.441403   -0.444226 0.000225868
        1267    -0.45134   -0.444232 0.000225759
        1268   -0.446973   -0.444234 0.000225592
        1269   -0.443483   -0.444233 0.000225415
        1270   -0.446147   -0.444235 0.000225242
        1271   -0.448707   -0.444238 0.000225093
        1272   -0.455368   -0.444247 0.000225086
        1273   -0.443624   -0.444247 0.000224909
        1274   -0.443804   -0.444246 0.000224733
        1275   -0.444938   -0.444247 0.000224557
        1276   -0.450991   -0.444252 0.000224444
        1277   -0.443239   -0.444251 0.000224269
        1278   -0.445048   -0.444252 0.000224095
        1279   -0.438507   -0.444247 0.000223965
        1280   -0.435364    -0.44424 0.000223897
        1281   -0.448768   -0.444244  0.00022375
        1282   -0.444619   -0.444244 0.000223576
        1283   -0.454966   -0.444253 0.000223558
        1284   -0.453071   -0.444259 0.000223489
        1285   -0.449913   -0.444264 0.000223358
        1286     -0.4365   -0.444258 0.000223266
        1287   -0.445505   -0.444259 0.000223095
        1288   -0.453064   -0.444266 0.000223026
        1289   -0.438979   -0.444262 0.000222891
        1290   -0.438271   -0.444257 0.000222767
        1291   -0.446125   -0.444258 0.000222599
        1292   -0.449797   -0.444263 0.000222468
        1293   -0.444524   -0.444263 0.000222296
        1294   -0.451211   -0.444268 0.000222189
        1295   -0.451767   -0.444274 0.000222093
        1296   -0.444303   -0.444274 0.000221921
        1297   -0.454209   -0.444282 0.000221882
        1298    -0.45541    -0.44429 0.000221877
        1299    -0.45209   -0.444296 0.000221788
        1300    -0.44532   -0.444297 0.000221618
        1301   -0.444111   -0.444297 0.000221448
        1302   -0.440772   -0.444294 0.000221295
        1303   -0.450927   -0.444299 0.000221183
        1304   -0.445017     -0.4443 0.000221014
        1305    -0.45313   -0.444307 0.000220948
        1306   -0.440815   -0.444304 0.000220795
        1307   -0.441909   -0.444302 0.000220634
        1308   -0.436278   -0.444296 0.000220551
        1309   -0.453836   -0.444303 0.000220503
        1310   -0.439312   -0.444299 0.000220367
        1311   -0.433249   -0.444291  0.00022036
        1312   -0.438558   -0.444287 0.000220236
        1313   -0.437636   -0.444282 0.000220126
        1314   -0.433076   -0.444273 0.000220124
        1315   -0.451886   -0.444279 0.000220032
        1316   -0.445341    -0.44428 0.000219867
        1317   -0.439012   -0.444276 0.000219736
        1318   -0.452435   -0.444282 0.000219657
        1319   -0.436162   -0.444276 0.000219576
        1320   -0.457956   -0.444286 0.000219654
        1321   -0.451211   -0.444291 0.000219551
        1322    -0.45345   -0.444298 0.000219494
        1323    -0.45151   -0.444304 0.000219396
        1324   -0.442173   -0.444302 0.000219236
        1325    -0.44069   -0.444299 0.000219087
        1326   -0.444024   -0.444299 0.000218922
        1327   -0.442872   -0.444298  0.00021876
        1328    -0.44645     -0.4443 0.000218601
        1329   -0.439272   -0.444296 0.000218469
        1330    -0.43705    -0.44429 0.000218373
        1331   -0.431549   -0.444281 0.000218419
        1332   -0.450372   -0.444285 0.000218303
        1333   -0.441276   -0.444283 0.000218151
        1334   -0.444923   -0.444284 0.000217988
        1335   -0.441059   -0.444281 0.000217838
        1336   -0.444427   -0.444281 0.000217675
        1337   -0.455202    -0.44429 0.000217665
        1338   -0.447482   -0.444292 0.000217515
        1339   -0.450026   -0.444296 0.000217395
        1340   -0.453213   -0.444303 0.000217335
        1341   -0.451804   -0.444308 0.000217245
        1342   -0.450887   -0.444313 0.000217138
        1343   -0.454955   -0.444321 0.000217121
        1344    -0.43895   -0.444317 0.000216996
        1345   -0.439296   -0.444314 0.000216867
        1346   -0.457457   -0.444323 0.000216926
        1347   -0.443212   -0.444322 0.000216766
        1348   -0.445412   -0.444323 0.000216607
        1349   -0.446791   -0.444325 0.000216454
        1350   -0.432198   -0.444316  0.00021648
        1351   -0.434404   -0.444309 0.000216444
        1352    -0.44649    -0.44431  0.00021629
        1353   -0.445972   -0.444312 0.000216134
        1354   -0.439985   -0.444308 0.000215998
        1355    -0.43915   -0.444305 0.000215872
        1356   -0.449054   -0.444308 0.000215741
        1357   -0.436883   -0.444303 0.000215651
        1358   -0.441078     -0.4443 0.000215506
        1359   -0.431611   -0.444291 0.000215549
        1360   -0.437513   -0.444286 0.000215448
        1361   -0.412559   -0.444263 0.000216547
        1362   -0.437272   -0.444258 0.000216449
        1363   -0.436129   -0.444252 0.000216373
        1364   -0.444784   -0.444252 0.000216214
        1365   -0.434019   -0.444244 0.000216186
        1366   -0.445349   -0.444245 0.000216029
        1367    -0.44863   -0.444248 0.000215895
        1368   -0.442956   -0.444248 0.000215739
        1369   -0.434367    -0.44424 0.000215702
        1370    -0.44624   -0.444242  0.00021555
        1371   -0.439229   -0.444238 0.000215424
        1372   -0.440127   -0.444235 0.000215287
        1373   -0.446479   -0.444237 0.000215137
        1374   -0.457156   -0.444246 0.000215186
        1375   -0.451542   -0.444251 0.000215094
        1376   -0.431345   -0.444242 0.000215143
        1377   -0.456424   -0.444251 0.000215168
        1378   -0.440941   -0.444249 0.000215025
        1379   -0.444835   -0.444249  0.00021487
        1380   -0.439021   -0.444245 0.000214748
        1381    -0.44791   -0.444248 0.000214608
        1382   -0.444443   -0.444248 0.000214453
        1383   -0.446274   -0.444249 0.000214303
        1384   -0.436537   -0.444244 0.000214221
        1385   -0.434519   -0.444237 0.000214181
        1386   -0.450464   -0.444241 0.000214074
        1387   -0.442067    -0.44424 0.000213925
        1388   -0.442141   -0.444238 0.000213776
        1389   -0.448904   -0.444242 0.000213649
        1390   -0.434388   -0.444234 0.000213613
        1391   -0.444614   -0.444235 0.000213459
        1392   -0.439364   -0.444231 0.000213335
        1393   -0.444768   -0.444232 0.000213182
        1394   -0.453641   -0.444238 0.000213136
        1395   -0.437977   -0.444234  0.00021303
        1396   -0.449679   -0.444238 0.000212913
        1397   -0.455798   -0.444246 0.000212922
        1398   -0.438195   -0.444242 0.000212813
        1399   -0.443688   -0.444241 0.000212662
        1400   -0.454371   -0.444249 0.000212633
        1401   -0.445385   -0.444249 0.000212482
        1402   -0.432944   -0.444241 0.000212484
        1403   -0.456157    -0.44425 0.000212502
        1404   -0.457712   -0.444259 0.000212567
        1405   -0.453419   -0.444266 0.000212516
        1406   -0.465199   -0.444281 0.000212885
        1407   -0.445211   -0.444282 0.000212735
        1408   -0.447423   -0.444284 0.000212596
        1409   -0.451491   -0.444289 0.000212506
        1410   -0.449058   -0.444292 0.000212383
        1411   -0.445463   -0.444293 0.000212234
        1412   -0.444221   -0.444293 0.000212083
        1413   -0.439196   -0.444289 0.000211964
        1414   -0.447521   -0.444292 0.000211826
        1415   -0.445228   -0.444292 0.000211678
        1416   -0.450993   -0.444297 0.000211581
        1417   -0.445208   -0.444298 0.000211433
        1418   -0.438168   -0.444293 0.000211328
        1419   -0.442848   -0.444292 0.000211181
        1420    -0.43646   -0.444287 0.000211105
        1421   -0.453553   -0.444293 0.000211057
        1422   -0.458143   -0.444303 0.000211133
        1423   -0.448395   -0.444306 0.000211004
        1424   -0.443357   -0.444305 0.000210857
        1425   -0.444797   -0.444306 0.000210709
        1426   -0.450623    -0.44431 0.000210608
        1427   -0.453012   -0.444316 0.000210549
        1428   -0.449702    -0.44432 0.000210435
        1429   -0.458562    -0.44433 0.000210524
        1430   -0.444213    -0.44433 0.000210377
        1431   -0.434008   -0.444323 0.000210353
        1432   -0.452078   -0.444328 0.000210276
        1433   -0.444704   -0.444328 0.000210129
        1434   -0.432531    -0.44432 0.000210144
        1435   -0.434687   -0.444313 0.000210105
        1436   -0.433608   -0.444306 0.000210091
        1437   -0.437215   -0.444301 0.000210002
        1438   -0.429222   -0.444291 0.000210118
        1439   -0.438473   -0.444286 0.000210011
        1440   -0.430768   -0.444277 0.000210075
        1441   -0.446587   -0.444279 0.000209935
        1442   -0.444119   -0.444279 0.000209789
        1443   -0.441687   -0.444277 0.000209652
        1444   -0.439405   -0.444273 0.000209534
        1445   -0.437195   -0.444269 0.000209446
        1446   -0.449595   -0.444272 0.000209333
        1447    -0.44774   -0.444275 0.000209202
        1448    -0.44969   -0.444278 0.000209091
        1449    -0.44186   -0.444277 0.000208954
        1450   -0.458786   -0.444287 0.000209049
        1451   -0.436631   -0.444281 0.000208972
        1452   -0.444844   -0.444282 0.000208828
        1453   -0.441343    -0.44428 0.000208694
        1454   -0.431714   -0.444271 0.000208729
        1455   -0.443252    -0.44427 0.000208587
        1456   -0.436594   -0.444265 0.000208511
        1457   -0.444005   -0.444265 0.000208368
        1458   -0.433896   -0.444258 0.000208346
        1459    -0.44576   -0.444259 0.000208206
        1460   -0.441674   -0.444257 0.000208071
        1461   -0.451751   -0.444262 0.000207991
        1462   -0.452349   -0.444268 0.000207923
        1463    -0.43412   -0.444261 0.000207896
        1464   -0.447683   -0.444263 0.000207767
        1465   -0.439078    -0.44426 0.000207656
        1466   -0.438586   -0.444256  0.00020755
        1467   -0.444652   -0.444256 0.000207409
        1468   -0.445094   -0.444257 0.000207268
        1469   -0.448474   -0.444259 0.000207147
        1470   -0.436382   -0.444254 0.000207075
        1471    -0.43678   -0.444249 0.000206997
        1472     -0.4345   -0.444242 0.000206962
        1473    -0.45848   -0.444252 0.000207047
        1474   -0.436794   -0.444247 0.000206969
        1475   -0.447264   -0.444249 0.000206839
        1476   -0.443548   -0.444249 0.000206699
        1477   -0.443241   -0.444248  0.00020656
        1478   -0.442826   -0.444247 0.000206423
        1479   -0.457169   -0.444256 0.000206468
        1480   -0.445846   -0.444257 0.000206331
        1481   -0.448974    -0.44426 0.000206216
        1482   -0.439676   -0.444257   0.0002061
        1483   -0.436227   -0.444251 0.000206033
        1484   -0.448089   -0.444254  0.00020591
        1485   -0.443011   -0.444253 0.000205773
        1486   -0.446389   -0.444255  0.00020564
        1487   -0.441708   -0.444253 0.000205508
        1488   -0.424937    -0.44424  0.00020578
        1489   -0.428078   -0.444229 0.000205928
        1490   -0.441459   -0.444227 0.000205798
        1491   -0.454308   -0.444234 0.000205771
        1492   -0.436108   -0.444229 0.000205705
        1493    -0.44754   -0.444231 0.000205579
        1494   -0.441385   -0.444229  0.00020545
        1495    -0.45308   -0.444235 0.000205398
        1496   -0.449238   -0.444238 0.000205288
        1497   -0.439098   -0.444235  0.00020518
        1498   -0.438537   -0.444231 0.000205078
        1499   -0.443614    -0.44423 0.000204942
        1500   -0.454423   -0.444237 0.000204918
        1501   -0.451612   -0.444242  0.00020484
        1502   -0.436753   -0.444237 0.000204764
        1503   -0.435093   -0.444231 0.000204719
        1504   -0.450335   -0.444235 0.000204623
        1505    -0.44239   -0.444234  0.00020449
        1506   -0.454749   -0.444241 0.000204474
        1507   -0.448184   -0.444244 0.000204355
        1508   -0.456727   -0.444252 0.000204387
        1509   -0.438085   -0.444248 0.000204292
        1510   -0.453009   -0.444254 0.000204239
        1511   -0.440752   -0.444251 0.000204117
        1512   -0.459894   -0.444262 0.000204244
        1513   -0.433894   -0.444255 0.000204224
        1514   -0.455308   -0.444262  0.00020422
        1515   -0.446442   -0.444263  0.00020409
        1516   -0.439297    -0.44426 0.000203982
        1517   -0.450162   -0.444264 0.000203884
        1518    -0.42744   -0.444253 0.000204051
        1519   -0.456613   -0.444261 0.000204079
        1520   -0.459258   -0.444271 0.000204183
        1521   -0.452381   -0.444276 0.000204118
        1522   -0.439712   -0.444273 0.000204006
        1523   -0.437033   -0.444269 0.000203928
        1524   -0.447036    -0.44427 0.000203802
        1525    -0.42977   -0.444261  0.00020389
        1526    -0.44991   -0.444265  0.00020379
        1527   -0.450976   -0.444269 0.000203704
        1528   -0.439563   -0.444266 0.000203594
        1529   -0.441455   -0.444264 0.000203469
        1530   -0.446904   -0.444266 0.000203343
        1531   -0.446097   -0.444267 0.000203214
        1532   -0.450233   -0.444271 0.000203119
        1533   -0.447727   -0.444273 0.000202999
        1534   -0.438557   -0.444269 0.000202901
        1535   -0.447042   -0.444271 0.000202777
        1536   -0.445276   -0.444272 0.000202646
        1537   -0.452553   -0.444277 0.000202585
        1538   -0.440349   -0.444275  0.00020247
        1539   -0.457083   -0.444283 0.000202509
        1540   -0.444284   -0.444283 0.000202378
        1541   -0.450137   -0.444287 0.000202282
        1542    -0.44363   -0.444286 0.000202151
        1543    -0.44154   -0.444285 0.000202028
        1544   -0.444822   -0.444285 0.000201898
        1545   -0.445049   -0.444285 0.000201767
        1546   -0.442212   -0.444284 0.000201641
        1547   -0.449671   -0.444288 0.000201541
        1548   -0.456666   -0.444296  0.00020157
        1549   -0.437665   -0.444291 0.000201485
        1550   -0.433032   -0.444284 0.000201486
        1551    -0.44056   -0.444282  0.00020137
        1552   -0.441139    -0.44428 0.000201251
        1553   -0.442896   -0.444279 0.000201123
        1554   -0.441221   -0.444277 0.000201003
        1555   -0.448537   -0.444279 0.000200893
        1556     -0.4434   -0.444279 0.000200764
        1557   -0.444242   -0.444279 0.000200635
        1558    -0.43673   -0.444274 0.000200565
        1559   -0.442309   -0.444273  0.00020044
        1560   -0.440919   -0.444271 0.000200323
        1561   -0.449246   -0.444274  0.00020022
        1562   -0.457415   -0.444282 0.000200269
        1563   -0.436859   -0.444277 0.000200197
        1564   -0.438433   -0.444274 0.000200104
        1565    -0.43175   -0.444266 0.000200136
        1566   -0.438147   -0.444262 0.000200046
        1567   -0.450504   -0.444266 0.000199958
        1568   -0.436588   -0.444261 0.000199891
        1569   -0.445034   -0.444261 0.000199764
        1570   -0.440009   -0.444259 0.000199655
        1571   -0.442739   -0.444258  0.00019953
        1572   -0.431463    -0.44425 0.000199569
        1573   -0.447795   -0.444252 0.000199455
        1574    -0.43939   -0.444249 0.000199352
        1575    -0.43677   -0.444244 0.000199282
        1576   -0.451939   -0.444249 0.000199216
        1577   -0.432471   -0.444241 0.000199229
        1578    -0.43203   -0.444234 0.000199253
        1579   -0.449791   -0.444237 0.000199158
        1580   -0.437869   -0.444233 0.000199073
        1581    -0.44393   -0.444233 0.000198947
        1582   -0.445409   -0.444234 0.000198823
        1583   -0.433558   -0.444227 0.000198812
        1584   -0.434581   -0.444221 0.000198779
        1585   -0.449767   -0.444224 0.000198685
        1586   -0.445966   -0.444226 0.000198562
        1587   -0.437404   -0.444221 0.000198484
        1588   -0.460311   -0.444231 0.000198617
        1589   -0.440871   -0.444229 0.000198504
        1590    -0.43142   -0.444221 0.000198542
        1591    -0.44741   -0.444223 0.000198427
        1592   -0.452028   -0.444228 0.000198363
        1593   -0.444173   -0.444228 0.000198239
        1594   -0.456659   -0.444236 0.000198268
        1595   -0.443095   -0.444235 0.000198145
        1596   -0.451962    -0.44424  0.00019808
        1597   -0.438817   -0.444237 0.000197985
        1598   -0.444647   -0.444237 0.000197861
        1599   -0.459749   -0.444247 0.000197975
        1600   -0.439229   -0.444243 0.000197876
        1601   -0.449292   -0.444247 0.000197778
        1602   -0.443514   -0.444246 0.000197655
        1603   -0.439524   -0.444243 0.000197553
        1604   -0.439514    -0.44424 0.000197452
        1605   -0.441915   -0.444239 0.000197335
        1606    -0.44722   -0.444241  0.00019722
        1607   -0.432431   -0.444233 0.000197235
        1608   -0.447889   -0.444236 0.000197125
        1609   -0.443515   -0.444235 0.000197003
        1610   -0.443558   -0.444235 0.000196881
        1611   -0.449988   -0.444238 0.000196791
        1612   -0.442618   -0.444237 0.000196672
        1613   -0.446211   -0.444238 0.000196554
        1614   -0.445792   -0.444239 0.000196434
        1615   -0.456574   -0.444247 0.000196461
        1616   -0.445488   -0.444248 0.000196341
        1617   -0.427819   -0.444238 0.000196482
        1618   -0.442154   -0.444236 0.000196365
        1619   -0.454191   -0.444243  0.00019634
        1620   -0.445453   -0.444243  0.00019622
        1621   -0.447172   -0.444245 0.000196107
        1622   -0.442685   -0.444244 0.000195989
        1623   -0.431675   -0.444236 0.000196021
        1624   -0.445879   -0.444237 0.000195903
        1625   -0.448762    -0.44424 0.000195802
        1626   -0.436225   -0.444235 0.000195744
        1627   -0.448079   -0.444238 0.000195638
        1628   -0.442058   -0.444236 0.000195522
        1629   -0.442158   -0.444235 0.000195406
        1630   -0.443952   -0.444235 0.000195286
        1631   -0.452192    -0.44424 0.000195228
        1632   -0.443225   -0.444239 0.000195109
        1633   -0.447038   -0.444241 0.000194997
        1634   -0.441119   -0.444239 0.000194887
        1635   -0.448101   -0.444241 0.000194782
        1636   -0.446857   -0.444243  0.00019467
        1637   -0.448747   -0.444246  0.00019457
        1638   -0.445908   -0.444247 0.000194454
        1639   -0.452874   -0.444252 0.000194407
        1640   -0.443262   -0.444251 0.000194289
        1641   -0.444521   -0.444251 0.000194171
        1642   -0.452735   -0.444257 0.000194121
        1643   -0.453904   -0.444262 0.000194092
        1644    -0.45034   -0.444266 0.000194009
        1645   -0.438393   -0.444263 0.000193924
        1646    -0.45474   -0.444269 0.000193911
        1647   -0.456172   -0.444276 0.000193927
        1648   -0.440496   -0.444274 0.000193823
        1649     -0.4539    -0.44428 0.000193794
        1650   -0.439561   -0.444277 0.000193697
        1651   -0.456611   -0.444284 0.000193724
        1652   -0.445611   -0.444285 0.000193608
        1653   -0.443066   -0.444284 0.000193493
        1654   -0.435118   -0.444279 0.000193455
        1655   -0.452009   -0.444284 0.000193395
        1656     -0.4523   -0.444288 0.000193338
        1657   -0.446195    -0.44429 0.000193225
        1658   -0.435137   -0.444284 0.000193187
        1659   -0.425868   -0.444273  0.00019339
        1660   -0.445494   -0.444274 0.000193274
        1661   -0.449537   -0.444277 0.000193184
        1662    -0.45163   -0.444281 0.000193119
        1663   -0.453407   -0.444287  0.00019308
        1664   -0.456946   -0.444294 0.000193114
        1665    -0.45042   -0.444298 0.000193033
        1666   -0.432872   -0.444291 0.000193039
        1667   -0.442104    -0.44429 0.000192928
        1668   -0.453663   -0.444295 0.000192894
        1669   -0.439673   -0.444293 0.000192798
        1670   -0.433861   -0.444286 0.000192784
        1671   -0.439735   -0.444284 0.000192688
        1672   -0.444751   -0.444284 0.000192573
        1673   -0.435959   -0.444279 0.000192522
        1674   -0.449473   -0.444282 0.000192432
        1675   -0.435274   -0.444277 0.000192392
        1676    -0.44932    -0.44428 0.000192301
        1677   -0.444041    -0.44428 0.000192186
        1678   -0.444932    -0.44428 0.000192072
        1679    -0.44176   -0.444278 0.000191964
        1680   -0.439266   -0.444276 0.000191873
        1681    -0.44828   -0.444278 0.000191773
        1682   -0.439476   -0.444275  0.00019168
        1683   -0.446911   -0.444277 0.000191573
        1684   -0.440057   -0.444274 0.000191476
        1685   -0.446183   -0.444275 0.000191365
        1686   -0.459849   -0.444284 0.000191475
        1687   -0.459366   -0.444293  0.00019157
        1688   -0.452932   -0.444299 0.000191525
        1689   -0.437159   -0.444294 0.000191458
        1690   -0.434888   -0.444289 0.000191425
        1691   -0.450167   -0.444292 0.000191344
        1692   -0.439072   -0.444289 0.000191256
        1693   -0.434345   -0.444283 0.000191233
        1694   -0.439621    -0.44428  0.00019114
        1695   -0.451466   -0.444285 0.000191074
        1696   -0.440639   -0.444283 0.000190973
        1697   -0.434456   -0.444277 0.000190949
        1698   -0.420778   -0.444263 0.000191337
        1699   -0.438181   -0.444259 0.000191258
        1700    -0.44173   -0.444258 0.000191151
        1701   -0.437345   -0.444254 0.000191082
        1702   -0.443791   -0.444254  0.00019097
        1703   -0.446646   -0.444255 0.000190863
        1704   -0.442351   -0.444254 0.000190754
        1705    -0.42867   -0.444245 0.000190861
        1706   -0.433514   -0.444238 0.000190853
        1707   -0.454968   -0.444245 0.000190845
        1708   -0.451202   -0.444249 0.000190776
        1709   -0.444591   -0.444249 0.000190665
        1710   -0.455407   -0.444255 0.000190665
        1711   -0.426564   -0.444245 0.000190834
        1712   -0.443483   -0.444245 0.000190723
        1713   -0.451311   -0.444249 0.000190656
        1714   -0.433419   -0.444243 0.000190649
        1715   -0.434618   -0.444237 0.000190621
        1716   -0.451535   -0.444241 0.000190557
        1717   -0.456418   -0.444248 0.000190578
        1718   -0.446753    -0.44425 0.000190473
        1719   -0.440039   -0.444247 0.000190378
        1720   -0.438624   -0.444244 0.000190295
        1721   -0.439287   -0.444241 0.000190206
        1722   -0.432635   -0.444234 0.000190215
        1723   -0.444564   -0.444235 0.000190105
        1724   -0.445668   -0.444235 0.000189996
        1725   -0.447181   -0.444237 0.000189894
        1726   -0.441083   -0.444235 0.000189793
        1727   -0.444576   -0.444235 0.000189683
        1728   -0.438918   -0.444232 0.000189598
        1729   -0.449525   -0.444235 0.000189513
        1730   -0.451643    -0.44424 0.000189452
        1731    -0.44764   -0.444242 0.000189353
        1732   -0.439493   -0.444239 0.000189263
        1733   -0.448951   -0.444242 0.000189174
        1734   -0.435299   -0.444237 0.000189135
        1735   -0.438983   -0.444233  0.00018905
        1736   -0.442283   -0.444232 0.000188944
        1737   -0.428869   -0.444224 0.000189043
        1738   -0.440109   -0.444221 0.000188949
        1739   -0.441829    -0.44422 0.000188845
        1740   -0.459362   -0.444228 0.000188937
        1741   -0.446516    -0.44423 0.000188833
        1742   -0.440184   -0.444227 0.000188739
        1743   -0.435583   -0.444223 0.000188696
        1744   -0.439252    -0.44422 0.000188609
        1745   -0.442232   -0.444219 0.000188504
        1746   -0.452313   -0.444223 0.000188453
        1747   -0.441836   -0.444222  0.00018835
        1748   -0.446519   -0.444223 0.000188247
        1749   -0.441006   -0.444221 0.000188149
        1750   -0.428483   -0.444212 0.000188256
        1751   -0.437785   -0.444209 0.000188184
        1752   -0.433571   -0.444203 0.000188175
        1753   -0.443551   -0.444202 0.000188068
        1754   -0.440942     -0.4442  0.00018797
        1755   -0.450145   -0.444204 0.000187893
        1756   -0.446663   -0.444205 0.000187791
        1757   -0.448971   -0.444208 0.000187704
        1758   -0.449619   -0.444211 0.000187622
        1759   -0.450605   -0.444215 0.000187551
        1760   -0.425017   -0.444204 0.000187761
        1761    -0.44447   -0.444204 0.000187655
        1762   -0.443307   -0.444203 0.000187549
        1763   -0.449408   -0.444206 0.000187466
        1764   -0.457403   -0.444214 0.000187509
        1765   -0.444248   -0.444214 0.000187403
        1766   -0.444119   -0.444214 0.000187296
        1767   -0.448255   -0.444216 0.000187204
        1768   -0.446846   -0.444217 0.000187104
        1769   -0.452101   -0.444222 0.000187052
        1770    -0.45165   -0.444226 0.000186993
        1771   -0.452832   -0.444231 0.000186951
        1772   -0.455002   -0.444237 0.000186944
        1773   -0.444376   -0.444237 0.000186839
        1774     -0.4338   -0.444231 0.000186826
        1775   -0.450566   -0.444235 0.000186755
        1776   -0.423395   -0.444223 0.000187018
        1777   -0.447915   -0.444225 0.000186924
        1778   -0.431903   -0.444218 0.000186947
        1779   -0.440089   -0.444216 0.000186857
        1780   -0.447377   -0.444218  0.00018676
        1781   -0.444077   -0.444218 0.000186655
        1782   -0.442097   -0.444216 0.000186554
        1783   -0.444523   -0.444217  0.00018645
        1784   -0.436377   -0.444212 0.000186397
        1785   -0.448081   -0.444214 0.000186305
        1786   -0.449553   -0.444217 0.000186225
        1787   -0.444622   -0.444218 0.000186121
        1788   -0.444318   -0.444218 0.000186017
        1789   -0.444222   -0.444218 0.000185913
        1790    -0.44322   -0.444217  0.00018581
        1791   -0.446862   -0.444219 0.000185712
        1792    -0.43726   -0.444215 0.000185649
        1793   -0.444245   -0.444215 0.000185545
        1794   -0.448056   -0.444217 0.000185454
        1795   -0.439036   -0.444214 0.000185373
        1796   -0.436651    -0.44421 0.000185318
        1797   -0.441233   -0.444208 0.000185222
        1798   -0.452635   -0.444213 0.000185178
        1799   -0.441884   -0.444211  0.00018508
        1800   -0.442865   -0.444211 0.000184979
        1801   -0.435458   -0.444206  0.00018494
        1802   -0.435601   -0.444201 0.000184899
        1803   -0.451009   -0.444205 0.000184835
        1804   -0.445973   -0.444206 0.000184735
        1805   -0.422889   -0.444194  0.00018501
        1806   -0.450777   -0.444198 0.000184943
        1807   -0.442284   -0.444197 0.000184844
        1808   -0.449493     -0.4442 0.000184765
        1809   -0.445755     -0.4442 0.000184665
        1810   -0.444199     -0.4442 0.000184563
        1811   -0.435209   -0.444195 0.000184528
        1812    -0.43998   -0.444193  0.00018444
        1813   -0.450991   -0.444197 0.000184377
        1814   -0.445717   -0.444198 0.000184277
        1815   -0.438197   -0.444194 0.000184205
        1816   -0.451461   -0.444198 0.000184147
        1817   -0.447336     -0.4442 0.000184054
        1818   -0.456901   -0.444207 0.000184085
        1819   -0.458288   -0.444215 0.000184147
        1820   -0.452673   -0.444219 0.000184104
        1821   -0.445252    -0.44422 0.000184004
        1822   -0.452814   -0.444225 0.000183963
        1823   -0.444873   -0.444225 0.000183863
        1824   -0.456694   -0.444232 0.000183889
        1825   -0.438836   -0.444229 0.000183812
        1826   -0.455883   -0.444235 0.000183822
        1827    -0.43218   -0.444229  0.00018384
        1828   -0.436351   -0.444224  0.00018379
        1829   -0.445303   -0.444225  0.00018369
        1830   -0.442045   -0.444224 0.000183594
        1831   -0.451667   -0.444228 0.000183539
        1832   -0.436422   -0.444224 0.000183488
        1833   -0.440765   -0.444222 0.000183397
        1834   -0.439427   -0.444219 0.000183316
        1835   -0.449978   -0.444222 0.000183243
        1836   -0.442645   -0.444221 0.000183145
        1837   -0.441452    -0.44422 0.000183052
        1838   -0.431974   -0.444213 0.000183073
        1839   -0.452806   -0.444218 0.000183033
        1840   -0.445112   -0.444218 0.000182935
        1841   -0.439153   -0.444216 0.000182856
        1842   -0.444954   -0.444216 0.000182757
        1843   -0.440881   -0.444214 0.000182667
        1844   -0.431428   -0.444207 0.000182699
        1845   -0.440883   -0.444206 0.000182609
        1846    -0.44501   -0.444206 0.000182511
        1847   -0.450795    -0.44421 0.000182447
        1848   -0.437294   -0.444206 0.000182387
        1849   -0.447628   -0.444208 0.000182297
        1850   -0.451745   -0.444212 0.000182244
        1851   -0.453456   -0.444217 0.000182214
        1852   -0.440402   -0.444215 0.000182128
        1853   -0.437833   -0.444211 0.000182062
        1854   -0.434751   -0.444206 0.000182035
        1855   -0.440604   -0.444204 0.000181947
        1856   -0.441288   -0.444203 0.000181856
        1857   -0.440556   -0.444201 0.000181769
        1858   -0.432922   -0.444195 0.000181772
        1859   -0.450382   -0.444198 0.000181705
        1860   -0.434776   -0.444193 0.000181678
        1861   -0.433891   -0.444187 0.000181665
        1862   -0.443009   -0.444187 0.000181568
        1863   -0.433367   -0.444181 0.000181563
        1864   -0.430858   -0.444174 0.000181607
        1865   -0.440243   -0.444172 0.000181522
        1866   -0.447354   -0.444173 0.000181432
        1867   -0.441341   -0.444172 0.000181341
        1868   -0.441505    -0.44417  0.00018125
        1869   -0.440074   -0.444168 0.000181166
        1870   -0.433778   -0.444163 0.000181155
        1871   -0.439405    -0.44416 0.000181076
        1872   -0.440998   -0.444158 0.000180987
        1873   -0.450325   -0.444162  0.00018092
        1874   -0.445065   -0.444162 0.000180824
        1875   -0.446474   -0.444163 0.000180732
        1876    -0.43832    -0.44416 0.000180662
        1877    -0.43528   -0.444156 0.000180628
        1878   -0.447314   -0.444157  0.00018054
        1879    -0.45854   -0.444165 0.000180606
        1880   -0.447045   -0.444166 0.000180516
        1881   -0.453532   -0.444171 0.000180489
        1882   -0.447448   -0.444173 0.000180401
        1883   -0.444826   -0.444173 0.000180306
        1884   -0.444406   -0.444174  0.00018021
        1885   -0.431241   -0.444167 0.000180245
        1886    -0.45472   -0.444172 0.000180237
        1887    -0.43938    -0.44417 0.000180159
        1888   -0.437333   -0.444166   0.0001801
        1889   -0.452407   -0.444171 0.000180057
        1890   -0.450384   -0.444174 0.000179992
        1891    -0.43775    -0.44417 0.000179929
        1892   -0.448963   -0.444173 0.000179852
        1893   -0.454317   -0.444178 0.000179837
        1894   -0.443215   -0.444178 0.000179742
        1895    -0.45546   -0.444184 0.000179746
        1896    -0.43465   -0.444179 0.000179722
        1897    -0.44546   -0.444179 0.000179628
        1898   -0.439074   -0.444177 0.000179554
        1899    -0.44933   -0.444179  0.00017948
        1900   -0.447056   -0.444181 0.000179391
        1901   -0.439092   -0.444178 0.000179317
        1902   -0.443116   -0.444178 0.000179224
        1903    -0.44904    -0.44418 0.000179148
        1904    -0.43777   -0.444177 0.000179085
        1905    -0.43789   -0.444174 0.000179022
        1906   -0.453562   -0.444179 0.000178995
        1907   -0.440204   -0.444176 0.000178914
        1908    -0.44606   -0.444177 0.000178823
        1909   -0.436016   -0.444173  0.00017878
        1910   -0.443756   -0.444173 0.000178687
        1911   -0.436064   -0.444169 0.000178643
        1912    -0.44209   -0.444168 0.000178553
        1913   -0.436925   -0.444164   0.0001785
        1914   -0.435273   -0.444159 0.000178467
        1915   -0.450547   -0.444162 0.000178405
        1916    -0.45143   -0.444166 0.000178353
        1917   -0.439564   -0.444164 0.000178276
        1918   -0.441243   -0.444162 0.000178189
        1919   -0.446364   -0.444164   0.0001781
        1920   -0.437846    -0.44416 0.000178038
        1921     -0.4354   -0.444156 0.000178003
        1922   -0.445688   -0.444156 0.000177913
        1923   -0.436301   -0.444152 0.000177867
        1924   -0.452188   -0.444157 0.000177824
        1925   -0.464703   -0.444167 0.000178051
        1926   -0.447847   -0.444169 0.000177969
        1927   -0.456861   -0.444176 0.000177998
        1928   -0.433752    -0.44417 0.000177988
        1929   -0.433404   -0.444165 0.000177983
        1930   -0.454098    -0.44417 0.000177966
        1931   -0.442804   -0.444169 0.000177875
        1932   -0.441285   -0.444168 0.000177789
        1933   -0.444241   -0.444168 0.000177697
        1934     -0.4319   -0.444161 0.000177718
        1935   -0.450928   -0.444165 0.000177661
        1936   -0.451894   -0.444169 0.000177614
        1937   -0.454795   -0.444174 0.000177607
        1938   -0.441635   -0.444173  0.00017752
        1939    -0.44344   -0.444173 0.000177429
        1940   -0.435242   -0.444168 0.000177397
        1941   -0.427339   -0.444159 0.000177518
        1942   -0.443016   -0.444159 0.000177427
        1943   -0.440378   -0.444157 0.000177347
        1944   -0.452684   -0.444161  0.00017731
        1945    -0.45517   -0.444167 0.000177309
        1946   -0.452121   -0.444171 0.000177265
        1947   -0.448744   -0.444173 0.000177189
        1948   -0.444482   -0.444173 0.000177098
        1949   -0.444884   -0.444174 0.000177008
        1950   -0.445945   -0.444175 0.000176919
        1951   -0.439326   -0.444172 0.000176846
        1952   -0.444196   -0.444172 0.000176756
        1953   -0.458791    -0.44418 0.000176824
        1954   -0.427611   -0.444171 0.000176936
        1955   -0.442341    -0.44417 0.000176848
        1956   -0.443889    -0.44417 0.000176758
        1957   -0.439615   -0.444168 0.000176683
        1958   -0.450163   -0.444171 0.000176619
        1959     -0.4581   -0.444178 0.000176672
        1960   -0.426209   -0.444169  0.00017682
        1961   -0.444335   -0.444169 0.000176729
        1962    -0.45691   -0.444175 0.000176759
        1963   -0.433034    -0.44417  0.00017676
        1964   -0.439924   -0.444168 0.000176683
        1965   -0.467359   -0.444179 0.000176987
        1966   -0.441988   -0.444178   0.0001769
        1967   -0.447853    -0.44418  0.00017682
        1968   -0.446496   -0.444181 0.000176734
        1969    -0.44993   -0.444184 0.000176669
        1970   -0.445779   -0.444185 0.000176581
        1971   -0.435321   -0.444181 0.000176548
        1972    -0.46374   -0.444191 0.000176737
        1973   -0.441768   -0.444189 0.000176652
        1974    -0.43924   -0.444187  0.00017658
        1975   -0.431867   -0.444181 0.000176601
        1976   -0.434709   -0.444176 0.000176577
        1977   -0.442899   -0.444175 0.000176489
        1978   -0.439801   -0.444173 0.000176413
        1979   -0.459066    -0.44418 0.000176485
        1980    -0.43626   -0.444176 0.000176441
        1981   -0.450667    -0.44418 0.000176382
        1982   -0.428747   -0.444172 0.000176465
        1983   -0.438938   -0.444169 0.000176396
        1984   -0.455856   -0.444175 0.000176405
        1985   -0.453678    -0.44418 0.000176381
        1986   -0.435415   -0.444176 0.000176347
        1987   -0.428757   -0.444168 0.000176429
        1988    -0.44808    -0.44417 0.000176352
        1989    -0.45079   -0.444173 0.000176294
        1990   -0.446759   -0.444174 0.000176211
        1991   -0.454016   -0.444179 0.000176191
        1992   -0.437598   -0.444176 0.000176134
        1993   -0.436164   -0.444172 0.000176091
        1994   -0.433258   -0.444167 0.000176088
        1995   -0.441887   -0.444165 0.000176004
        1996   -0.448165   -0.444167 0.000175927
        1997   -0.437439   -0.444164 0.000175871
        1998   -0.455255    -0.44417  0.00017587
        1999   -0.436438   -0.444166 0.000175825
        2000   -0.452835    -0.44417 0.000175791
