#     BLOCK:   ACTUAL_KE:    KE_AVE:      ERROR:
           1    0.310212    0.310212           0
           2    0.325057    0.317635  0.00524829
           3    0.316267    0.317179  0.00351862
           4    0.310007    0.315386   0.0030619
           5    0.319059     0.31612  0.00253613
           6      0.3112      0.3153   0.0022421
           7    0.333118    0.317846  0.00304084
           8     0.31476     0.31746  0.00268509
           9    0.340465    0.320016  0.00339179
          10    0.313723    0.319387  0.00311044
          11    0.315978    0.319077  0.00284307
          12    0.342792    0.321053  0.00322057
          13    0.314414    0.320542  0.00301306
          14    0.310162    0.319801  0.00288762
          15    0.343451    0.321378  0.00309576
          16    0.331532    0.322012  0.00296661
          17    0.341783    0.323175  0.00301144
          18    0.311252    0.322513  0.00291608
          19    0.338091    0.323333  0.00287556
          20    0.308949    0.322614  0.00282029
          21    0.334943    0.323201  0.00274642
          22    0.308401    0.322528  0.00270271
          23    0.307653    0.321881  0.00266146
          24    0.305584    0.321202  0.00263578
          25    0.330701    0.321582  0.00255758
          26    0.326466     0.32177   0.0024661
          27    0.336021    0.322298   0.0024306
          28     0.33294    0.322678  0.00237332
          29    0.290555     0.32157  0.00253684
          30     0.32672    0.321742  0.00245808
          31    0.327071    0.321914  0.00238479
          32    0.326482    0.322056  0.00231454
          33    0.301679    0.321439  0.00232531
          34    0.341196     0.32202   0.0023284
          35    0.342852    0.322615   0.0023367
          36    0.316271    0.322439  0.00227843
          37    0.323358    0.322464  0.00221699
          38    0.309678    0.322127  0.00218403
          39    0.322892    0.322147  0.00212812
          40    0.327672    0.322285  0.00207939
          41     0.34373    0.322808  0.00209343
          42    0.334482    0.323086  0.00206195
          43    0.334578    0.323353  0.00203125
          44    0.331049    0.323528   0.0019926
          45    0.314667    0.323331  0.00195803
          46    0.324365    0.323354  0.00191559
          47    0.317498    0.323229  0.00187888
          48    0.290081    0.322539  0.00196255
          49    0.316872    0.322423   0.0019259
          50    0.327757     0.32253  0.00189034
          51    0.306581    0.322217  0.00187896
          52     0.33778    0.322516  0.00186651
          53    0.347964    0.322996  0.00189204
          54    0.347529    0.323451  0.00191077
          55    0.341566     0.32378   0.0019042
          56    0.336708    0.324011  0.00188414
          57    0.340234    0.324296  0.00187246
          58    0.302097    0.323913  0.00187888
          59    0.319355    0.323836  0.00184863
          60     0.29496    0.323354  0.00187941
          61    0.293276    0.322861   0.0019122
          62    0.327169    0.322931  0.00188262
          63    0.319753     0.32288  0.00185341
          64    0.305353    0.322606  0.00184457
          65    0.302523    0.322297  0.00184189
          66    0.325597    0.322347  0.00181466
          67    0.334936    0.322535  0.00179727
          68    0.323015    0.322542  0.00177086
          69    0.316646    0.322457  0.00174725
          70    0.327692    0.322532  0.00172389
          71     0.32147    0.322517  0.00169968
          72    0.312975    0.322384  0.00168123
          73    0.311164    0.322231  0.00166521
          74    0.316623    0.322155  0.00164443
          75    0.319419    0.322118  0.00162291
          76    0.322599    0.322125  0.00160157
          77    0.331424    0.322245  0.00158532
          78    0.314268    0.322143  0.00156829
          79    0.312952    0.322027  0.00155274
          80    0.334991    0.322189  0.00154177
          81    0.333086    0.322323  0.00152859
          82    0.324424    0.322349  0.00151017
          83    0.336443    0.322519  0.00150149
          84    0.333974    0.322655  0.00148979
          85    0.344661    0.322914  0.00149459
          86    0.318818    0.322866  0.00147797
          87    0.332382    0.322976  0.00146503
          88    0.316779    0.322905  0.00145007
          89    0.318368    0.322854  0.00143467
          90    0.341061    0.323057  0.00143292
          91    0.318456    0.323006  0.00141807
          92    0.341972    0.323212  0.00141756
          93    0.325328    0.323235   0.0014025
          94    0.349715    0.323517  0.00141559
          95    0.328452    0.323569  0.00140164
          96    0.305285    0.323378  0.00139992
          97    0.327844    0.323424  0.00138624
          98      0.3287    0.323478  0.00137314
          99    0.318266    0.323425  0.00136028
         100    0.326894     0.32346  0.00134712
         101    0.347409    0.323697  0.00135449
         102    0.327251    0.323732  0.00134166
         103    0.277486    0.323283  0.00140175
         104    0.309506    0.323151  0.00139452
         105    0.310551    0.323031  0.00138639
         106    0.322001    0.323021  0.00137334
         107    0.318672     0.32298  0.00136111
         108     0.31331    0.322891  0.00135145
         109    0.333506    0.322988  0.00134256
         110    0.320142    0.322962   0.0013306
         111    0.334042    0.323062  0.00132235
         112    0.328125    0.323107  0.00131132
         113     0.33829    0.323242  0.00130658
         114    0.325599    0.323262  0.00129528
         115    0.329378    0.323315  0.00128511
         116    0.324335    0.323324  0.00127406
         117    0.350888     0.32356  0.00128477
         118    0.310672    0.323451  0.00127851
         119    0.331046    0.323514  0.00126936
         120    0.303177    0.323345  0.00127005
         121    0.326966    0.323375   0.0012599
         122    0.337928    0.323494  0.00125521
         123    0.289912    0.323221  0.00127435
         124    0.331154    0.323285  0.00126568
         125     0.32283    0.323281  0.00125556
         126    0.313621    0.323205  0.00124794
         127     0.31558    0.323145  0.00123955
         128    0.317807    0.323103  0.00123057
         129    0.352343     0.32333  0.00124173
         130    0.317187    0.323283  0.00123308
         131    0.326007    0.323303  0.00122384
         132    0.334388    0.323387  0.00121745
         133    0.315888    0.323331   0.0012096
         134    0.330667    0.323386  0.00120181
         135    0.317949    0.323345  0.00119358
         136    0.306363     0.32322  0.00119132
         137    0.316475    0.323171  0.00118364
         138     0.34052    0.323297  0.00118172
         139    0.360898    0.323567  0.00120378
         140    0.313561    0.323496  0.00119731
         141    0.330318    0.323544  0.00118979
         142    0.307045    0.323428  0.00118707
         143    0.316667    0.323381  0.00117971
         144    0.341846    0.323509  0.00117847
         145    0.338431    0.323612  0.00117483
         146    0.333383    0.323679  0.00116868
         147    0.301699    0.323529  0.00117026
         148    0.298712    0.323362  0.00117431
         149    0.326006     0.32338  0.00116656
         150     0.32319    0.323378  0.00115878
         151    0.328845    0.323414  0.00115167
         152    0.319992    0.323392  0.00114432
         153    0.313332    0.323326  0.00113873
         154    0.351899    0.323512  0.00114635
         155    0.330204    0.323555  0.00113976
         156    0.346002    0.323699   0.0011415
         157    0.313023    0.323631  0.00113626
         158    0.336977    0.323715   0.0011322
         159    0.318176     0.32368  0.00112562
         160    0.314293    0.323622  0.00112011
         161    0.332269    0.323675  0.00111444
         162    0.302314    0.323544  0.00111533
         163    0.342585     0.32366  0.00111459
         164    0.350097    0.323822  0.00111939
         165    0.303852    0.323701  0.00111913
         166    0.335156     0.32377  0.00111451
         167    0.343714    0.323889  0.00111422
         168    0.344577    0.324012  0.00111437
         169    0.331649    0.324057  0.00110869
         170     0.33835    0.324141  0.00110536
         171    0.323481    0.324138   0.0010989
         172    0.303032    0.324015  0.00109934
         173    0.307532     0.32392  0.00109711
         174    0.311356    0.323847  0.00109317
         175    0.335368    0.323913  0.00108891
         176    0.332957    0.323965  0.00108393
         177    0.341188    0.324062  0.00108217
         178    0.328692    0.324088   0.0010764
         179    0.325373    0.324095  0.00107041
         180    0.321883    0.324083  0.00106453
         181    0.312105    0.324017  0.00106071
         182    0.322321    0.324007  0.00105492
         183    0.323727    0.324006  0.00104916
         184    0.323617    0.324004  0.00104346
         185    0.334543    0.324061  0.00103937
         186    0.326246    0.324072  0.00103385
         187    0.338709    0.324151  0.00103128
         188    0.325739    0.324159  0.00102583
         189    0.328826    0.324184   0.0010207
         190    0.339768    0.324266  0.00101862
         191    0.332411    0.324308  0.00101418
         192    0.314626    0.324258  0.00101015
         193    0.317181    0.324221  0.00100558
         194    0.322117    0.324211  0.00100045
         195    0.320107    0.324189 0.000995544
         196    0.323866    0.324188 0.000990466
         197     0.32351    0.324184 0.000985444
         198    0.334264    0.324235 0.000981781
         199    0.305093    0.324139 0.000981548
         200     0.34519    0.324244 0.000982268
         201    0.342762    0.324336 0.000981692
         202    0.320583    0.324318 0.000977008
         203    0.328854     0.32434  0.00097245
         204    0.341014    0.324422 0.000971112
         205    0.325372    0.324427 0.000966386
         206    0.319991    0.324405 0.000961935
         207    0.314848    0.324359 0.000958395
         208    0.303347    0.324258 0.000959097
         209    0.339602    0.324331 0.000957314
         210    0.319514    0.324308  0.00095303
         211    0.323377    0.324304 0.000948523
         212    0.332043     0.32434 0.000944751
         213    0.326386     0.32435 0.000940365
         214    0.325798    0.324357 0.000935995
         215    0.326188    0.324365  0.00093168
         216    0.344583    0.324459 0.000932056
         217    0.319186    0.324435 0.000928078
         218    0.351309    0.324558 0.000931972
         219    0.324628    0.324558 0.000927717
         220    0.330892    0.324587 0.000923946
         221    0.304627    0.324497  0.00092417
         222     0.30297      0.3244  0.00092508
         223    0.323823    0.324397 0.000920935
         224    0.320564     0.32438 0.000916983
         225    0.315708    0.324342 0.000913717
         226    0.314953      0.3243 0.000910618
         227    0.333379     0.32434 0.000907484
         228    0.325262    0.324344 0.000903513
         229    0.329465    0.324366 0.000899844
         230    0.328116    0.324383 0.000896079
         231    0.328349      0.3244 0.000892365
         232    0.329862    0.324423 0.000888829
         233    0.308389    0.324355 0.000887674
         234    0.301772    0.324258 0.000889111
         235    0.344397    0.324344 0.000889448
         236    0.332984     0.32438 0.000886433
         237     0.30521    0.324299 0.000886375
         238    0.308627    0.324234 0.000885094
         239    0.326463    0.324243  0.00088144
         240    0.327658    0.324257 0.000877882
         241    0.320612    0.324242 0.000874369
         242    0.312029    0.324192 0.000872212
         243    0.328443    0.324209 0.000868798
         244    0.332974    0.324245 0.000865979
         245     0.33655    0.324295   0.0008639
         246    0.336243    0.324344 0.000861752
         247    0.331628    0.324373 0.000858768
         248    0.349443    0.324474 0.000861234
         249    0.290342    0.324337 0.000868616
         250    0.317678    0.324311  0.00086555
         251    0.303476    0.324228 0.000866073
         252    0.348915    0.324326 0.000868159
         253    0.329105    0.324345 0.000864933
         254    0.351563    0.324452  0.00086814
         255    0.331356    0.324479 0.000865158
         256    0.326217    0.324486 0.000861805
         257    0.309386    0.324427 0.000860452
         258    0.313199    0.324383 0.000858217
         259    0.326465    0.324391 0.000854941
         260    0.351984    0.324497 0.000858214
         261    0.318593    0.324475 0.000855224
         262    0.317211    0.324447 0.000852409
         263    0.328113    0.324461 0.000849282
         264    0.303784    0.324383 0.000849668
         265      0.3415    0.324447 0.000848914
         266    0.327276    0.324458 0.000845789
         267    0.345094    0.324535 0.000846146
         268    0.322632    0.324528 0.000843018
         269    0.349877    0.324622 0.000845135
         270    0.316862    0.324594 0.000842493
         271    0.306708    0.324528 0.000841966
         272    0.329249    0.324545 0.000839049
         273    0.313779    0.324506 0.000836902
         274    0.323979    0.324504  0.00083385
         275    0.324271    0.324503 0.000830818
         276    0.329671    0.324522 0.000828019
         277    0.327143    0.324531 0.000825084
         278    0.316227    0.324501 0.000822656
         279    0.319154    0.324482 0.000819931
         280    0.318665    0.324461 0.000817266
         281    0.347602    0.324544 0.000818496
         282    0.325644    0.324547 0.000815602
         283    0.333488    0.324579 0.000813332
         284    0.308214    0.324521 0.000812507
         285    0.341387    0.324581 0.000811808
         286    0.312947     0.32454 0.000809988
         287    0.320056    0.324524 0.000807317
         288    0.317242    0.324499 0.000804909
         289    0.295844      0.3244 0.000808208
         290    0.347415    0.324479 0.000809308
         291    0.321992    0.324471 0.000806572
         292    0.326033    0.324476 0.000803828
         293    0.334263    0.324509 0.000801778
         294    0.333712    0.324541 0.000799662
         295    0.330217     0.32456 0.000797183
         296    0.327391    0.324569 0.000794547
         297    0.322346    0.324562 0.000791907
         298    0.319459    0.324545 0.000789434
         299    0.329428    0.324561 0.000786963
         300    0.321603    0.324551 0.000784402
         301    0.338043    0.324596 0.000783075
         302    0.301434    0.324519 0.000784229
         303    0.318372    0.324499 0.000781903
         304    0.330323    0.324518 0.000779566
         305    0.328623    0.324532 0.000777126
         306    0.336338     0.32457 0.000775544
         307    0.327498     0.32458 0.000773076
         308    0.296586    0.324489  0.00077589
         309    0.328692    0.324503 0.000773499
         310    0.339228     0.32455 0.000772461
         311    0.354984    0.324648 0.000776151
         312    0.340148    0.324698 0.000775251
         313    0.345201    0.324763 0.000775537
         314    0.329879    0.324779 0.000773238
         315    0.300799    0.324703 0.000774522
         316    0.344259    0.324765 0.000774539
         317    0.366443    0.324897 0.000783175
         318    0.313888    0.324862 0.000781477
         319    0.324711    0.324862 0.000779028
         320    0.300861    0.324787 0.000780195
         321    0.313884    0.324753 0.000778504
         322    0.323013    0.324747 0.000776105
         323    0.323784    0.324744 0.000773707
         324    0.324687    0.324744  0.00077132
         325    0.341799    0.324797 0.000770729
         326    0.312218    0.324758  0.00076933
         327     0.33405    0.324786 0.000767502
         328      0.3282    0.324797 0.000765233
         329    0.321307    0.324786  0.00076298
         330    0.331459    0.324806 0.000760936
         331    0.318195    0.324786 0.000758899
         332    0.324728    0.324786 0.000756614
         333    0.327852    0.324795 0.000754398
         334    0.335657    0.324828 0.000752839
         335    0.322451    0.324821 0.000750626
         336    0.311676    0.324782  0.00074941
         337    0.318114    0.324762 0.000747448
         338    0.323652    0.324759 0.000745244
         339    0.354589    0.324847 0.000748222
         340    0.322181    0.324839 0.000746062
         341     0.32462    0.324838 0.000743875
         342    0.348152    0.324906 0.000744817
         343    0.325996     0.32491 0.000742652
         344    0.339058    0.324951 0.000741631
         345     0.35114    0.325027 0.000743356
         346    0.354538    0.325112 0.000746085
         347    0.316109    0.325086 0.000744386
         348    0.298144    0.325009 0.000746262
         349    0.307026    0.324957 0.000745901
         350    0.324369    0.324955 0.000743771
         351    0.325958    0.324958 0.000741658
         352    0.330756    0.324975 0.000739734
         353    0.329164    0.324987 0.000737733
         354    0.318433    0.324968 0.000735882
         355    0.345247    0.325025 0.000736023
         356    0.315495    0.324998 0.000734442
         357     0.32063    0.324986 0.000732486
         358    0.341924    0.325033 0.000731967
         359    0.357708    0.325124 0.000735565
         360    0.332982    0.325146 0.000733845
         361    0.297471     0.32507 0.000735806
         362    0.327762    0.325077 0.000733811
         363    0.297601    0.325001 0.000735683
         364    0.337642    0.325036 0.000734481
         365    0.309968    0.324995 0.000733628
         366    0.353783    0.325073 0.000735828
         367    0.302859    0.325013 0.000736308
         368    0.311818    0.324977  0.00073518
         369    0.326988    0.324983 0.000733207
         370    0.325191    0.324983 0.000731226
         371    0.321661    0.324974  0.00072931
         372    0.323866    0.324971 0.000727355
         373    0.305749     0.32492 0.000727229
         374    0.314041    0.324891 0.000725866
         375     0.32673    0.324895 0.000723947
         376    0.319763    0.324882  0.00072215
         377    0.297271    0.324809 0.000723939
         378    0.301105    0.324746 0.000724734
         379     0.32049    0.324735 0.000722909
         380    0.308573    0.324692 0.000722257
         381    0.321994    0.324685 0.000720396
         382    0.302356    0.324627 0.000720878
         383    0.313401    0.324597 0.000719591
         384    0.315597    0.324574 0.000718099
         385    0.295414    0.324498 0.000720217
         386    0.313205    0.324469 0.000718945
         387    0.296032    0.324395 0.000720833
         388    0.329604    0.324409   0.0007191
         389    0.350384    0.324476 0.000720345
         390    0.325121    0.324477   0.0007185
         391    0.320396    0.324467 0.000716738
         392    0.334507    0.324492 0.000715367
         393    0.328863    0.324503 0.000713633
         394    0.309685    0.324466 0.000712812
         395    0.347101    0.324523 0.000713307
         396    0.320862    0.324514 0.000711566
         397    0.286526    0.324418 0.000716178
         398    0.337392    0.324451  0.00071512
         399    0.351782    0.324519 0.000716601
         400    0.318877    0.324505 0.000714949
         401    0.341211    0.324547 0.000714379
         402    0.315231    0.324524 0.000712977
         403    0.321752    0.324517 0.000711241
         404    0.336031    0.324545 0.000710052
         405     0.32176    0.324538 0.000708332
         406    0.314914    0.324515 0.000706983
         407    0.326523     0.32452 0.000705264
         408    0.356386    0.324598 0.000707847
         409    0.332889    0.324618 0.000706406
         410    0.324036    0.324617 0.000704685
         411    0.329766    0.324629 0.000703081
         412    0.338951    0.324664 0.000702234
         413    0.326311    0.324668 0.000700545
         414    0.336928    0.324698 0.000699478
         415      0.3441    0.324744 0.000699353
         416    0.321899    0.324737 0.000697706
         417    0.315441    0.324715 0.000696389
         418    0.319755    0.324703 0.000694824
         419    0.325394    0.324705 0.000693167
         420    0.313452    0.324678 0.000692034
         421     0.33623    0.324706 0.000690934
         422    0.306309    0.324662 0.000690671
         423    0.308398    0.324624 0.000690108
         424    0.345925    0.324674 0.000690306
         425    0.315209    0.324652 0.000689041
         426    0.342363    0.324693 0.000688677
         427    0.330308    0.324706  0.00068719
         428    0.335522    0.324732 0.000686049
         429    0.319237    0.324719 0.000684569
         430    0.334586    0.324742 0.000683361
         431    0.345359    0.324789 0.000683448
         432    0.302958    0.324739 0.000683732
         433     0.32214    0.324733 0.000682179
         434    0.315547    0.324712 0.000680936
         435    0.329017    0.324722 0.000679442
         436    0.340858    0.324759 0.000678891
         437    0.338401     0.32479 0.000678055
         438    0.323003    0.324786 0.000676519
         439    0.322126     0.32478 0.000675005
         440    0.301654    0.324727 0.000675514
         441      0.3401    0.324762 0.000674881
         442    0.319841    0.324751 0.000673446
         443    0.322971    0.324747 0.000671938
         444    0.317923    0.324732   0.0006706
         445    0.320325    0.324722 0.000669167
         446    0.329981    0.324733  0.00066777
         447    0.324295    0.324732 0.000666277
         448    0.321845    0.324726 0.000664821
         449    0.302941    0.324677 0.000665108
         450    0.328801    0.324687 0.000663693
         451    0.330459    0.324699 0.000662345
         452    0.331521    0.324715 0.000661052
         453    0.312965    0.324689 0.000660101
         454    0.318536    0.324675 0.000658786
         455    0.349076    0.324729 0.000659518
         456    0.336144    0.324754 0.000658546
         457    0.324734    0.324754 0.000657105
         458    0.307506    0.324716 0.000656749
         459    0.323102    0.324713 0.000655327
         460    0.326464    0.324716 0.000653914
         461    0.337217    0.324743 0.000653057
         462    0.300791    0.324692 0.000653698
         463    0.323865     0.32469 0.000652289
         464    0.311824    0.324662 0.000651472
         465    0.313531    0.324638 0.000650511
         466    0.316646    0.324621 0.000649341
         467    0.317508    0.324606 0.000648129
         468    0.305328    0.324565 0.000648052
         469    0.325366    0.324566 0.000646672
         470    0.301115    0.324516 0.000647219
         471    0.320819    0.324509 0.000645892
         472    0.340549    0.324543 0.000645417
         473    0.299142    0.324489 0.000646283
         474    0.345732    0.324534 0.000646471
         475    0.316579    0.324517 0.000645327
         476    0.323013    0.324514 0.000643979
         477    0.336625    0.324539  0.00064313
         478    0.346138    0.324584  0.00064337
         479    0.339341    0.324615 0.000642764
         480    0.295749    0.324555 0.000644232
         481    0.299201    0.324502 0.000645045
         482    0.300161    0.324452  0.00064568
         483    0.334319    0.324472 0.000644667
         484    0.330338    0.324484 0.000643449
         485    0.340938    0.324518 0.000643016
         486    0.306134     0.32448 0.000642804
         487    0.331916    0.324496 0.000641666
         488    0.331804    0.324511 0.000640526
         489    0.317359    0.324496 0.000639383
         490    0.323119    0.324493 0.000638084
         491    0.343691    0.324532 0.000637981
         492    0.313532     0.32451 0.000637076
         493    0.303668    0.324468 0.000637185
         494    0.321557    0.324462 0.000635923
         495    0.320589    0.324454 0.000634686
         496    0.317229    0.324439 0.000633573
         497    0.307435    0.324405 0.000633222
         498    0.320517    0.324397 0.000631998
         499    0.328208    0.324405 0.000630778
         500    0.329918    0.324416 0.000629613
         501    0.326136    0.324419 0.000628365
         502    0.335719    0.324442 0.000627517
         503    0.328328     0.32445 0.000626317
         504    0.338332    0.324477 0.000625679
         505    0.332774    0.324494 0.000624656
         506    0.312857    0.324471 0.000623845
         507    0.310536    0.324443  0.00062322
         508    0.329919    0.324454 0.000622086
         509    0.344881    0.324494 0.000622157
         510    0.316903    0.324479 0.000621115
         511    0.328811    0.324488 0.000619957
         512    0.324685    0.324488 0.000618747
         513    0.320707    0.324481 0.000617584
         514    0.318786     0.32447 0.000616482
         515    0.316575    0.324454 0.000615476
         516    0.306944     0.32442 0.000615218
         517    0.350243     0.32447 0.000616052
         518    0.328975    0.324479 0.000614924
         519      0.3296    0.324489 0.000613819
         520    0.309275     0.32446 0.000613335
         521    0.342586    0.324494 0.000613144
         522    0.309591    0.324466 0.000612633
         523    0.314779    0.324447 0.000611742
         524    0.337565    0.324472 0.000611087
         525    0.307012    0.324439 0.000610827
         526    0.349557    0.324487 0.000611529
         527    0.333969    0.324505 0.000610634
         528    0.335119    0.324525 0.000609808
         529    0.340558    0.324555 0.000609408
         530     0.31542    0.324538 0.000608502
         531    0.343583    0.324574 0.000608412
         532    0.335066    0.324594 0.000607588
         533    0.331288    0.324606 0.000606578
         534    0.324737    0.324606 0.000605442
         535      0.3147    0.324588 0.000604593
         536    0.307045    0.324555 0.000604351
         537    0.322151    0.324551 0.000603242
         538    0.324298     0.32455 0.000602121
         539     0.36119    0.324618 0.000604829
         540    0.311597    0.324594 0.000604189
         541    0.338259    0.324619   0.0006036
         542    0.322078    0.324615 0.000602504
         543    0.342811    0.324648 0.000602326
         544    0.305448    0.324613 0.000602252
         545    0.331753    0.324626  0.00060129
         546    0.317432    0.324613 0.000600333
         547    0.320402    0.324605 0.000599284
         548    0.304773    0.324569 0.000599283
         549    0.343407    0.324603 0.000599173
         550    0.300249    0.324559 0.000599717
         551    0.347002      0.3246  0.00060001
         552     0.29975    0.324555  0.00060061
         553    0.316663     0.32454 0.000599693
         554    0.322715    0.324537  0.00059862
         555    0.330391    0.324548 0.000597634
         556    0.334977    0.324566 0.000596853
         557    0.339031    0.324592 0.000596347
         558     0.34199    0.324624 0.000596092
         559    0.326423    0.324627 0.000595035
         560    0.323476    0.324625 0.000593976
         561    0.340024    0.324652 0.000593551
         562    0.336237    0.324673 0.000592852
         563    0.297537    0.324625 0.000593755
         564    0.326781    0.324628 0.000592715
         565    0.335089    0.324647 0.000591955
         566    0.331913     0.32466 0.000591048
         567    0.329095    0.324668 0.000590058
         568    0.322645    0.324664  0.00058903
         569    0.318136    0.324653 0.000588106
         570    0.318934    0.324643  0.00058716
         571     0.30897    0.324615 0.000586773
         572    0.346053    0.324653 0.000586943
         573    0.332701    0.324667 0.000586086
         574    0.353461    0.324717 0.000587208
         575    0.352163    0.324764 0.000588124
         576    0.317098    0.324751 0.000587253
         577    0.331279    0.324763 0.000586344
         578    0.316607    0.324748   0.0005855
         579    0.311315    0.324725 0.000584948
         580    0.325417    0.324726 0.000583941
         581    0.305907    0.324694 0.000583833
         582    0.334701    0.324711 0.000583083
         583    0.324806    0.324711 0.000582083
         584    0.313724    0.324693  0.00058139
         585    0.344001    0.324726 0.000581333
         586    0.322448    0.324722 0.000580354
         587    0.327135    0.324726  0.00057938
         588    0.314419    0.324708 0.000578659
         589    0.288971    0.324648 0.000580849
         590    0.336518    0.324668 0.000580213
         591    0.320412     0.32466 0.000579276
         592    0.334054    0.324676 0.000578515
         593    0.324483    0.324676 0.000577539
         594    0.327629    0.324681 0.000576588
         595    0.342722    0.324711 0.000576416
         596    0.318104      0.3247 0.000575555
         597    0.353906    0.324749 0.000576667
         598    0.305602    0.324717  0.00057659
         599    0.333577    0.324732 0.000575818
         600    0.315458    0.324716 0.000575065
         601    0.326091    0.324719 0.000574113
         602    0.326632    0.324722 0.000573168
         603    0.351765    0.324767 0.000573969
         604    0.333709    0.324782  0.00057321
         605    0.297437    0.324736 0.000574042
         606    0.351128     0.32478 0.000574744
         607    0.324067    0.324779 0.000573798
         608    0.358926    0.324835 0.000575597
         609    0.327629     0.32484  0.00057467
         610    0.317802    0.324828 0.000573844
         611    0.304548    0.324795 0.000573864
         612    0.321487    0.324789 0.000572951
         613    0.313482    0.324771 0.000572314
         614    0.326577    0.324774 0.000571389
         615    0.312182    0.324753 0.000570827
         616    0.317122    0.324741 0.000570034
         617    0.315475    0.324726 0.000569308
         618    0.329977    0.324734 0.000568451
         619    0.335889    0.324753 0.000567818
         620      0.3161    0.324739 0.000567073
         621     0.33865    0.324761 0.000566603
         622    0.344488    0.324793 0.000566578
         623    0.322056    0.324788 0.000565686
         624    0.302938    0.324753 0.000565862
         625    0.329227     0.32476 0.000565002
         626    0.290922    0.324706 0.000566679
         627    0.333058     0.32472 0.000565932
         628    0.342137    0.324747  0.00056571
         629    0.307801     0.32472 0.000565452
         630    0.300999    0.324683 0.000565807
         631    0.310095     0.32466 0.000565382
         632    0.319581    0.324652 0.000564545
         633    0.326441    0.324654  0.00056366
         634    0.324801    0.324655 0.000562771
         635     0.32568    0.324656 0.000561887
         636    0.315935    0.324643 0.000561171
         637    0.320456    0.324636 0.000560328
         638    0.314607     0.32462 0.000559671
         639    0.307438    0.324593  0.00055944
         640    0.309868     0.32457 0.000559039
         641    0.328744    0.324577 0.000558205
         642    0.326474     0.32458 0.000557343
         643    0.349979    0.324619 0.000557875
         644    0.318243    0.324609 0.000557096
         645    0.308614    0.324585 0.000556784
         646    0.348389    0.324622  0.00055714
         647    0.317847    0.324611 0.000556378
         648    0.346151    0.324644 0.000556511
         649    0.344708    0.324675 0.000556511
         650    0.338036    0.324696 0.000556035
         651    0.314849    0.324681 0.000555386
         652    0.314101    0.324664 0.000554772
         653    0.342722    0.324692 0.000554611
         654    0.335448    0.324709 0.000554007
         655    0.325971     0.32471 0.000553164
         656    0.327989    0.324715 0.000552343
         657    0.316442    0.324703 0.000551646
         658    0.305526    0.324674 0.000551577
         659    0.323019    0.324671 0.000550746
         660     0.32899    0.324678  0.00054995
         661    0.336362    0.324695 0.000549402
         662    0.315804    0.324682 0.000548737
         663     0.32688    0.324685 0.000547919
         664    0.350086    0.324724 0.000548428
         665    0.338248    0.324744  0.00054798
         666    0.331854    0.324755 0.000547261
         667    0.333812    0.324768 0.000546609
         668    0.329924    0.324776 0.000545845
         669    0.316682    0.324764 0.000545163
         670    0.307611    0.324738  0.00054495
         671    0.319911    0.324731 0.000544186
         672    0.349466    0.324768 0.000544619
         673    0.329459    0.324775 0.000543855
         674     0.32996    0.324782 0.000543102
         675     0.32774    0.324787 0.000542315
         676     0.34286    0.324814 0.000542172
         677    0.336657    0.324831 0.000541653
         678    0.328135    0.324836 0.000540876
         679    0.326468    0.324838 0.000540085
         680    0.305124    0.324809 0.000540068
         681    0.340278    0.324832 0.000539753
         682    0.325577    0.324833 0.000538962
         683    0.348174    0.324867 0.000539255
         684    0.327871    0.324872 0.000538485
         685    0.334364    0.324886 0.000537877
         686    0.301409    0.324851 0.000538181
         687    0.334138    0.324865 0.000537567
         688    0.312186    0.324846 0.000537101
         689    0.315501    0.324833 0.000536493
         690    0.305297    0.324805 0.000536462
         691    0.323599    0.324803 0.000535689
         692    0.302935    0.324771 0.000535846
         693    0.338399    0.324791 0.000535433
         694    0.331705    0.324801 0.000534754
         695    0.327519    0.324805 0.000533999
         696    0.350498    0.324842 0.000534507
         697    0.328291    0.324847 0.000533763
         698    0.319286    0.324839 0.000533057
         699    0.336166    0.324855 0.000532541
         700    0.325333    0.324856 0.000531781
         701    0.340532    0.324878 0.000531492
         702    0.347371     0.32491   0.0005317
         703    0.329555    0.324917 0.000530985
         704    0.332277    0.324927 0.000530333
         705    0.301582    0.324894 0.000530614
         706    0.315677    0.324881 0.000530023
         707    0.305683    0.324854 0.000529968
         708    0.316672    0.324842 0.000529346
         709    0.311825    0.324824 0.000528917
         710    0.307932      0.3248 0.000528707
         711    0.319153    0.324792 0.000528023
         712    0.333289    0.324804 0.000527417
         713    0.339431    0.324825 0.000527076
         714    0.339203    0.324845 0.000526722
         715    0.316449    0.324833 0.000526116
         716    0.303022    0.324802 0.000526262
         717    0.331284    0.324811 0.000525606
         718    0.359766     0.32486 0.000527124
         719    0.349618    0.324895 0.000527514
         720     0.32527    0.324895 0.000526782
         721    0.336999    0.324912 0.000526319
         722    0.338415    0.324931 0.000525922
         723    0.336178    0.324946 0.000525424
         724    0.305805     0.32492 0.000525363
         725    0.363881    0.324973  0.00052738
         726    0.322301     0.32497 0.000526667
         727    0.309026    0.324948 0.000526399
         728    0.316926    0.324937 0.000525791
         729    0.314085    0.324922  0.00052528
         730    0.355589    0.324964 0.000526238
         731    0.319793    0.324957 0.000525566
         732    0.310115    0.324937 0.000525238
         733    0.289994    0.324889 0.000526681
         734    0.332332    0.324899 0.000526061
         735    0.305899    0.324873  0.00052598
         736    0.333467    0.324885 0.000525395
         737    0.305354    0.324858  0.00052535
         738    0.328128    0.324863 0.000524657
         739    0.315149     0.32485 0.000524111
         740    0.332034    0.324859 0.000523493
         741    0.322013    0.324856 0.000522801
         742    0.321447    0.324851 0.000522116
         743    0.323847     0.32485 0.000521415
         744    0.349583    0.324883 0.000521773
         745    0.320711    0.324877 0.000521103
         746    0.337837    0.324895 0.000520694
         747    0.337526    0.324912 0.000520271
         748    0.331658    0.324921 0.000519654
         749    0.328212    0.324925 0.000518979
         750     0.30781    0.324902 0.000518788
         751    0.320317    0.324896 0.000518133
         752    0.327551      0.3249 0.000517456
         753    0.342544    0.324923 0.000517299
         754    0.316586    0.324912 0.000516731
         755    0.317091    0.324902 0.000516151
         756    0.314651    0.324888 0.000515646
         757    0.346304    0.324916 0.000515741
         758    0.328637    0.324921 0.000515084
         759    0.309819    0.324901 0.000514789
         760    0.331634     0.32491 0.000514188
         761    0.360998    0.324958 0.000515694
         762    0.318386    0.324949  0.00051509
         763    0.327427    0.324952 0.000514425
         764    0.333812    0.324964 0.000513882
         765    0.334427    0.324976 0.000513359
         766     0.34159    0.324998 0.000513147
         767    0.311496     0.32498  0.00051278
         768    0.327036    0.324983 0.000512119
         769    0.352632    0.325019 0.000512714
         770    0.341199     0.32504 0.000512478
         771    0.318549    0.325031 0.000511883
         772    0.320234    0.325025 0.000511258
         773    0.308213    0.325004 0.000511059
         774    0.287173    0.324955  0.00051273
         775    0.359545    0.324999 0.000514007
         776    0.327103    0.325002 0.000513352
         777    0.321162    0.324997 0.000512715
         778    0.330555    0.325004 0.000512106
         779    0.310995    0.324986 0.000511764
         780    0.334973    0.324999 0.000511268
         781    0.329356    0.325005 0.000510644
         782    0.311891    0.324988 0.000510267
         783    0.348638    0.325018 0.000510508
         784    0.322781    0.325015 0.000509865
         785    0.301334    0.324985 0.000510107
         786    0.321647    0.324981 0.000509476
         787    0.347937     0.32501 0.000509663
         788    0.328872    0.325015 0.000509039
         789    0.335268    0.325028  0.00050856
         790    0.335066    0.325041 0.000508075
         791    0.313071    0.325025 0.000507658
         792    0.352071     0.32506 0.000508164
         793    0.339681    0.325078 0.000507858
         794    0.324994    0.325078 0.000507218
         795    0.360371    0.325122 0.000508519
         796    0.324721    0.325122 0.000507881
         797    0.320679    0.325116 0.000507274
         798    0.312556      0.3251 0.000506883
         799    0.308218    0.325079 0.000506688
         800    0.311162    0.325062 0.000506354
         801    0.304955    0.325037 0.000506343
         802    0.332537    0.325046 0.000505798
         803    0.311582    0.325029 0.000505446
         804    0.318078    0.325021 0.000504891
         805    0.332839     0.32503 0.000504358
         806    0.333766    0.325041 0.000503848
         807    0.336679    0.325056  0.00050343
         808    0.316699    0.325045 0.000502914
         809    0.344613     0.32507 0.000502873
         810     0.32751    0.325073 0.000502261
         811    0.301592    0.325044 0.000502476
         812    0.339807    0.325062 0.000502186
         813     0.33735    0.325077 0.000501796
         814    0.317572    0.325068 0.000501264
         815    0.331574    0.325076 0.000500712
         816    0.328029    0.325079 0.000500112
         817    0.308258    0.325059 0.000499923
         818    0.322492    0.325056 0.000499322
         819    0.311497    0.325039 0.000498987
         820    0.317434     0.32503 0.000498464
         821    0.309679    0.325011 0.000498208
         822    0.360069    0.325054 0.000499424
         823    0.312511    0.325038  0.00049905
         824    0.326743    0.325041 0.000498448
         825    0.328882    0.325045 0.000497866
         826    0.310247    0.325027 0.000497585
         827    0.314956    0.325015 0.000497133
         828    0.304559     0.32499 0.000497146
         829    0.316594     0.32498 0.000496649
         830    0.331512    0.324988 0.000496113
         831     0.32199    0.324985 0.000495529
         832    0.320232    0.324979 0.000494967
         833    0.338951    0.324996 0.000494657
         834    0.317295    0.324986  0.00049415
         835    0.326298    0.324988  0.00049356
         836    0.307631    0.324967 0.000493406
         837    0.331455    0.324975 0.000492878
         838    0.343829    0.324997 0.000492803
         839    0.315148    0.324986 0.000492355
         840    0.355825    0.325022 0.000493136
         841    0.336262    0.325036 0.000492731
         842    0.322539    0.325033 0.000492154
         843     0.35183    0.325065 0.000492596
         844    0.315543    0.325053 0.000492142
         845    0.324025    0.325052 0.000491561
         846    0.339053    0.325069 0.000491258
         847    0.323845    0.325067  0.00049068
         848    0.322983    0.325065 0.000490108
         849    0.340771    0.325083  0.00048988
         850    0.312398    0.325068 0.000489531
         851    0.333786    0.325079 0.000489063
         852    0.352799    0.325111  0.00048957
         853    0.319592    0.325105 0.000489038
         854     0.32455    0.325104 0.000488466
         855    0.300714    0.325075 0.000488727
         856     0.32184    0.325072 0.000488171
         857    0.367595    0.325121 0.000490116
         858    0.326582    0.325123 0.000489548
         859    0.315573    0.325112 0.000489104
         860    0.334554    0.325123 0.000488659
         861    0.347957    0.325149  0.00048881
         862    0.299839     0.32512 0.000489124
         863    0.316958    0.325111 0.000488649
         864    0.336101    0.325123 0.000488249
         865     0.33289    0.325132 0.000487767
         866    0.332466    0.325141 0.000487277
         867    0.320653    0.325136 0.000486743
         868    0.336925    0.325149 0.000486372
         869    0.308992    0.325131 0.000486167
         870    0.342464     0.32515 0.000486016
         871    0.314413    0.325138 0.000485615
         872    0.284674    0.325092  0.00048727
         873    0.341217     0.32511 0.000487062
         874    0.316685    0.325101   0.0004866
         875    0.327691    0.325104 0.000486053
         876    0.318593    0.325096 0.000485555
         877    0.322551    0.325093  0.00048501
         878    0.305612    0.325071 0.000484965
         879    0.330705    0.325077 0.000484455
         880    0.353223    0.325109 0.000484959
         881    0.316311    0.325099 0.000484512
         882    0.335287    0.325111   0.0004841
         883      0.3334     0.32512 0.000483643
         884    0.319052    0.325113 0.000483144
         885     0.33213    0.325121 0.000482663
         886    0.342128    0.325141   0.0004825
         887    0.301661    0.325114 0.000482682
         888    0.317982    0.325106 0.000482205
         889    0.316365    0.325096 0.000481763
         890    0.332228    0.325104 0.000481288
         891    0.305301    0.325082 0.000481261
         892    0.334347    0.325092 0.000480834
         893    0.343561    0.325113  0.00048074
         894    0.305827    0.325092 0.000480686
         895    0.300721    0.325064 0.000480919
         896    0.333015    0.325073 0.000480464
         897    0.334472    0.325084 0.000480043
         898     0.32098    0.325079  0.00047953
         899    0.351007    0.325108 0.000479863
         900    0.278629    0.325056 0.000482101
         901     0.31315    0.325043 0.000481747
         902     0.31055    0.325027 0.000481481
         903    0.318949     0.32502 0.000480995
         904    0.322513    0.325018 0.000480471
         905    0.312019    0.325003 0.000480154
         906    0.312269    0.324989  0.00047983
         907    0.329039    0.324994 0.000479322
         908    0.369792    0.325043 0.000481326
         909    0.316285    0.325033 0.000480893
         910    0.325683    0.325034 0.000480365
         911    0.311013    0.325019 0.000480084
         912    0.338977    0.325034 0.000479802
         913    0.341997    0.325052 0.000479636
         914    0.329586    0.325057 0.000479137
         915    0.327607     0.32506 0.000478621
         916    0.288915    0.325021 0.000479723
         917    0.316201    0.325011 0.000479296
         918    0.326229    0.325012 0.000478776
         919    0.318554    0.325005 0.000478306
         920    0.337923    0.325019 0.000477993
         921    0.315914     0.32501 0.000477576
         922    0.322808    0.325007 0.000477064
         923    0.352703    0.325037  0.00047749
         924    0.330777    0.325043 0.000477013
         925    0.354034    0.325075 0.000477526
         926    0.336481    0.325087 0.000477169
         927    0.327326    0.325089 0.000476661
         928    0.327446    0.325092 0.000476154
         929    0.341197    0.325109 0.000475957
         930    0.327571    0.325112 0.000475452
         931    0.344578    0.325133 0.000475401
         932    0.345972    0.325155 0.000475416
         933    0.310583     0.32514 0.000475163
         934    0.341455    0.325157 0.000474976
         935    0.303327    0.325134 0.000475041
         936    0.328102    0.325137 0.000474544
         937    0.325456    0.325137 0.000474038
         938    0.324706    0.325137 0.000473533
         939    0.316845    0.325128 0.000473111
         940    0.330398    0.325134 0.000472641
         941    0.317999    0.325126 0.000472199
         942    0.318148    0.325119 0.000471756
         943     0.33678    0.325131 0.000471418
         944    0.325133    0.325131 0.000470918
         945    0.337922    0.325145 0.000470615
         946    0.333012    0.325153 0.000470191
         947    0.323905    0.325152 0.000469696
         948    0.342819     0.32517  0.00046957
         949    0.334494     0.32518 0.000469178
         950    0.352674    0.325209 0.000469576
         951    0.347052    0.325232 0.000469644
         952    0.325211    0.325232  0.00046915
         953    0.354984    0.325263 0.000469696
         954    0.344225    0.325283 0.000469624
         955    0.321771    0.325279 0.000469146
         956    0.312092    0.325265 0.000468858
         957    0.311975    0.325252 0.000468574
         958    0.315674    0.325242 0.000468191
         959    0.336456    0.325253 0.000467849
         960    0.305392    0.325233 0.000467819
         961    0.310646    0.325217 0.000467578
         962    0.336533    0.325229  0.00046724
         963    0.309851    0.325213 0.000467028
         964     0.32768    0.325216 0.000466551
         965    0.338694     0.32523 0.000466276
         966    0.328121    0.325233 0.000465803
         967    0.304348    0.325211 0.000465822
         968    0.322891    0.325209 0.000465347
         969    0.324408    0.325208 0.000464867
         970    0.305607    0.325188 0.000464827
         971    0.317868     0.32518 0.000464409
         972    0.347746    0.325203 0.000464512
         973    0.322224      0.3252 0.000464044
         974    0.321667    0.325197 0.000463582
         975    0.332997    0.325205 0.000463176
         976    0.311652    0.325191 0.000462909
         977    0.320579    0.325186 0.000462459
         978    0.309021     0.32517 0.000462282
         979    0.311352    0.325155 0.000462025
         980    0.315342    0.325145 0.000461662
         981    0.304004    0.325124 0.000461694
         982     0.32678    0.325126 0.000461227
         983    0.332057    0.325133 0.000460812
         984    0.303538    0.325111 0.000460866
         985    0.329583    0.325115  0.00046042
         986    0.318961    0.325109 0.000459996
         987    0.316784    0.325101 0.000459607
         988    0.324886      0.3251 0.000459142
         989    0.331808    0.325107 0.000458727
         990    0.311419    0.325093 0.000458472
         991    0.303795    0.325072 0.000458513
         992    0.314551    0.325061 0.000458174
         993    0.328965    0.325065 0.000457729
         994    0.321189    0.325061 0.000457285
         995     0.31365     0.32505 0.000456969
         996    0.308272    0.325033 0.000456821
         997    0.328277    0.325036 0.000456374
         998    0.327071    0.325038 0.000455922
         999    0.281567    0.324995 0.000457537
        1000    0.299709    0.324969 0.000457778
        1001    0.339809    0.324984 0.000457561
        1002    0.321452    0.324981 0.000457117
        1003    0.348772    0.325004 0.000457277
        1004    0.338797    0.325018 0.000457028
        1005    0.321682    0.325015 0.000456585
        1006    0.332596    0.325022 0.000456193
        1007    0.333615    0.325031  0.00045582
        1008    0.328978    0.325035 0.000455385
        1009    0.333381    0.325043 0.000455008
        1010    0.318233    0.325036 0.000454608
        1011    0.324543    0.325036 0.000454158
        1012    0.317818    0.325029 0.000453766
        1013     0.31018    0.325014 0.000453554
        1014    0.329251    0.325018 0.000453126
        1015    0.337339     0.32503 0.000452843
        1016     0.33397    0.325039 0.000452482
        1017    0.319155    0.325033 0.000452074
        1018    0.346817    0.325055 0.000452136
        1019    0.318828    0.325049 0.000451734
        1020    0.338551    0.325062 0.000451485
        1021    0.326075    0.325063 0.000451044
        1022    0.324162    0.325062 0.000450603
        1023    0.314745    0.325052 0.000450276
        1024     0.32673    0.325054 0.000449839
        1025     0.30193    0.325031 0.000449966
        1026    0.321983    0.325028 0.000449537
        1027     0.33512    0.325038 0.000449206
        1028    0.343528    0.325056 0.000449129
        1029    0.297889    0.325029 0.000449468
        1030    0.315898    0.325021 0.000449119
        1031    0.315236    0.325011 0.000448784
        1032    0.307377    0.324994 0.000448674
        1033    0.342626    0.325011 0.000448565
        1034    0.349266    0.325035 0.000448744
        1035    0.329536    0.325039 0.000448331
        1036    0.345414    0.325059  0.00044833
        1037    0.313278    0.325047 0.000448041
        1038     0.30882    0.325032 0.000447882
        1039    0.320022    0.325027 0.000447477
        1040    0.327277    0.325029 0.000447052
        1041    0.319078    0.325023 0.000446659
        1042    0.295802    0.324995  0.00044711
        1043    0.331895    0.325002  0.00044673
        1044    0.348698    0.325024 0.000446878
        1045    0.330671     0.32503 0.000446484
        1046    0.328673    0.325033  0.00044607
        1047    0.330642    0.325039 0.000445676
        1048    0.333697    0.325047 0.000445328
        1049    0.320629    0.325043 0.000444923
        1050    0.305936    0.325025 0.000444871
        1051    0.310318    0.325011 0.000444668
        1052    0.315758    0.325002 0.000444332
        1053    0.331687    0.325008 0.000443956
        1054    0.340523    0.325023 0.000443778
        1055     0.31839    0.325017 0.000443402
        1056    0.351858    0.325042  0.00044371
        1057    0.313645    0.325031 0.000443422
        1058    0.309468    0.325016 0.000443246
        1059    0.342438    0.325033 0.000443133
        1060    0.314872    0.325023 0.000442819
        1061    0.316494    0.325015 0.000442474
        1062    0.320367    0.325011 0.000442079
        1063    0.321657    0.325008 0.000441675
        1064    0.332227    0.325015 0.000441312
        1065    0.340337    0.325029 0.000441132
        1066    0.337683    0.325041 0.000440878
        1067    0.350501    0.325065  0.00044111
        1068    0.356624    0.325094 0.000441685
        1069    0.318934    0.325088  0.00044131
        1070    0.297538    0.325063 0.000441648
        1071    0.315853    0.325054 0.000441319
        1072    0.330254    0.325059 0.000440934
        1073    0.348828    0.325081 0.000441079
        1074    0.349383    0.325104 0.000441249
        1075    0.322562    0.325101 0.000440844
        1076     0.34518     0.32512  0.00044083
        1077    0.301431    0.325098 0.000440969
        1078    0.325852    0.325099  0.00044056
        1079    0.324953    0.325099 0.000440152
        1080    0.326143      0.3251 0.000439745
        1081    0.329891    0.325104 0.000439361
        1082    0.311496    0.325091 0.000439135
        1083    0.307906    0.325076 0.000439016
        1084    0.340143    0.325089 0.000438831
        1085    0.347748     0.32511 0.000438923
        1086     0.31647    0.325102 0.000438591
        1087     0.33608    0.325113 0.000438304
        1088    0.322658     0.32511 0.000437907
        1089     0.32683    0.325112 0.000437507
        1090    0.331862    0.325118  0.00043715
        1091     0.30319    0.325098 0.000437211
        1092    0.310055    0.325084 0.000437028
        1093    0.323616    0.325083  0.00043663
        1094     0.31004    0.325069 0.000436447
        1095    0.327966    0.325072 0.000436057
        1096    0.340482    0.325086 0.000435885
        1097     0.34738    0.325106 0.000435962
        1098    0.344776    0.325124 0.000435932
        1099    0.344013    0.325141 0.000435874
        1100      0.3343     0.32515 0.000435558
        1101    0.329448    0.325153  0.00043518
        1102    0.350688    0.325177 0.000435401
        1103    0.289364    0.325144 0.000436215
        1104    0.322682    0.325142 0.000435826
        1105    0.322464    0.325139 0.000435438
        1106    0.320977    0.325136 0.000435061
        1107    0.325306    0.325136 0.000434668
        1108    0.286259    0.325101 0.000435689
        1109    0.322201    0.325098 0.000435304
        1110    0.311605    0.325086 0.000435082
        1111    0.331906    0.325092 0.000434734
        1112    0.321483    0.325089 0.000434355
        1113    0.319299    0.325084 0.000433996
        1114    0.325865    0.325084 0.000433607
        1115    0.343699    0.325101 0.000433539
        1116    0.321154    0.325098 0.000433165
        1117    0.306643    0.325081 0.000433092
        1118    0.308053    0.325066 0.000432972
        1119    0.343616    0.325082 0.000432903
        1120    0.319438    0.325077 0.000432546
        1121    0.327994     0.32508 0.000432168
        1122    0.338095    0.325092 0.000431938
        1123    0.329174    0.325095 0.000431569
        1124       0.308     0.32508 0.000431453
        1125     0.31236    0.325069 0.000431217
        1126    0.316976    0.325061 0.000430894
        1127    0.323378     0.32506 0.000430514
        1128    0.316641    0.325053 0.000430198
        1129    0.345589    0.325071 0.000430201
        1130    0.333999    0.325079 0.000429893
        1131    0.296776    0.325054  0.00043024
        1132    0.357778    0.325082  0.00043083
        1133    0.337083    0.325093  0.00043058
        1134    0.321706     0.32509 0.000430211
        1135    0.342865    0.325106 0.000430117
        1136    0.334106    0.325114 0.000429811
        1137    0.341757    0.325128 0.000429682
        1138    0.327328     0.32513 0.000429309
        1139    0.312283    0.325119  0.00042908
        1140    0.333804    0.325127 0.000428772
        1141    0.324448    0.325126 0.000428396
        1142     0.34877    0.325147 0.000428521
        1143     0.31558    0.325138 0.000428228
        1144    0.311477    0.325126  0.00042802
        1145     0.35353    0.325151 0.000428365
        1146    0.302155    0.325131  0.00042846
        1147    0.331692    0.325137 0.000428125
        1148    0.301085    0.325116 0.000428264
        1149     0.32674    0.325117 0.000427894
        1150    0.332428    0.325124 0.000427569
        1151    0.327698    0.325126 0.000427204
        1152     0.32216    0.325123 0.000426841
        1153    0.336292    0.325133  0.00042658
        1154    0.316978    0.325126 0.000426269
        1155    0.303012    0.325107  0.00042633
        1156    0.348577    0.325127 0.000426444
        1157    0.300656    0.325106   0.0004266
        1158    0.334782    0.325114 0.000426313
        1159    0.321345    0.325111 0.000425958
        1160    0.332591    0.325118 0.000425639
        1161    0.314248    0.325108 0.000425376
        1162     0.34378    0.325124 0.000425313
        1163    0.311356    0.325112 0.000425112
        1164    0.308313    0.325098 0.000424992
        1165    0.330447    0.325103 0.000424652
        1166    0.332809    0.325109 0.000424339
        1167    0.305415    0.325092 0.000424311
        1168    0.327097    0.325094 0.000423951
        1169    0.331604      0.3251 0.000423625
        1170    0.343109    0.325115 0.000423542
        1171    0.326135    0.325116 0.000423182
        1172    0.306953      0.3251 0.000423104
        1173    0.332622    0.325107 0.000422792
        1174    0.334981    0.325115 0.000422516
        1175    0.334544    0.325123 0.000422232
        1176     0.31081    0.325111 0.000422049
        1177    0.327432    0.325113 0.000421695
        1178    0.346954    0.325132 0.000421744
        1179    0.330156    0.325136 0.000421408
        1180    0.342359     0.32515 0.000421303
        1181      0.3425    0.325165 0.000421203
        1182    0.289304    0.325135 0.000421938
        1183    0.332134    0.325141 0.000421622
        1184    0.330374    0.325145  0.00042129
        1185    0.329736    0.325149 0.000420952
        1186    0.333209    0.325156 0.000420652
        1187     0.31382    0.325146 0.000420406
        1188     0.35024    0.325167 0.000420582
        1189    0.334516    0.325175 0.000420302
        1190     0.31256    0.325165 0.000420082
        1191    0.322589    0.325162 0.000419735
        1192    0.343056    0.325177 0.000419652
        1193    0.318116    0.325171 0.000419341
        1194    0.313874    0.325162 0.000419097
        1195    0.326303    0.325163 0.000418747
        1196    0.304583    0.325146 0.000418751
        1197    0.356909    0.325172 0.000419241
        1198    0.322496     0.32517 0.000418897
        1199    0.352349    0.325193  0.00041916
        1200    0.322984    0.325191 0.000418815
        1201    0.330605    0.325195  0.00041849
        1202    0.335169    0.325204 0.000418225
        1203    0.319342    0.325199 0.000417905
        1204    0.305252    0.325182 0.000417886
        1205    0.335163    0.325191 0.000417622
        1206    0.338536    0.325202 0.000417422
        1207    0.364561    0.325234 0.000418348
        1208    0.345338    0.325251 0.000418333
        1209    0.321622    0.325248 0.000417997
        1210    0.327825     0.32525 0.000417657
        1211    0.309232    0.325237 0.000417522
        1212     0.33014    0.325241 0.000417197
        1213    0.316827    0.325234 0.000416911
        1214    0.302016    0.325215 0.000417006
        1215    0.323808    0.325214 0.000416664
        1216    0.321719    0.325211 0.000416331
        1217    0.322878    0.325209 0.000415994
        1218    0.322716    0.325207 0.000415657
        1219    0.336002    0.325216  0.00041541
        1220    0.320719    0.325212 0.000415086
        1221    0.296853    0.325189 0.000415396
        1222    0.342362    0.325203 0.000415293
        1223    0.318688    0.325197 0.000414988
        1224    0.340748     0.32521 0.000414843
        1225    0.325359     0.32521 0.000414505
        1226    0.326462    0.325211 0.000414168
        1227    0.306998    0.325196 0.000414096
        1228    0.337772    0.325207 0.000413886
        1229    0.320228    0.325203 0.000413569
        1230    0.305619    0.325187 0.000413539
        1231    0.341849      0.3252 0.000413424
        1232    0.337754     0.32521 0.000413214
        1233    0.329758    0.325214 0.000412896
        1234    0.357189     0.32524 0.000413373
        1235    0.316397    0.325233 0.000413101
        1236    0.344023    0.325248 0.000413046
        1237    0.325226    0.325248 0.000412712
        1238    0.310873    0.325236 0.000412542
        1239    0.330669    0.325241 0.000412232
        1240    0.309415    0.325228 0.000412098
        1241    0.333947    0.325235 0.000411825
        1242    0.342599    0.325249 0.000411731
        1243    0.306094    0.325234 0.000411688
        1244    0.341022    0.325246 0.000411553
        1245    0.320515    0.325243  0.00041124
        1246    0.323379    0.325241 0.000410912
        1247    0.300876    0.325222 0.000411047
        1248    0.318171    0.325216 0.000410757
        1249    0.332898    0.325222 0.000410474
        1250    0.334431    0.325229 0.000410211
        1251    0.316989    0.325223 0.000409936
        1252    0.317472    0.325217 0.000409656
        1253    0.334012    0.325224 0.000409389
        1254    0.328522    0.325226 0.000409071
        1255     0.32027    0.325222 0.000408764
        1256    0.328486    0.325225 0.000408447
        1257    0.319229     0.32522  0.00040815
        1258    0.315502    0.325212 0.000407898
        1259    0.304608    0.325196 0.000407903
        1260    0.329249    0.325199 0.000407592
        1261    0.325152    0.325199 0.000407268
        1262    0.325427    0.325199 0.000406946
        1263    0.349958    0.325219 0.000407095
        1264    0.319227    0.325214 0.000406801
        1265    0.332532     0.32522  0.00040652
        1266      0.3253     0.32522 0.000406199
        1267    0.316018    0.325213 0.000405944
        1268    0.333935     0.32522 0.000405682
        1269    0.357831    0.325245 0.000406175
        1270    0.318233     0.32524 0.000405893
        1271    0.304798    0.325224 0.000405892
        1272    0.325264    0.325224 0.000405573
        1273    0.327974    0.325226  0.00040526
        1274    0.297215    0.325204 0.000405538
        1275    0.330289    0.325208  0.00040524
        1276    0.304979    0.325192 0.000405232
        1277    0.354159    0.325215 0.000405549
        1278    0.338279    0.325225 0.000405361
        1279    0.312747    0.325215 0.000405161
        1280    0.330643     0.32522 0.000404867
        1281     0.34307    0.325233  0.00040479
        1282    0.337008    0.325243 0.000404579
        1283    0.300566    0.325223  0.00040472
        1284    0.293376    0.325199 0.000405164
        1285    0.318304    0.325193 0.000404885
        1286    0.330635    0.325198 0.000404592
        1287    0.327752    0.325199 0.000404282
        1288    0.339083     0.32521 0.000404112
        1289    0.331562    0.325215 0.000403829
        1290    0.301867    0.325197 0.000403921
        1291    0.342276     0.32521 0.000403825
        1292    0.326823    0.325212 0.000403514
        1293    0.345665    0.325227 0.000403512
        1294    0.340258    0.325239 0.000403367
        1295    0.295785    0.325216 0.000403697
        1296    0.334363    0.325223 0.000403447
        1297    0.325017    0.325223 0.000403136
        1298     0.32705    0.325225 0.000402828
        1299    0.327779    0.325227 0.000402522
        1300     0.34551    0.325242 0.000402515
        1301    0.329403    0.325245 0.000402218
        1302    0.345649    0.325261 0.000402215
        1303    0.325232    0.325261 0.000401906
        1304    0.324742    0.325261 0.000401598
        1305    0.304618    0.325245 0.000401602
        1306    0.302232    0.325227  0.00040168
        1307    0.339227    0.325238 0.000401516
        1308    0.315778    0.325231 0.000401274
        1309    0.307285    0.325217 0.000401202
        1310    0.313218    0.325208    0.000401
        1311    0.323021    0.325206 0.000400698
        1312    0.319071    0.325201 0.000400419
        1313    0.325636    0.325202 0.000400115
        1314    0.328795    0.325204 0.000399819
        1315    0.330522    0.325209 0.000399536
        1316    0.332811    0.325214 0.000399274
        1317    0.307549    0.325201 0.000399196
        1318    0.348006    0.325218 0.000399268
        1319    0.344632    0.325233 0.000399236
        1320    0.303327    0.325216 0.000399279
        1321    0.324648    0.325216 0.000398977
        1322    0.311007    0.325205  0.00039882
        1323    0.338686    0.325215 0.000398648
        1324    0.339892    0.325226 0.000398501
        1325     0.30998    0.325215 0.000398367
        1326    0.316298    0.325208 0.000398123
        1327    0.331531    0.325213 0.000397852
        1328    0.297536    0.325192 0.000398097
        1329    0.328526    0.325195 0.000397806
        1330    0.310852    0.325184 0.000397653
        1331    0.290567    0.325158 0.000398204
        1332    0.330277    0.325162 0.000397923
        1333    0.315347    0.325154 0.000397693
        1334    0.336479    0.325163 0.000397485
        1335    0.341132    0.325175 0.000397368
        1336    0.339576    0.325186 0.000397216
        1337    0.335094    0.325193 0.000396988
        1338    0.327576    0.325195 0.000396696
        1339    0.307552    0.325182 0.000396618
        1340    0.295385    0.325159 0.000396945
        1341    0.327026    0.325161 0.000396651
        1342    0.317439    0.325155 0.000396398
        1343    0.321967    0.325153  0.00039611
        1344    0.336458    0.325161 0.000395904
        1345    0.325158    0.325161  0.00039561
        1346    0.315354    0.325154 0.000395383
        1347    0.334528    0.325161 0.000395151
        1348    0.325189    0.325161 0.000394858
        1349     0.32881    0.325163 0.000394574
        1350    0.337708    0.325173 0.000394391
        1351    0.325541    0.325173 0.000394099
        1352    0.324186    0.325172 0.000393809
        1353    0.337958    0.325182 0.000393631
        1354    0.341078    0.325193 0.000393515
        1355    0.321861    0.325191 0.000393233
        1356    0.325704    0.325191 0.000392943
        1357    0.315253    0.325184 0.000392721
        1358    0.308115    0.325171 0.000392633
        1359     0.32272     0.32517 0.000392349
        1360    0.319579    0.325166 0.000392082
        1361    0.310432    0.325155 0.000391943
        1362    0.309745    0.325143 0.000391818
        1363    0.314586    0.325136 0.000391607
        1364    0.331875    0.325141 0.000391352
        1365    0.319728    0.325137 0.000391085
        1366    0.322282    0.325135 0.000390804
        1367    0.318857     0.32513 0.000390545
        1368    0.342447    0.325143 0.000390465
        1369    0.320727    0.325139 0.000390193
        1370    0.309452    0.325128 0.000390076
        1371    0.346107    0.325143 0.000390092
        1372     0.30783    0.325131 0.000390011
        1373    0.316779    0.325125 0.000389775
        1374    0.316691    0.325118 0.000389539
        1375    0.325689    0.325119 0.000389256
        1376    0.319873    0.325115 0.000388992
        1377    0.337305    0.325124  0.00038881
        1378    0.334091     0.32513 0.000388583
        1379     0.32074    0.325127 0.000388314
        1380    0.341405    0.325139 0.000388212
        1381    0.320274    0.325135 0.000387946
        1382    0.312838    0.325127 0.000387768
        1383    0.325873    0.325127 0.000387488
        1384    0.336878    0.325136 0.000387301
        1385    0.319327    0.325131 0.000387044
        1386    0.325675    0.325132 0.000386765
        1387    0.306664    0.325118 0.000386715
        1388    0.305746    0.325104 0.000386688
        1389    0.318434      0.3251  0.00038644
        1390    0.331122    0.325104 0.000386186
        1391    0.350289    0.325122 0.000386333
        1392    0.334265    0.325129 0.000386111
        1393    0.349534    0.325146 0.000386231
        1394    0.321979    0.325144 0.000385961
        1395     0.30559     0.32513 0.000385938
        1396     0.32431    0.325129 0.000385662
        1397    0.334222    0.325136 0.000385441
        1398    0.319357    0.325132 0.000385188
        1399    0.293713    0.325109 0.000385566
        1400    0.325497     0.32511 0.000385291
        1401    0.350369    0.325128 0.000385438
        1402     0.34503    0.325142 0.000385424
        1403    0.319865    0.325138 0.000385168
        1404    0.326924    0.325139 0.000384896
        1405    0.311139    0.325129 0.000384751
        1406    0.323745    0.325128 0.000384478
        1407    0.335793    0.325136  0.00038428
        1408    0.327258    0.325137  0.00038401
        1409    0.337238    0.325146 0.000383833
        1410    0.315768    0.325139 0.000383619
        1411    0.310208    0.325129 0.000383493
        1412     0.31535    0.325122 0.000383283
        1413    0.321591    0.325119  0.00038302
        1414    0.309957    0.325109   0.0003829
        1415    0.338374    0.325118 0.000382744
        1416    0.313611     0.32511  0.00038256
        1417    0.300011    0.325092   0.0003827
        1418    0.362879    0.325119 0.000383356
        1419    0.307542    0.325106 0.000383286
        1420    0.334166    0.325113 0.000383069
        1421    0.312791    0.325104 0.000382898
        1422    0.333524     0.32511 0.000382674
        1423    0.324537     0.32511 0.000382406
        1424    0.345697    0.325124  0.00038241
        1425     0.31685    0.325118 0.000382186
        1426    0.324663    0.325118 0.000381918
        1427    0.327488     0.32512 0.000381654
        1428    0.335593    0.325127 0.000381457
        1429      0.3147     0.32512  0.00038126
        1430    0.340337     0.32513 0.000381142
        1431    0.317767    0.325125  0.00038091
        1432    0.320106    0.325122 0.000380661
        1433    0.359425    0.325146 0.000381147
        1434    0.291398    0.325122 0.000381607
        1435    0.310343    0.325112  0.00038148
        1436    0.300682    0.325095 0.000381594
        1437    0.343537    0.325108 0.000381544
        1438    0.309704    0.325097 0.000381429
        1439    0.319957    0.325093  0.00038118
        1440    0.347963    0.325109 0.000381246
        1441    0.370287    0.325141 0.000382269
        1442    0.346613    0.325155 0.000382294
        1443    0.344846    0.325169 0.000382272
        1444    0.318471    0.325164 0.000382035
        1445    0.299814    0.325147 0.000382174
        1446    0.326681    0.325148 0.000381911
        1447    0.329801    0.325151  0.00038166
        1448    0.330858    0.325155 0.000381417
        1449    0.305718    0.325142  0.00038139
        1450    0.337901     0.32515 0.000381228
        1451    0.324718     0.32515 0.000380966
        1452    0.312154    0.325141 0.000380808
        1453     0.29604    0.325121 0.000381073
        1454    0.314576    0.325114  0.00038088
        1455    0.325595    0.325114 0.000380618
        1456    0.344458    0.325128 0.000380588
        1457    0.320695    0.325125 0.000380339
        1458      0.3461    0.325139  0.00038035
        1459    0.335319    0.325146 0.000380154
        1460    0.330352    0.325149  0.00037991
        1461    0.318773    0.325145 0.000379675
        1462    0.328044    0.325147 0.000379421
        1463    0.333359    0.325153 0.000379203
        1464    0.323122    0.325151 0.000378946
        1465     0.33306    0.325157 0.000378726
        1466     0.32544    0.325157 0.000378468
        1467    0.342639    0.325169 0.000378397
        1468    0.331483    0.325173 0.000378164
        1469    0.318182    0.325168 0.000377936
        1470    0.311203    0.325159 0.000377799
        1471    0.331941    0.325163  0.00037757
        1472    0.327212    0.325165 0.000377316
        1473    0.327188    0.325166 0.000377062
        1474    0.344268    0.325179 0.000377029
        1475    0.333264    0.325185 0.000376814
        1476    0.323768    0.325184 0.000376559
        1477    0.327193    0.325185 0.000376307
        1478    0.329796    0.325188 0.000376065
        1479    0.324406    0.325188 0.000375811
        1480    0.312942    0.325179 0.000375649
        1481    0.307169    0.325167 0.000375592
        1482    0.304644    0.325153 0.000375593
        1483    0.321204    0.325151  0.00037535
        1484    0.308401    0.325139 0.000375266
        1485     0.32146    0.325137 0.000375022
        1486    0.318646    0.325133 0.000374795
        1487    0.322737    0.325131 0.000374546
        1488    0.318951    0.325127 0.000374318
        1489    0.336945    0.325135  0.00037415
        1490    0.312778    0.325126 0.000373991
        1491    0.323266    0.325125 0.000373742
        1492    0.350095    0.325142 0.000373866
        1493    0.315084    0.325135 0.000373677
        1494    0.330064    0.325139 0.000373441
        1495     0.32532    0.325139 0.000373191
        1496    0.334136    0.325145  0.00037299
        1497    0.309705    0.325134 0.000372884
        1498    0.329082    0.325137 0.000372644
        1499    0.325255    0.325137 0.000372396
        1500    0.323448    0.325136 0.000372149
        1501    0.312328    0.325127 0.000371999
        1502    0.324975    0.325127 0.000371751
        1503    0.332132    0.325132 0.000371533
        1504    0.302874    0.325117 0.000371581
        1505    0.326942    0.325118 0.000371336
        1506    0.329669    0.325121 0.000371102
        1507     0.33868     0.32513 0.000370964
        1508    0.307917    0.325119 0.000370894
        1509    0.347925    0.325134 0.000370956
        1510    0.355369    0.325154  0.00037125
        1511    0.348613     0.32517 0.000371329
        1512    0.335252    0.325176 0.000371143
        1513    0.315444     0.32517 0.000370954
        1514    0.344616    0.325183 0.000370931
        1515    0.307523    0.325171 0.000370869
        1516    0.307538    0.325159 0.000370807
        1517    0.334162    0.325165  0.00037061
        1518    0.314024    0.325158 0.000370439
        1519    0.350518    0.325175 0.000370571
        1520    0.322103    0.325173 0.000370333
        1521    0.321903    0.325171 0.000370095
        1522    0.322387    0.325169 0.000369857
        1523    0.323318    0.325167 0.000369616
        1524    0.311035    0.325158  0.00036949
        1525    0.316211    0.325152 0.000369294
        1526    0.342441    0.325164 0.000369226
        1527    0.337068    0.325171 0.000369066
        1528    0.323672     0.32517 0.000368826
        1529    0.319286    0.325167 0.000368605
        1530    0.326004    0.325167 0.000368364
        1531    0.320416    0.325164 0.000368137
        1532    0.268129    0.325127 0.000369774
        1533     0.30938    0.325117 0.000369675
        1534    0.332465    0.325121 0.000369465
        1535    0.327784    0.325123 0.000369229
        1536    0.337948    0.325131 0.000369083
        1537    0.311308    0.325122 0.000368952
        1538    0.322301    0.325121 0.000368717
        1539    0.316402    0.325115 0.000368521
        1540    0.324273    0.325114 0.000368282
        1541    0.312969    0.325107 0.000368127
        1542    0.331442    0.325111 0.000367912
        1543    0.320088    0.325107 0.000367688
        1544    0.313795      0.3251 0.000367522
        1545    0.340346     0.32511 0.000367417
        1546    0.343589    0.325122 0.000367374
        1547    0.319467    0.325118 0.000367154
        1548    0.318209    0.325114 0.000366944
        1549    0.312627    0.325106 0.000366796
        1550    0.318022    0.325101 0.000366588
        1551    0.324236    0.325101 0.000366352
        1552    0.340513    0.325111  0.00036625
        1553    0.339086     0.32512 0.000366125
        1554    0.327233    0.325121 0.000365892
        1555    0.340344    0.325131 0.000365788
        1556    0.324597     0.32513 0.000365553
        1557    0.311229    0.325121 0.000365427
        1558    0.326743    0.325122 0.000365194
        1559    0.335905    0.325129 0.000365025
        1560    0.317547    0.325124 0.000364823
        1561    0.317833     0.32512  0.00036462
        1562     0.32527     0.32512 0.000364386
        1563    0.318256    0.325116  0.00036418
        1564    0.361915    0.325139 0.000364706
        1565    0.309014    0.325129 0.000364619
        1566    0.352323    0.325146 0.000364799
        1567    0.320648    0.325143 0.000364577
        1568    0.330899    0.325147 0.000364363
        1569    0.325626    0.325147 0.000364131
        1570     0.34667    0.325161 0.000364157
        1571    0.344755    0.325173 0.000364139
        1572    0.321016    0.325171 0.000363917
        1573    0.333338    0.325176 0.000363723
        1574    0.325632    0.325176 0.000363492
        1575    0.334092    0.325182 0.000363305
        1576    0.319967    0.325179  0.00036309
        1577    0.342432     0.32519 0.000363024
        1578    0.313236    0.325182 0.000362873
        1579    0.302403    0.325168  0.00036293
        1580    0.328317     0.32517 0.000362706
        1581     0.32324    0.325168 0.000362478
        1582      0.3113     0.32516 0.000362355
        1583    0.307806    0.325149 0.000362292
        1584    0.330089    0.325152 0.000362077
        1585    0.316803    0.325146 0.000361887
        1586    0.338068    0.325155  0.00036175
        1587    0.329286    0.325157 0.000361532
        1588    0.316212    0.325152 0.000361348
        1589    0.327608    0.325153 0.000361124
        1590    0.315525    0.325147 0.000360947
        1591    0.340885    0.325157 0.000360856
        1592    0.322889    0.325155 0.000360632
        1593    0.368259    0.325183 0.000361419
        1594    0.326009    0.325183 0.000361193
        1595    0.301969    0.325169  0.00036126
        1596    0.335975    0.325175 0.000361097
        1597    0.336709    0.325183 0.000360943
        1598    0.332286    0.325187 0.000360744
        1599    0.335097    0.325193 0.000360572
        1600    0.332232    0.325198 0.000360374
        1601    0.342756    0.325209 0.000360315
        1602    0.323278    0.325207 0.000360092
        1603    0.331907    0.325211 0.000359892
        1604    0.321494    0.325209 0.000359675
        1605    0.298129    0.325192 0.000359847
        1606    0.346912    0.325206 0.000359877
        1607    0.322619    0.325204 0.000359656
        1608     0.33152    0.325208 0.000359454
        1609    0.314998    0.325202 0.000359287
        1610    0.316797    0.325197 0.000359101
        1611    0.339461    0.325205 0.000358988
        1612    0.309521    0.325196 0.000358897
        1613    0.298897    0.325179 0.000359044
        1614    0.309832     0.32517 0.000358948
        1615    0.309442     0.32516 0.000358858
        1616    0.325306     0.32516 0.000358636
        1617    0.312382    0.325152 0.000358501
        1618     0.32105     0.32515 0.000358288
        1619    0.317026    0.325145 0.000358102
        1620    0.329684    0.325148 0.000357892
        1621    0.329148     0.32515  0.00035768
        1622    0.332866    0.325155 0.000357491
        1623    0.322749    0.325153 0.000357274
        1624    0.346388    0.325166 0.000357293
        1625    0.334713    0.325172 0.000357121
        1626    0.330168    0.325175 0.000356915
        1627    0.327249    0.325177 0.000356698
        1628    0.340226    0.325186 0.000356598
        1629    0.332515     0.32519 0.000356408
        1630    0.316481    0.325185 0.000356229
        1631    0.322647    0.325183 0.000356014
        1632    0.339832    0.325192 0.000355909
        1633     0.33441    0.325198 0.000355736
        1634    0.343484    0.325209 0.000355694
        1635    0.331036    0.325213 0.000355495
        1636    0.336387     0.32522 0.000355343
        1637    0.346208    0.325232 0.000355357
        1638    0.325096    0.325232  0.00035514
        1639     0.32564    0.325233 0.000354924
        1640     0.31747    0.325228 0.000354739
        1641    0.320355    0.325225 0.000354535
        1642    0.334068     0.32523  0.00035436
        1643    0.306588    0.325219 0.000354326
        1644    0.333309    0.325224 0.000354145
        1645    0.320397    0.325221 0.000353941
        1646    0.313025    0.325214 0.000353804
        1647    0.291358    0.325193 0.000354186
        1648    0.312728    0.325185 0.000354052
        1649    0.338894    0.325194 0.000353935
        1650    0.337772    0.325201 0.000353802
        1651    0.314987    0.325195 0.000353642
        1652    0.336977    0.325202   0.0003535
        1653    0.307184    0.325191 0.000353454
        1654     0.33683    0.325198  0.00035331
        1655    0.344791     0.32521 0.000353295
        1656    0.333939    0.325216 0.000353121
        1657    0.300828    0.325201 0.000353214
        1658    0.342567    0.325211 0.000353157
        1659    0.344059    0.325223 0.000353127
        1660    0.317097    0.325218 0.000352948
        1661    0.321235    0.325215 0.000352743
        1662    0.359698    0.325236 0.000353141
        1663    0.321297    0.325234 0.000352936
        1664    0.312795    0.325226 0.000352803
        1665    0.327413    0.325228 0.000352594
        1666      0.3347    0.325233 0.000352428
        1667    0.334024    0.325239 0.000352256
        1668    0.322486    0.325237 0.000352049
        1669    0.296984     0.32522 0.000352245
        1670     0.32786    0.325222 0.000352037
        1671    0.334818    0.325227 0.000351874
        1672    0.318184    0.325223 0.000351688
        1673    0.334556    0.325229 0.000351522
        1674    0.322096    0.325227 0.000351317
        1675    0.315837    0.325221 0.000351152
        1676     0.31589    0.325216 0.000350987
        1677    0.318075    0.325211 0.000350803
        1678    0.341385    0.325221 0.000350727
        1679    0.353797    0.325238 0.000350931
        1680    0.341635    0.325248 0.000350857
        1681    0.342241    0.325258 0.000350794
        1682    0.300145    0.325243 0.000350903
        1683    0.329334    0.325245 0.000350703
        1684    0.315107    0.325239 0.000350547
        1685    0.345466    0.325251 0.000350544
        1686     0.32686    0.325252 0.000350337
        1687    0.308069    0.325242 0.000350278
        1688    0.335577    0.325248 0.000350124
        1689    0.338688    0.325256 0.000350007
        1690    0.319726    0.325253 0.000349815
        1691    0.325698    0.325253 0.000349608
        1692    0.318989     0.32525 0.000349421
        1693     0.32512    0.325249 0.000349215
        1694    0.334351    0.325255  0.00034905
        1695    0.316795     0.32525  0.00034888
        1696    0.320657    0.325247 0.000348685
        1697    0.293839    0.325229  0.00034897
        1698    0.321828    0.325227  0.00034877
        1699     0.33617    0.325233 0.000348624
        1700    0.363427    0.325256 0.000349143
        1701    0.307412    0.325245 0.000349095
        1702    0.316521     0.32524 0.000348927
        1703    0.344632    0.325251 0.000348908
        1704    0.308393    0.325241 0.000348844
        1705    0.326211    0.325242  0.00034864
        1706    0.332233    0.325246 0.000348459
        1707    0.316675    0.325241 0.000348291
        1708    0.326516    0.325242 0.000348088
        1709    0.326918    0.325243 0.000347886
        1710    0.310453    0.325234  0.00034779
        1711    0.338635    0.325242 0.000347675
        1712    0.326685    0.325243 0.000347473
        1713    0.318222    0.325239 0.000347294
        1714    0.320929    0.325236 0.000347101
        1715     0.32009    0.325233 0.000346911
        1716    0.318154    0.325229 0.000346734
        1717    0.304145    0.325217 0.000346749
        1718    0.315117    0.325211 0.000346597
        1719    0.329669    0.325214 0.000346405
        1720    0.332743    0.325218 0.000346231
        1721    0.326159    0.325218 0.000346031
        1722    0.338176    0.325226 0.000345911
        1723    0.314032    0.325219 0.000345772
        1724    0.327873    0.325221 0.000345575
        1725    0.303465    0.325208 0.000345604
        1726    0.335362    0.325214 0.000345454
        1727    0.328652    0.325216  0.00034526
        1728    0.307469    0.325206 0.000345213
        1729    0.313397    0.325199 0.000345081
        1730     0.32093    0.325197  0.00034489
        1731    0.327109    0.325198 0.000344693
        1732    0.336201    0.325204 0.000344552
        1733    0.332296    0.325208 0.000344378
        1734    0.339864    0.325217 0.000344283
        1735     0.33766    0.325224 0.000344159
        1736    0.316352    0.325219 0.000343999
        1737    0.331647    0.325222  0.00034382
        1738    0.333654    0.325227 0.000343657
        1739    0.322611    0.325226 0.000343463
        1740    0.330112    0.325229 0.000343277
        1741    0.326913     0.32523 0.000343081
        1742    0.335194    0.325235 0.000342932
        1743    0.340298    0.325244 0.000342844
        1744    0.308889    0.325235 0.000342775
        1745    0.317634     0.32523 0.000342607
        1746    0.303088    0.325218 0.000342645
        1747    0.317033    0.325213 0.000342481
        1748    0.303035      0.3252  0.00034252
        1749    0.331679    0.325204 0.000342344
        1750    0.332835    0.325208 0.000342176
        1751    0.339714    0.325217 0.000342081
        1752    0.319737    0.325213   0.0003419
        1753    0.315355    0.325208 0.000341751
        1754    0.330699    0.325211 0.000341571
        1755    0.323804     0.32521 0.000341377
        1756    0.310631    0.325202 0.000341284
        1757    0.339705     0.32521 0.000341189
        1758    0.330767    0.325213  0.00034101
        1759    0.322962    0.325212 0.000340818
        1760    0.298869    0.325197 0.000340953
        1761     0.31307     0.32519 0.000340829
        1762    0.321698    0.325188 0.000340641
        1763    0.338498    0.325196 0.000340532
        1764    0.336569    0.325202   0.0003404
        1765    0.317615    0.325198 0.000340234
        1766    0.317956    0.325194 0.000340066
        1767    0.342999    0.325204 0.000340023
        1768    0.351821    0.325219 0.000340164
        1769    0.323423    0.325218 0.000339973
        1770    0.307698    0.325208 0.000339925
        1771    0.321483    0.325206  0.00033974
        1772    0.309698    0.325197 0.000339661
        1773    0.300477    0.325183 0.000339755
        1774    0.328276    0.325185 0.000339568
        1775    0.326386    0.325186 0.000339377
        1776    0.335914    0.325192  0.00033924
        1777    0.323001     0.32519 0.000339051
        1778     0.32477     0.32519 0.000338861
        1779    0.338773    0.325198 0.000338756
        1780    0.326575    0.325198 0.000338567
        1781    0.319645    0.325195 0.000338391
        1782    0.320861    0.325193  0.00033821
        1783    0.322951    0.325192 0.000338023
        1784    0.334138    0.325197  0.00033787
        1785    0.319409    0.325193 0.000337697
        1786    0.333919    0.325198 0.000337543
        1787    0.307671    0.325189 0.000337496
        1788    0.316351    0.325184 0.000337344
        1789    0.317886     0.32518  0.00033718
        1790    0.343969     0.32519 0.000337155
        1791    0.317225    0.325186 0.000336996
        1792       0.308    0.325176 0.000336944
        1793    0.331079    0.325179 0.000336773
        1794    0.313449    0.325173 0.000336648
        1795    0.349031    0.325186 0.000336723
        1796    0.309063    0.325177 0.000336655
        1797     0.33909    0.325185 0.000336557
        1798    0.330617    0.325188 0.000336383
        1799    0.351024    0.325202 0.000336503
        1800    0.311327    0.325194 0.000336404
        1801    0.354878    0.325211 0.000336621
        1802    0.337975    0.325218 0.000336508
        1803    0.315002    0.325212  0.00033637
        1804    0.314274    0.325206 0.000336238
        1805    0.323937    0.325206 0.000336052
        1806    0.330294    0.325208 0.000335878
        1807    0.330682    0.325211 0.000335706
        1808    0.325812    0.325212  0.00033552
        1809    0.355329    0.325228 0.000335748
        1810    0.337938    0.325235 0.000335635
        1811    0.337218    0.325242 0.000335515
        1812    0.318423    0.325238 0.000335351
        1813    0.325557    0.325238 0.000335166
        1814    0.330382    0.325241 0.000334994
        1815     0.32996    0.325244 0.000334819
        1816    0.317415     0.32524 0.000334662
        1817    0.341414    0.325249 0.000334597
        1818    0.320989    0.325246 0.000334421
        1819     0.33943    0.325254 0.000334328
        1820    0.342758    0.325264 0.000334282
        1821    0.311212    0.325256 0.000334188
        1822    0.306857    0.325246 0.000334157
        1823    0.336165    0.325252 0.000334027
        1824    0.305863    0.325241 0.000334013
        1825    0.329254    0.325243 0.000333838
        1826    0.310016    0.325235 0.000333759
        1827    0.305364    0.325224 0.000333753
        1828    0.343633    0.325234 0.000333723
        1829    0.323086    0.325233 0.000333542
        1830    0.338473     0.32524 0.000333439
        1831    0.343093     0.32525 0.000333399
        1832    0.335768    0.325256 0.000333266
        1833    0.347545    0.325268 0.000333306
        1834    0.338609    0.325275 0.000333204
        1835    0.319511    0.325272 0.000333037
        1836    0.336117    0.325278 0.000332908
        1837    0.337866    0.325285 0.000332797
        1838    0.309529    0.325276 0.000332727
        1839    0.301727    0.325263 0.000332792
        1840    0.334218    0.325268 0.000332647
        1841    0.329212     0.32527 0.000332473
        1842    0.318704    0.325267 0.000332312
        1843    0.330651     0.32527 0.000332144
        1844    0.331205    0.325273  0.00033198
        1845    0.335829    0.325279 0.000331849
        1846    0.338929    0.325286 0.000331752
        1847    0.325104    0.325286 0.000331572
        1848    0.296166     0.32527 0.000331767
        1849    0.329024    0.325272 0.000331594
        1850    0.334955    0.325278 0.000331456
        1851    0.320248    0.325275 0.000331288
        1852     0.33922    0.325282 0.000331194
        1853    0.301952     0.32527 0.000331255
        1854    0.330604    0.325273 0.000331089
        1855    0.316335    0.325268 0.000330945
        1856    0.317831    0.325264 0.000330791
        1857     0.33099    0.325267 0.000330628
        1858    0.344373    0.325277 0.000330609
        1859    0.335801    0.325283  0.00033048
        1860    0.336419    0.325289 0.000330357
        1861    0.316112    0.325284 0.000330216
        1862     0.33503    0.325289  0.00033008
        1863    0.335191    0.325294 0.000329946
        1864    0.322299    0.325293 0.000329773
        1865    0.332848    0.325297 0.000329621
        1866     0.36079    0.325316 0.000329992
        1867    0.323503    0.325315 0.000329817
        1868    0.328761    0.325317 0.000329646
        1869    0.332783    0.325321 0.000329493
        1870    0.319801    0.325318  0.00032933
        1871    0.333691    0.325322 0.000329185
        1872    0.319195    0.325319 0.000329025
        1873    0.316654    0.325314 0.000328882
        1874    0.326238    0.325315 0.000328707
        1875     0.34782    0.325327 0.000328751
        1876    0.325337    0.325327 0.000328576
        1877    0.309088    0.325318 0.000328514
        1878    0.328574     0.32532 0.000328344
        1879    0.316386    0.325315 0.000328204
        1880    0.324095    0.325315  0.00032803
        1881    0.322317    0.325313 0.000327859
        1882    0.324104    0.325312 0.000327686
        1883    0.311226    0.325305 0.000327597
        1884    0.326325    0.325305 0.000327424
        1885     0.30695    0.325296 0.000327395
        1886    0.333507      0.3253  0.00032725
        1887    0.316971    0.325296 0.000327106
        1888    0.285674    0.325275 0.000327606
        1889    0.332039    0.325278 0.000327452
        1890    0.342574    0.325287 0.000327406
        1891    0.325112    0.325287 0.000327233
        1892    0.337538    0.325294 0.000327124
        1893    0.344381    0.325304 0.000327107
        1894    0.321266    0.325302 0.000326941
        1895    0.331921    0.325305 0.000326787
        1896    0.307698    0.325296 0.000326747
        1897    0.315615    0.325291 0.000326614
        1898    0.306224    0.325281 0.000326597
        1899     0.33066    0.325284 0.000326437
        1900    0.324154    0.325283 0.000326266
        1901    0.347441    0.325295 0.000326302
        1902    0.339154    0.325302 0.000326212
        1903    0.324567    0.325302 0.000326041
        1904    0.316626    0.325297 0.000325902
        1905    0.335023    0.325302  0.00032577
        1906    0.298964    0.325288 0.000325892
        1907     0.29767    0.325274 0.000326043
        1908    0.323628    0.325273 0.000325873
        1909    0.353976    0.325288 0.000326049
        1910     0.31317    0.325282  0.00032594
        1911      0.3316    0.325285 0.000325787
        1912     0.34552    0.325295 0.000325788
        1913    0.347415    0.325307 0.000325823
        1914    0.332035    0.325311 0.000325672
        1915    0.328737    0.325312 0.000325507
        1916     0.33502    0.325317 0.000325376
        1917    0.316432    0.325313 0.000325239
        1918    0.340439    0.325321 0.000325165
        1919    0.341133    0.325329   0.0003251
        1920    0.327224     0.32533 0.000324933
        1921    0.320893    0.325328 0.000324772
        1922    0.297722    0.325313  0.00032492
        1923    0.323542    0.325312 0.000324752
        1924    0.311296    0.325305 0.000324665
        1925    0.318107    0.325301 0.000324518
        1926    0.316467    0.325297 0.000324382
        1927    0.318667    0.325293 0.000324232
        1928    0.341983    0.325302 0.000324179
        1929    0.317894    0.325298 0.000324034
        1930    0.332105    0.325302 0.000323885
        1931    0.325868    0.325302 0.000323718
        1932    0.345917    0.325313 0.000323726
        1933    0.319416     0.32531 0.000323573
        1934    0.339293    0.325317 0.000323486
        1935    0.334821    0.325322 0.000323356
        1936    0.343615    0.325331 0.000323327
        1937    0.334099    0.325336 0.000323192
        1938    0.290366    0.325318 0.000323529
        1939    0.330516     0.32532 0.000323373
        1940    0.310067    0.325312 0.000323302
        1941    0.327192    0.325313 0.000323137
        1942    0.326463    0.325314 0.000322971
        1943    0.336648     0.32532 0.000322857
        1944    0.320216    0.325317 0.000322702
        1945    0.326256    0.325318 0.000322536
        1946    0.310916     0.32531 0.000322456
        1947    0.325282     0.32531  0.00032229
        1948    0.331235    0.325313 0.000322139
        1949    0.314794    0.325308 0.000322019
        1950    0.339594    0.325315 0.000321937
        1951    0.316124     0.32531 0.000321806
        1952    0.354817    0.325326 0.000321996
        1953    0.322673    0.325324 0.000321834
        1954    0.314953    0.325319 0.000321713
        1955    0.311551    0.325312 0.000321626
        1956    0.330029    0.325314 0.000321471
        1957    0.342262    0.325323 0.000321423
        1958    0.309493    0.325315  0.00032136
        1959    0.336881    0.325321 0.000321251
        1960    0.313242    0.325315 0.000321146
        1961    0.319281    0.325312 0.000320997
        1962    0.328837    0.325313 0.000320838
        1963    0.321926    0.325312 0.000320679
        1964    0.338972    0.325319 0.000320592
        1965    0.314077    0.325313 0.000320479
        1966    0.316442    0.325308 0.000320348
        1967    0.319627    0.325305 0.000320198
        1968    0.326426    0.325306 0.000320036
        1969    0.332137    0.325309 0.000319892
        1970    0.321016    0.325307 0.000319738
        1971    0.315052    0.325302 0.000319618
        1972    0.342184    0.325311  0.00031957
        1973    0.322136    0.325309 0.000319412
        1974    0.324184    0.325308 0.000319251
        1975    0.315453    0.325304 0.000319128
        1976    0.314471    0.325298 0.000319014
        1977    0.309554     0.32529 0.000318952
        1978    0.311885    0.325283 0.000318863
        1979    0.327727    0.325285 0.000318704
        1980    0.305797    0.325275 0.000318695
        1981    0.317573    0.325271 0.000318558
        1982    0.345467    0.325281  0.00031856
        1983    0.311287    0.325274 0.000318477
        1984    0.328585    0.325276 0.000318321
        1985    0.330735    0.325278 0.000318173
        1986    0.337999    0.325285 0.000318077
        1987    0.310944    0.325278 0.000317999
        1988    0.337854    0.325284 0.000317902
        1989    0.312786    0.325278 0.000317804
        1990     0.34196    0.325286 0.000317755
        1991    0.320888    0.325284 0.000317603
        1992    0.312746    0.325277 0.000317506
        1993     0.31007     0.32527 0.000317438
        1994    0.347534    0.325281 0.000317475
        1995    0.320405    0.325279 0.000317326
        1996    0.339537    0.325286 0.000317247
        1997    0.328401    0.325287 0.000317092
        1998    0.349158    0.325299 0.000317158
        1999     0.29094    0.325282 0.000317465
        2000    0.306089    0.325272 0.000317451
