#     BLOCK:  ACTUAL_PE:     PE_AVE:      ERROR:
           1   -0.763294   -0.763294           0
           2   -0.780994   -0.772144  0.00625811
           3   -0.761238   -0.768509  0.00512025
           4   -0.763199   -0.767181  0.00400856
           5   -0.758386   -0.765422    0.003572
           6   -0.758459   -0.764262  0.00315956
           7   -0.785287   -0.767265  0.00388162
           8   -0.754004   -0.765608  0.00373366
           9   -0.764323   -0.765465  0.00332154
          10   -0.762002   -0.765119  0.00300738
          11   -0.771158   -0.765668  0.00278363
          12   -0.781435   -0.766982  0.00284493
          13   -0.763558   -0.766718  0.00263825
          14   -0.754773   -0.765865  0.00258408
          15   -0.783306   -0.767028  0.00266057
          16     -0.7828   -0.768014  0.00267068
          17   -0.795832    -0.76965  0.00297292
          18   -0.751424   -0.768637  0.00297519
          19   -0.787364   -0.769623  0.00297739
          20   -0.766138   -0.769449  0.00283361
          21   -0.789171   -0.770388  0.00285007
          22   -0.751141   -0.769513  0.00285163
          23   -0.758179    -0.76902   0.0027699
          24   -0.751006    -0.76827  0.00275431
          25   -0.769408   -0.768315  0.00264452
          26   -0.774187   -0.768541  0.00255243
          27   -0.777349   -0.768867  0.00247865
          28   -0.783923   -0.769405  0.00244776
          29   -0.744875   -0.768559  0.00250525
          30   -0.775861   -0.768803  0.00243354
          31    -0.75759   -0.768441  0.00238176
          32   -0.773898   -0.768611  0.00231343
          33   -0.752847   -0.768134  0.00229212
          34   -0.787807   -0.768712  0.00229657
          35   -0.791111   -0.769352  0.00231841
          36   -0.769834   -0.769366  0.00225405
          37   -0.771508   -0.769424  0.00219387
          38   -0.750382   -0.768923  0.00219262
          39   -0.775926   -0.769102  0.00214374
          40     -0.7734    -0.76921  0.00209284
          41   -0.790848   -0.769737  0.00210729
          42   -0.796742    -0.77038  0.00215298
          43   -0.789423   -0.770823  0.00214797
          44   -0.778669   -0.771001  0.00210654
          45    -0.74434   -0.770409  0.00214143
          46   -0.775704   -0.770524  0.00209797
          47   -0.767084   -0.770451  0.00205461
          48    -0.73471   -0.769706  0.00214249
          49   -0.757359   -0.769454  0.00211353
          50   -0.774151   -0.769548  0.00207334
          51   -0.755111   -0.769265  0.00205192
          52   -0.786779   -0.769602  0.00203992
          53    -0.78985   -0.769984  0.00203689
          54   -0.771094   -0.770005  0.00199927
          55   -0.776598   -0.770124  0.00196651
          56   -0.778428   -0.770273  0.00193698
          57   -0.797354   -0.770748   0.0019604
          58   -0.742564   -0.770262  0.00198591
          59   -0.770063   -0.770258  0.00195225
          60   -0.729817   -0.769584  0.00203275
          61   -0.722792   -0.768817  0.00213927
          62   -0.777547   -0.768958  0.00210939
          63   -0.762258   -0.768852  0.00207859
          64     -0.7556   -0.768645   0.0020564
          65   -0.765112    -0.76859  0.00202548
          66   -0.780236   -0.768767  0.00200246
          67   -0.765717   -0.768721  0.00197309
          68   -0.769119   -0.768727  0.00194409
          69    -0.76619    -0.76869  0.00191626
          70   -0.777168   -0.768811  0.00189271
          71   -0.766766   -0.768783  0.00186627
          72   -0.757674   -0.768628  0.00184671
          73   -0.758632   -0.768491  0.00182649
          74   -0.746044   -0.768188  0.00182682
          75   -0.773187   -0.768255  0.00180368
          76   -0.760616   -0.768154  0.00178274
          77   -0.771448   -0.768197   0.0017601
          78   -0.773886    -0.76827  0.00173905
          79    -0.76083   -0.768176  0.00171958
          80   -0.778154   -0.768301  0.00170261
          81    -0.78249   -0.768476  0.00169058
          82   -0.765654   -0.768441  0.00167031
          83    -0.78003   -0.768581  0.00165601
          84   -0.782947   -0.768752   0.0016451
          85   -0.783102   -0.768921  0.00163439
          86   -0.766226   -0.768889  0.00161568
          87   -0.786296   -0.769089  0.00160945
          88   -0.761859   -0.769007  0.00159326
          89   -0.756952   -0.768872  0.00158111
          90   -0.794638   -0.769158  0.00158925
          91   -0.770911   -0.769177   0.0015719
          92    -0.78882   -0.769391  0.00156924
          93   -0.758174    -0.76927    0.001557
          94    -0.79708   -0.769566  0.00156829
          95   -0.766636   -0.769535  0.00155209
          96   -0.745265   -0.769283  0.00155637
          97    -0.78353   -0.769429  0.00154724
          98   -0.770034   -0.769436  0.00153147
          99   -0.751046    -0.76925  0.00152722
         100   -0.770316    -0.76926  0.00151199
         101   -0.801071   -0.769575  0.00152947
         102   -0.764239   -0.769523  0.00151537
         103   -0.712204   -0.768967  0.00159958
         104   -0.735328   -0.768643  0.00161657
         105    -0.74361   -0.768405  0.00161866
         106    -0.77559   -0.768473  0.00160481
         107   -0.755043   -0.768347  0.00159471
         108   -0.758808   -0.768259  0.00158239
         109   -0.780454   -0.768371  0.00157182
         110   -0.762584   -0.768318  0.00155841
         111   -0.785086   -0.768469  0.00155168
         112   -0.771405   -0.768495  0.00153804
         113   -0.788693   -0.768674  0.00153478
         114   -0.765315   -0.768645   0.0015216
         115   -0.769101   -0.768648  0.00150838
         116   -0.777401   -0.768724  0.00149726
         117   -0.803244   -0.769019  0.00151325
         118    -0.76428   -0.768979  0.00150096
         119   -0.780782   -0.769078  0.00149162
         120   -0.748126   -0.768903  0.00148938
         121    -0.76142   -0.768842  0.00147835
         122   -0.782639   -0.768955  0.00147055
         123   -0.748116   -0.768785  0.00146832
         124   -0.777523   -0.768856  0.00145817
         125   -0.776911    -0.76892  0.00144793
         126   -0.755353   -0.768812  0.00144044
         127   -0.768793   -0.768812  0.00142909
         128   -0.771367   -0.768832  0.00141807
         129   -0.808422   -0.769139   0.0014399
         130   -0.760647   -0.769074  0.00143031
         131   -0.772821   -0.769102  0.00141967
         132   -0.764754    -0.76907   0.0014093
         133   -0.753721   -0.768954  0.00140342
         134   -0.770848   -0.768968  0.00139302
         135   -0.761904   -0.768916  0.00138368
         136   -0.754867   -0.768813  0.00137736
         137   -0.760029   -0.768748   0.0013688
         138    -0.77572   -0.768799  0.00135981
         139   -0.790498   -0.768955  0.00135896
         140   -0.761355   -0.768901  0.00135034
         141   -0.775424   -0.768947  0.00134155
         142   -0.754438   -0.768845  0.00133599
         143   -0.761998   -0.768797   0.0013275
         144   -0.780053   -0.768875  0.00132059
         145    -0.78849    -0.76901  0.00131839
         146   -0.781757   -0.769098  0.00131225
         147   -0.764086   -0.769064  0.00130376
         148   -0.746009   -0.768908  0.00130423
         149   -0.781754   -0.768994  0.00129832
         150   -0.774452   -0.769031  0.00129017
         151   -0.770525    -0.76904  0.00128167
         152   -0.777178   -0.769094  0.00127435
         153   -0.743329   -0.768926   0.0012771
         154    -0.80381   -0.769152  0.00128874
         155   -0.770202   -0.769159  0.00128044
         156   -0.790895   -0.769298  0.00127979
         157   -0.760621   -0.769243  0.00127284
         158   -0.775657   -0.769284  0.00126543
         159   -0.750482   -0.769165  0.00126298
         160   -0.739391   -0.768979  0.00126872
         161   -0.783963   -0.769072  0.00126425
         162   -0.757242   -0.768999  0.00125856
         163   -0.789117   -0.769123  0.00125687
         164   -0.798268     -0.7693  0.00126171
         165   -0.755832   -0.769219   0.0012567
         166   -0.781987   -0.769296  0.00125148
         167   -0.783755   -0.769382  0.00124698
         168   -0.792792   -0.769522  0.00124732
         169   -0.775469   -0.769557  0.00124043
         170   -0.780699   -0.769622  0.00123487
         171   -0.765862     -0.7696  0.00122784
         172   -0.747629   -0.769473  0.00122733
         173   -0.755687   -0.769393  0.00122282
         174   -0.751603   -0.769291  0.00122006
         175    -0.77611    -0.76933  0.00121371
         176   -0.768921   -0.769327  0.00120681
         177   -0.778656    -0.76938  0.00120115
         178     -0.7755   -0.769414  0.00119489
         179   -0.774653   -0.769444  0.00118857
         180    -0.77301   -0.769463  0.00118214
         181   -0.765956   -0.769444  0.00117576
         182   -0.768913   -0.769441  0.00116931
         183   -0.755596   -0.769365  0.00116536
         184   -0.764867   -0.769341  0.00115928
         185    -0.75975   -0.769289  0.00115418
         186   -0.767982   -0.769282  0.00114799
         187   -0.779485   -0.769337  0.00114315
         188   -0.758374   -0.769278  0.00113856
         189   -0.770409   -0.769284  0.00113255
         190   -0.786479   -0.769375   0.0011302
         191   -0.782067   -0.769441  0.00112623
         192   -0.754107   -0.769361  0.00112319
         193   -0.767273   -0.769351  0.00111743
         194   -0.779703   -0.769404  0.00111294
         195   -0.767922   -0.769396  0.00110726
         196    -0.77658   -0.769433  0.00110222
         197   -0.771708   -0.769445  0.00109668
         198   -0.782679   -0.769511  0.00109318
         199   -0.745621   -0.769391  0.00109426
         200   -0.785227   -0.769471  0.00109165
         201   -0.783292   -0.769539  0.00108838
         202   -0.767009   -0.769527  0.00108306
         203    -0.76118   -0.769486  0.00107851
         204   -0.794816    -0.76961  0.00108034
         205   -0.775545   -0.769639  0.00107546
         206   -0.759209   -0.769588  0.00107143
         207   -0.776175    -0.76962  0.00106673
         208   -0.738983   -0.769473  0.00107172
         209   -0.784802   -0.769546   0.0010691
         210   -0.773694   -0.769566  0.00106419
         211   -0.772435   -0.769579  0.00105924
         212   -0.773974     -0.7696  0.00105444
         213    -0.76959     -0.7696  0.00104949
         214   -0.780167   -0.769649  0.00104575
         215   -0.775345   -0.769676  0.00104122
         216   -0.777988   -0.769714  0.00103711
         217   -0.758613   -0.769663  0.00103359
         218     -0.7981   -0.769794  0.00103705
         219   -0.771732   -0.769803  0.00103235
         220   -0.776674   -0.769834  0.00102813
         221   -0.751625   -0.769751  0.00102678
         222   -0.752129   -0.769672  0.00102521
         223   -0.774016   -0.769692   0.0010208
         224   -0.757357   -0.769636  0.00101773
         225   -0.754924   -0.769571   0.0010153
         226   -0.757623   -0.769518  0.00101219
         227   -0.792228   -0.769618  0.00101266
         228   -0.771699   -0.769627  0.00100826
         229   -0.769352   -0.769626  0.00100386
         230   -0.770393    -0.76963 0.000999499
         231   -0.778461   -0.769668 0.000995903
         232    -0.76269   -0.769638 0.000992064
         233   -0.748087   -0.769545 0.000992109
         234   -0.745322   -0.769442 0.000993255
         235   -0.790371   -0.769531 0.000993013
         236   -0.783715   -0.769591 0.000990623
         237   -0.749813   -0.769507 0.000989952
         238   -0.736008   -0.769367 0.000995748
         239   -0.776123   -0.769395 0.000991983
         240   -0.765431   -0.769378 0.000987987
         241   -0.766856   -0.769368 0.000983943
         242   -0.758417   -0.769323 0.000980918
         243   -0.790916   -0.769412 0.000980898
         244   -0.783309   -0.769468  0.00097853
         245   -0.774242   -0.769488  0.00097473
         246   -0.765405   -0.769471 0.000970909
         247   -0.780652   -0.769517 0.000968033
         248   -0.796137   -0.769624 0.000970062
         249   -0.745906   -0.769529 0.000970832
         250   -0.757181   -0.769479 0.000968204
         251   -0.749293   -0.769399 0.000967681
         252   -0.792636   -0.769491 0.000968224
         253   -0.758316   -0.769447 0.000965404
         254   -0.784182   -0.769505 0.000963345
         255   -0.767678   -0.769498 0.000959594
         256    -0.76386   -0.769476 0.000956098
         257   -0.760348    -0.76944 0.000953037
         258   -0.767872   -0.769434 0.000949363
         259   -0.757424   -0.769388 0.000946829
         260   -0.778868   -0.769424 0.000943889
         261   -0.764346   -0.769405 0.000940473
         262   -0.768719   -0.769402 0.000936887
         263   -0.761849   -0.769373 0.000933765
         264   -0.747419    -0.76929 0.000933924
         265   -0.783656   -0.769345 0.000931972
         266   -0.756564   -0.769296 0.000929706
         267   -0.778313    -0.76933 0.000926837
         268   -0.758189   -0.769289  0.00092431
         269   -0.806419   -0.769427 0.000931124
         270   -0.764157   -0.769407  0.00092788
         271   -0.749021   -0.769332   0.0009275
         272   -0.763973   -0.769312   0.0009243
         273   -0.761467   -0.769284  0.00092136
         274   -0.762665   -0.769259 0.000918314
         275   -0.766196   -0.769248 0.000915043
         276   -0.772545    -0.76926 0.000911805
         277    -0.77192    -0.76927 0.000908564
         278   -0.777556     -0.7693 0.000905785
         279     -0.7658   -0.769287 0.000902625
         280    -0.75864   -0.769249 0.000900202
         281   -0.793829   -0.769336 0.000901238
         282   -0.782244   -0.769382 0.000899204
         283    -0.77912   -0.769417 0.000896685
         284   -0.756587   -0.769371 0.000894664
         285   -0.780389    -0.76941  0.00089236
         286   -0.752267    -0.76935 0.000891251
         287   -0.760384   -0.769319 0.000888693
         288   -0.750374   -0.769253 0.000888038
         289   -0.753107   -0.769197 0.000886721
         290   -0.792947   -0.769279 0.000887437
         291    -0.77411   -0.769296 0.000884543
         292   -0.765079   -0.769281 0.000881631
         293    -0.76779   -0.769276 0.000878637
         294   -0.788705   -0.769342  0.00087813
         295   -0.761337   -0.769315 0.000875573
         296   -0.759451   -0.769282 0.000873249
         297   -0.776209   -0.769305  0.00087062
         298   -0.774854   -0.769324 0.000867897
         299   -0.772583   -0.769335 0.000865063
         300    -0.77557   -0.769356 0.000862429
         301   -0.774234   -0.769372 0.000859716
         302    -0.74269   -0.769283 0.000861397
         303   -0.741199   -0.769191 0.000863526
         304   -0.771314   -0.769198 0.000860714
         305   -0.773581   -0.769212 0.000858012
         306    -0.77231   -0.769222 0.000855268
         307   -0.776481   -0.769246 0.000852809
         308   -0.741427   -0.769155  0.00085481
         309   -0.771554   -0.769163 0.000852078
         310   -0.783825   -0.769211 0.000850641
         311   -0.804782   -0.769325 0.000855561
         312   -0.792636     -0.7694 0.000856075
         313    -0.78099   -0.769437 0.000854141
         314   -0.785452   -0.769488 0.000852942
         315   -0.750412   -0.769427 0.000852381
         316   -0.792835   -0.769501 0.000852897
         317   -0.800045   -0.769598 0.000855631
         318   -0.761591   -0.769572 0.000853311
         319   -0.781222   -0.769609 0.000851417
         320   -0.751175   -0.769551 0.000850703
         321   -0.765817    -0.76954 0.000848132
         322   -0.772702   -0.769549 0.000845555
         323   -0.763439   -0.769531 0.000843149
         324   -0.768678   -0.769528 0.000840551
         325   -0.777075   -0.769551 0.000838285
         326   -0.768233   -0.769547 0.000835723
         327   -0.775957   -0.769567 0.000833397
         328   -0.774707   -0.769582 0.000831004
         329   -0.768983   -0.769581  0.00082848
         330   -0.776922   -0.769603 0.000826268
         331   -0.775726   -0.769621 0.000823979
         332   -0.763002   -0.769601 0.000821738
         333   -0.778313   -0.769628 0.000819687
         334   -0.771981   -0.769635 0.000817263
         335   -0.753362   -0.769586 0.000816266
         336   -0.738293   -0.769493 0.000819132
         337   -0.771374   -0.769498 0.000816721
         338   -0.772119   -0.769506 0.000814341
         339   -0.789958   -0.769567 0.000814171
         340   -0.760718   -0.769541 0.000812192
         341   -0.763971   -0.769524 0.000809974
         342   -0.797657   -0.769606 0.000811772
         343   -0.775954   -0.769625 0.000809617
         344   -0.799957   -0.769713  0.00081205
         345   -0.800353   -0.769802 0.000814539
         346   -0.796426   -0.769879 0.000815811
         347   -0.752009   -0.769827 0.000815084
         348   -0.748168   -0.769765 0.000815114
         349   -0.748773   -0.769705 0.000814995
         350   -0.772169   -0.769712 0.000812697
         351   -0.773747   -0.769724 0.000810463
         352   -0.785445   -0.769768  0.00080939
         353   -0.769725   -0.769768 0.000807097
         354   -0.764472   -0.769753 0.000804956
         355   -0.781219   -0.769785 0.000803336
         356   -0.777621   -0.769807 0.000801381
         357   -0.764478   -0.769792 0.000799275
         358   -0.778588   -0.769817  0.00079742
         359   -0.793591   -0.769883 0.000797944
         360   -0.782981    -0.76992 0.000796557
         361   -0.741758   -0.769842 0.000798161
         362   -0.784133   -0.769881 0.000796932
         363   -0.747322   -0.769819 0.000797156
         364   -0.775837   -0.769836 0.000795137
         365    -0.74313   -0.769762 0.000796318
         366   -0.798467   -0.769841 0.000797995
         367   -0.748713   -0.769783 0.000797895
         368   -0.753888    -0.76974 0.000796895
         369    -0.78151   -0.769772 0.000795373
         370    -0.77291    -0.76978 0.000793269
         371   -0.761525   -0.769758 0.000791442
         372    -0.76274   -0.769739  0.00078954
         373   -0.754017   -0.769697 0.000788547
         374   -0.768206   -0.769693 0.000786449
         375   -0.770833   -0.769696 0.000784358
         376   -0.767995   -0.769692 0.000782285
         377   -0.718491   -0.769556 0.000791911
         378   -0.735077   -0.769465 0.000795052
         379   -0.754183   -0.769424 0.000793976
         380   -0.751769   -0.769378 0.000793245
         381   -0.769943   -0.769379 0.000791164
         382    -0.72629   -0.769267 0.000797093
         383   -0.753645   -0.769226 0.000796055
         384   -0.765787   -0.769217 0.000794032
         385   -0.757937   -0.769187  0.00079251
         386     -0.7721   -0.769195 0.000790493
         387   -0.738041   -0.769115 0.000792539
         388   -0.783582   -0.769152 0.000791373
         389   -0.796343   -0.769222 0.000792419
         390   -0.786241   -0.769265 0.000791588
         391    -0.75741   -0.769235 0.000790144
         392   -0.761751   -0.769216 0.000788359
         393   -0.774732    -0.76923 0.000786478
         394   -0.764441   -0.769218 0.000784576
         395   -0.780051   -0.769245 0.000783069
         396   -0.774871   -0.769259  0.00078122
         397   -0.751213   -0.769214 0.000780574
         398   -0.776886   -0.769233 0.000778851
         399    -0.79909   -0.769308 0.000780485
         400   -0.770738   -0.769312 0.000778542
         401   -0.785641   -0.769352 0.000777665
         402   -0.761181   -0.769332 0.000775996
         403   -0.763671   -0.769318 0.000774197
         404   -0.782985   -0.769352  0.00077302
         405   -0.762416   -0.769335 0.000771301
         406   -0.766616   -0.769328  0.00076943
         407   -0.762595   -0.769312 0.000767717
         408   -0.804236   -0.769397 0.000770593
         409   -0.762461    -0.76938 0.000768895
         410   -0.746831   -0.769325 0.000768984
         411   -0.783104   -0.769359 0.000767844
         412   -0.776175   -0.769375 0.000766158
         413   -0.765617   -0.769366 0.000764357
         414   -0.788011   -0.769411 0.000763837
         415   -0.785232   -0.769449 0.000762947
         416   -0.762822   -0.769433 0.000761279
         417   -0.759538    -0.76941 0.000759823
         418   -0.766406   -0.769402 0.000758039
         419   -0.779833   -0.769427 0.000756639
         420   -0.775742   -0.769442 0.000754987
         421   -0.775947   -0.769458 0.000753351
         422   -0.753879   -0.769421  0.00075247
         423   -0.751971    -0.76938 0.000751821
         424   -0.783713   -0.769413 0.000750808
         425   -0.757495   -0.769385 0.000749565
         426   -0.763582   -0.769372 0.000747929
         427   -0.770878   -0.769375 0.000746186
         428   -0.789991   -0.769423 0.000745995
         429    -0.76701   -0.769418 0.000744278
         430    -0.78184   -0.769447 0.000743107
         431    -0.78825    -0.76949 0.000742663
         432   -0.751002   -0.769448 0.000742176
         433   -0.774113   -0.769458  0.00074054
         434   -0.758579   -0.769433 0.000739257
         435   -0.766091   -0.769426 0.000737598
         436   -0.771538    -0.76943 0.000735922
         437   -0.788023   -0.769473 0.000735467
         438   -0.762602   -0.769457 0.000733955
         439   -0.757158   -0.769429 0.000732818
         440   -0.731409   -0.769343 0.000736229
         441   -0.780122   -0.769367 0.000734965
         442   -0.771634   -0.769372  0.00073332
         443   -0.762265   -0.769356  0.00073184
         444   -0.762155    -0.76934 0.000730372
         445   -0.775581   -0.769354 0.000728865
         446   -0.769615   -0.769355 0.000727231
         447     -0.7634   -0.769341 0.000725726
         448   -0.759403   -0.769319 0.000724445
         449   -0.742417   -0.769259 0.000725305
         450   -0.789349   -0.769304 0.000725066
         451   -0.769486   -0.769304 0.000723459
         452   -0.771949    -0.76931 0.000721882
         453   -0.761974   -0.769294  0.00072047
         454   -0.764304   -0.769283 0.000718967
         455   -0.796341   -0.769343 0.000719842
         456   -0.779122   -0.769364 0.000718582
         457   -0.773862   -0.769374 0.000717077
         458   -0.760262   -0.769354 0.000715788
         459   -0.767957   -0.769351 0.000714235
         460   -0.757568   -0.769325 0.000713141
         461   -0.774548   -0.769337 0.000711684
         462   -0.755455   -0.769307 0.000710778
         463   -0.762975   -0.769293 0.000709374
         464   -0.770502   -0.769295  0.00070785
         465   -0.755482   -0.769266 0.000706951
         466   -0.774968   -0.769278  0.00070554
         467   -0.750114   -0.769237 0.000705221
         468    -0.74735    -0.76919 0.000705263
         469   -0.779792   -0.769213 0.000704122
         470   -0.751795   -0.769176 0.000703598
         471   -0.737094   -0.769108 0.000705394
         472   -0.772894   -0.769116 0.000703945
         473   -0.753678   -0.769083 0.000703213
         474   -0.789899   -0.769127 0.000703099
         475   -0.750937   -0.769089 0.000702661
         476   -0.777721   -0.769107 0.000701419
         477   -0.775819   -0.769121  0.00070009
         478   -0.794563   -0.769174 0.000700645
         479   -0.778734   -0.769194 0.000699467
         480    -0.74293   -0.769139 0.000700146
         481   -0.757532   -0.769115 0.000699107
         482   -0.741806   -0.769059 0.000699948
         483   -0.790277   -0.769102 0.000699876
         484   -0.783513   -0.769132 0.000699063
         485   -0.779089   -0.769153 0.000697923
         486   -0.760977   -0.769136  0.00069669
         487   -0.786443   -0.769171 0.000696165
         488   -0.778395    -0.76919 0.000694995
         489   -0.764783   -0.769181 0.000693632
         490   -0.772008   -0.769187 0.000692241
         491   -0.777065   -0.769203 0.000691017
         492   -0.753549   -0.769171 0.000690344
         493   -0.759834   -0.769152 0.000689204
         494   -0.758557   -0.769131 0.000688142
         495   -0.762586   -0.769118 0.000686879
         496   -0.759772   -0.769099 0.000685753
         497   -0.750411   -0.769061 0.000685403
         498   -0.773815   -0.769071 0.000684093
         499   -0.777913   -0.769089 0.000682952
         500   -0.774753     -0.7691  0.00068168
         501    -0.78304   -0.769128 0.000680887
         502   -0.780599   -0.769151 0.000679914
         503   -0.770978   -0.769154 0.000678572
         504   -0.767462   -0.769151 0.000677234
         505   -0.776959   -0.769166 0.000676069
         506   -0.761221   -0.769151 0.000674915
         507   -0.752154   -0.769117 0.000674416
         508     -0.7648   -0.769109 0.000673142
         509    -0.77763   -0.769125 0.000672028
         510   -0.759884   -0.769107 0.000670954
         511   -0.770071   -0.769109 0.000669644
         512   -0.770151   -0.769111 0.000668339
         513   -0.766699   -0.769106 0.000667053
         514   -0.764249   -0.769097 0.000665822
         515   -0.766864   -0.769093 0.000664543
         516   -0.746009   -0.769048  0.00066476
         517    -0.79312   -0.769094 0.000665102
         518   -0.767216   -0.769091 0.000663828
         519   -0.771902   -0.769096 0.000662571
         520   -0.754098   -0.769067 0.000661925
         521   -0.790002   -0.769108 0.000661873
         522   -0.752897   -0.769077 0.000661333
         523   -0.749656   -0.769039  0.00066111
         524     -0.7768   -0.769054 0.000660014
         525   -0.749993   -0.769018 0.000659755
         526   -0.803875   -0.769084  0.00066182
         527   -0.773341   -0.769092 0.000660614
         528    -0.77706   -0.769107 0.000659535
         529   -0.779424   -0.769127 0.000658576
         530   -0.749969   -0.769091 0.000658325
         531   -0.787412   -0.769125 0.000657989
         532   -0.785708   -0.769156  0.00065749
         533   -0.765611    -0.76915  0.00065629
         534   -0.776898   -0.769164 0.000655221
         535   -0.762017   -0.769151 0.000654133
         536   -0.762629   -0.769139 0.000653026
         537   -0.761654   -0.769125 0.000651958
         538   -0.763575   -0.769114 0.000650828
         539   -0.789154   -0.769152 0.000650682
         540   -0.754758   -0.769125 0.000650022
         541   -0.783862   -0.769152 0.000649391
         542   -0.771861   -0.769157 0.000648212
         543   -0.785736   -0.769188 0.000647737
         544   -0.740515   -0.769135 0.000648688
         545   -0.761297   -0.769121 0.000647657
         546   -0.749266   -0.769084 0.000647491
         547   -0.757413   -0.769063 0.000646658
         548   -0.748211   -0.769025 0.000646597
         549   -0.776987   -0.769039 0.000645582
         550   -0.744308   -0.768994 0.000645972
         551    -0.77953   -0.769014 0.000645083
         552   -0.751818   -0.768982 0.000644666
         553   -0.761177   -0.768968 0.000643654
         554   -0.752908   -0.768939 0.000643145
         555   -0.769058    -0.76894 0.000641986
         556   -0.789771   -0.768977 0.000641924
         557   -0.786306   -0.769008 0.000641525
         558   -0.781505   -0.769031 0.000640766
         559   -0.766083   -0.769025 0.000639641
         560   -0.772068   -0.769031 0.000638522
         561   -0.789016   -0.769066 0.000638377
         562   -0.777382   -0.769081 0.000637413
         563   -0.738982   -0.769028 0.000638519
         564   -0.764921    -0.76902 0.000637428
         565   -0.780771   -0.769041 0.000636639
         566   -0.774511   -0.769051 0.000635587
         567   -0.768367    -0.76905 0.000634468
         568   -0.778515   -0.769066 0.000633569
         569   -0.748093   -0.769029 0.000633527
         570   -0.773842   -0.769038 0.000632472
         571   -0.757038   -0.769017 0.000631713
         572   -0.796401   -0.769065  0.00063242
         573    -0.77109   -0.769068 0.000631327
         574   -0.805541   -0.769132 0.000633416
         575   -0.786702   -0.769162 0.000633051
         576   -0.770053   -0.769164 0.000631954
         577   -0.768571   -0.769163  0.00063086
         578   -0.769373   -0.769163 0.000629768
         579   -0.760224   -0.769148  0.00062887
         580   -0.775483   -0.769159 0.000627881
         581   -0.753605   -0.769132  0.00062737
         582    -0.77838   -0.769148 0.000626494
         583   -0.764206   -0.769139 0.000625476
         584   -0.756291   -0.769117 0.000624792
         585   -0.783686   -0.769142  0.00062422
         586   -0.760074   -0.769127 0.000623347
         587   -0.769725   -0.769128 0.000622286
         588   -0.747434   -0.769091  0.00062232
         589   -0.733288    -0.76903 0.000624225
         590   -0.786253   -0.769059 0.000623849
         591   -0.764939   -0.769052 0.000622833
         592   -0.772029   -0.769057 0.000621801
         593   -0.770637    -0.76906 0.000620758
         594   -0.782396   -0.769082 0.000620119
         595   -0.781622   -0.769104 0.000619435
         596   -0.762936   -0.769093 0.000618482
         597   -0.795066   -0.769137 0.000618974
         598   -0.748406   -0.769102 0.000618909
         599   -0.775095   -0.769112 0.000617957
         600   -0.753062   -0.769085 0.000617505
         601   -0.761069   -0.769072 0.000616622
         602   -0.774781   -0.769081 0.000615671
         603   -0.793786   -0.769122 0.000616011
         604   -0.782758   -0.769145 0.000615405
         605    -0.74802    -0.76911 0.000615377
         606   -0.794967   -0.769153 0.000615839
         607   -0.776429   -0.769165 0.000614941
         608   -0.799867   -0.769215    0.000616
         609   -0.772101    -0.76922 0.000615007
         610   -0.771713   -0.769224 0.000614012
         611   -0.747644   -0.769189 0.000614022
         612   -0.762754   -0.769178 0.000613109
         613   -0.745385   -0.769139 0.000613336
         614   -0.761771   -0.769127 0.000612454
         615   -0.759233   -0.769111  0.00061167
         616   -0.767814   -0.769109  0.00061068
         617   -0.774444   -0.769118 0.000609752
         618    -0.77324   -0.769125 0.000608802
         619   -0.783555   -0.769148 0.000608264
         620   -0.762951   -0.769138 0.000607365
         621   -0.782158   -0.769159 0.000606749
         622   -0.794883     -0.7692 0.000607182
         623   -0.767861   -0.769198 0.000606211
         624   -0.747345   -0.769163  0.00060625
         625   -0.775831   -0.769174 0.000605374
         626   -0.728103   -0.769108 0.000607952
         627   -0.770105    -0.76911 0.000606984
         628   -0.785256   -0.769135 0.000606562
         629   -0.743612   -0.769095 0.000606953
         630   -0.738851   -0.769047 0.000607885
         631   -0.765593   -0.769041 0.000606947
         632   -0.765547   -0.769036 0.000606011
         633   -0.768815   -0.769035 0.000605054
         634   -0.765857    -0.76903  0.00060412
         635   -0.772665   -0.769036 0.000603196
         636   -0.751562   -0.769009 0.000602873
         637   -0.768716   -0.769008 0.000601927
         638   -0.755094   -0.768986 0.000601378
         639   -0.751183   -0.768959 0.000601082
         640   -0.753565   -0.768934 0.000600624
         641   -0.774511   -0.768943  0.00059975
         642   -0.776103   -0.768954  0.00059892
         643    -0.79394   -0.768993 0.000599247
         644   -0.756744   -0.768974 0.000598619
         645   -0.761702   -0.768963 0.000597797
         646   -0.792588   -0.768999 0.000597989
         647   -0.774214   -0.769008 0.000597119
         648   -0.777761   -0.769021  0.00059635
         649   -0.792102   -0.769057 0.000596491
         650   -0.796312   -0.769099 0.000597045
         651   -0.734334   -0.769045 0.000598512
         652   -0.748422   -0.769013 0.000598429
         653   -0.784415   -0.769037 0.000597977
         654   -0.779561   -0.769053 0.000597279
         655   -0.761661   -0.769042 0.000596474
         656   -0.771084   -0.769045 0.000595573
         657   -0.768488   -0.769044 0.000594667
         658   -0.760429   -0.769031 0.000593907
         659   -0.774764    -0.76904  0.00059307
         660   -0.786687   -0.769066 0.000592774
         661   -0.792188   -0.769101 0.000592908
         662    -0.75018   -0.769073 0.000592701
         663   -0.762497   -0.769063  0.00059189
         664   -0.773238   -0.769069 0.000591032
         665   -0.791113   -0.769102 0.000591072
         666   -0.779989   -0.769119 0.000590411
         667   -0.780702   -0.769136 0.000589781
         668   -0.765183    -0.76913 0.000588928
         669   -0.779942   -0.769146 0.000588269
         670   -0.748095   -0.769115 0.000588229
         671   -0.773373   -0.769121 0.000587387
         672   -0.784716   -0.769144 0.000586971
         673   -0.772596    -0.76915 0.000586121
         674   -0.761178   -0.769138 0.000585371
         675   -0.775814   -0.769148 0.000584587
         676   -0.792614   -0.769182 0.000584752
         677   -0.797757   -0.769225  0.00058541
         678    -0.76278   -0.769215 0.000584624
         679   -0.777018   -0.769227 0.000583876
         680   -0.741914   -0.769186 0.000584397
         681   -0.786775   -0.769212 0.000584109
         682    -0.76166   -0.769201 0.000583358
         683   -0.792041   -0.769235 0.000583461
         684   -0.768725   -0.769234 0.000582609
         685   -0.781158   -0.769251 0.000582018
         686   -0.738173   -0.769206  0.00058293
         687   -0.772505   -0.769211 0.000582102
         688   -0.741165    -0.76917 0.000582681
         689   -0.752146   -0.769145 0.000582359
         690   -0.748751   -0.769116 0.000582265
         691   -0.766425   -0.769112 0.000581435
         692   -0.752245   -0.769087 0.000581105
         693   -0.779232   -0.769102 0.000580451
         694   -0.777407   -0.769114 0.000579738
         695    -0.76067   -0.769102 0.000579031
         696   -0.800817   -0.769148  0.00057999
         697   -0.781068   -0.769165  0.00057941
         698   -0.748481   -0.769135 0.000579337
         699   -0.757678   -0.769119  0.00057874
         700   -0.772921   -0.769124 0.000577938
         701   -0.779768   -0.769139 0.000577313
         702   -0.765462   -0.769134 0.000576515
         703   -0.765717   -0.769129 0.000575715
         704   -0.786509   -0.769154 0.000575427
         705   -0.746787   -0.769122 0.000575484
         706   -0.764509   -0.769116 0.000574706
         707   -0.740986   -0.769076 0.000575269
         708   -0.747333   -0.769045 0.000575276
         709   -0.750069   -0.769018 0.000575086
         710   -0.745033   -0.768984 0.000575268
         711   -0.771113   -0.768987 0.000574466
         712   -0.779519   -0.769002  0.00057385
         713   -0.783128   -0.769022 0.000573387
         714   -0.784358   -0.769044 0.000572986
         715   -0.756121   -0.769025  0.00057247
         716   -0.741626   -0.768987 0.000572948
         717   -0.779215   -0.769001 0.000572326
         718   -0.803019   -0.769049 0.000573487
         719   -0.784755   -0.769071 0.000573105
         720   -0.759942   -0.769058 0.000572449
         721     -0.7918    -0.76909 0.000572524
         722   -0.770432   -0.769091 0.000571734
         723    -0.78112   -0.769108 0.000571185
         724   -0.761874   -0.769098 0.000570483
         725   -0.802177   -0.769144 0.000571518
         726   -0.771382   -0.769147 0.000570739
         727   -0.749568    -0.76912 0.000570589
         728   -0.747399    -0.76909 0.000570585
         729   -0.734826   -0.769043 0.000571735
         730   -0.800447   -0.769086 0.000572568
         731   -0.778559   -0.769099 0.000571931
         732   -0.756671   -0.769082 0.000571402
         733   -0.723956    -0.76902 0.000573929
         734   -0.781243   -0.769037 0.000573389
         735   -0.763487    -0.76903 0.000572658
         736   -0.780904   -0.769046 0.000572107
         737     -0.7452   -0.769013 0.000572245
         738   -0.781124    -0.76903 0.000571705
         739    -0.77083   -0.769032 0.000570937
         740    -0.76845   -0.769031 0.000570166
         741   -0.763763   -0.769024 0.000569441
         742   -0.766143    -0.76902 0.000568686
         743   -0.771213   -0.769023 0.000567929
         744   -0.807018   -0.769074 0.000569457
         745   -0.763629   -0.769067 0.000568739
         746    -0.78719   -0.769091 0.000568495
         747   -0.779893   -0.769106 0.000567918
         748   -0.779656    -0.76912 0.000567334
         749   -0.769395    -0.76912 0.000566577
         750   -0.737032   -0.769078 0.000567434
         751   -0.764076   -0.769071 0.000566718
         752   -0.770666   -0.769073 0.000565968
         753   -0.792972   -0.769105 0.000566106
         754   -0.753668   -0.769084 0.000565725
         755   -0.747511   -0.769056 0.000565697
         756   -0.778854   -0.769069 0.000565097
         757   -0.798354   -0.769107 0.000565673
         758   -0.757619   -0.769092  0.00056513
         759   -0.765761   -0.769088 0.000564403
         760   -0.779033   -0.769101 0.000563812
         761   -0.803079   -0.769146 0.000564836
         762   -0.759111   -0.769132 0.000564248
         763   -0.775525   -0.769141 0.000563571
         764   -0.793408   -0.769173 0.000563728
         765   -0.782904    -0.76919 0.000563276
         766   -0.788316   -0.769215 0.000563094
         767   -0.750707   -0.769191 0.000562877
         768   -0.772197   -0.769195 0.000562158
         769   -0.803568    -0.76924 0.000563201
         770   -0.786339   -0.769262 0.000562907
         771   -0.754178   -0.769243 0.000562517
         772   -0.754685   -0.769224 0.000562104
         773   -0.759188   -0.769211 0.000561527
         774   -0.731783   -0.769162  0.00056288
         775   -0.806255    -0.76921 0.000564184
         776    -0.76883    -0.76921 0.000563458
         777   -0.768873   -0.769209 0.000562733
         778   -0.777822    -0.76922 0.000562118
         779   -0.748578   -0.769194 0.000562021
         780    -0.78319   -0.769212 0.000561587
         781    -0.77807   -0.769223 0.000560982
         782   -0.770037   -0.769224 0.000560266
         783    -0.79828   -0.769261 0.000560778
         784   -0.781944   -0.769277 0.000560296
         785   -0.748153   -0.769251 0.000560228
         786   -0.767244   -0.769248 0.000559521
         787   -0.798833   -0.769286 0.000560071
         788   -0.778419   -0.769297 0.000559481
         789   -0.779197    -0.76931 0.000558912
         790   -0.779723   -0.769323  0.00055836
         791    -0.74309    -0.76929 0.000558638
         792   -0.777124     -0.7693  0.00055802
         793   -0.783793   -0.769318 0.000557616
         794   -0.763043    -0.76931  0.00055697
         795   -0.802096   -0.769351 0.000557794
         796   -0.767818   -0.769349 0.000557096
         797   -0.755116   -0.769331 0.000556684
         798   -0.764375   -0.769325 0.000556021
         799   -0.742499   -0.769292 0.000556337
         800   -0.746913   -0.769264 0.000556345
         801   -0.760778   -0.769253 0.000555751
         802   -0.776597   -0.769262 0.000555134
         803   -0.753904   -0.769243 0.000554772
         804   -0.758518    -0.76923 0.000554242
         805   -0.781644   -0.769245 0.000553768
         806    -0.78305   -0.769262 0.000553346
         807   -0.777001   -0.769272 0.000552743
         808   -0.752861   -0.769252 0.000552432
         809   -0.790697   -0.769278 0.000552385
         810   -0.769771   -0.769279 0.000551703
         811   -0.749034   -0.769254 0.000551588
         812    -0.78625   -0.769275 0.000551305
         813   -0.788047   -0.769298  0.00055111
         814   -0.775478   -0.769305 0.000550486
         815   -0.775926   -0.769314  0.00054987
         816   -0.772787   -0.769318 0.000549213
         817   -0.752088   -0.769297 0.000548945
         818   -0.780925   -0.769311 0.000548458
         819    -0.74961   -0.769287 0.000548316
         820   -0.748458   -0.769261 0.000548235
         821   -0.754236   -0.769243 0.000547873
         822   -0.811734   -0.769295  0.00054964
         823   -0.756574   -0.769279 0.000549189
         824   -0.771832   -0.769283 0.000548531
         825   -0.770617   -0.769284 0.000547869
         826   -0.754912   -0.769267 0.000547482
         827   -0.737443   -0.769228  0.00054817
         828   -0.723845   -0.769173 0.000550242
         829    -0.75439   -0.769156 0.000549867
         830   -0.760171   -0.769145 0.000549311
         831    -0.76146   -0.769136 0.000548728
         832   -0.765543   -0.769131 0.000548085
         833   -0.793765   -0.769161 0.000548224
         834   -0.774798   -0.769168 0.000547609
         835   -0.763713   -0.769161 0.000546992
         836   -0.739177   -0.769125 0.000547512
         837   -0.777253   -0.769135 0.000546944
         838   -0.780801   -0.769149 0.000546469
         839   -0.763288   -0.769142 0.000545862
         840    -0.80676   -0.769187 0.000547046
         841   -0.774115   -0.769192 0.000546427
         842   -0.772697   -0.769197 0.000545794
         843    -0.80635   -0.769241 0.000546923
         844   -0.752122    -0.76922 0.000546651
         845   -0.772953   -0.769225 0.000546022
         846   -0.770821   -0.769227  0.00054538
         847   -0.753184   -0.769208 0.000545065
         848   -0.758339   -0.769195 0.000544573
         849   -0.789834   -0.769219 0.000544473
         850   -0.763096   -0.769212 0.000543881
         851   -0.785393   -0.769231 0.000543574
         852    -0.80384   -0.769272 0.000544451
         853   -0.767479    -0.76927 0.000543817
         854   -0.771884   -0.769273 0.000543189
         855   -0.750994   -0.769251 0.000542974
         856   -0.757375   -0.769237 0.000542517
         857   -0.815033   -0.769291 0.000544509
         858   -0.780428   -0.769304  0.00054403
         859   -0.775115   -0.769311 0.000543438
         860   -0.776107   -0.769318 0.000542864
         861   -0.800656   -0.769355 0.000543452
         862   -0.752366   -0.769335 0.000543179
         863   -0.762059   -0.769327 0.000542615
         864   -0.783744   -0.769343 0.000542243
         865   -0.773506   -0.769348 0.000541638
         866   -0.778028   -0.769358 0.000541105
         867   -0.765045   -0.769353 0.000540504
         868   -0.789875   -0.769377 0.000540398
         869   -0.770999   -0.769379 0.000539779
         870   -0.776792   -0.769387 0.000539226
         871   -0.760209   -0.769377  0.00053871
         872   -0.749173   -0.769354  0.00053859
         873   -0.784831   -0.769371 0.000538265
         874   -0.751704   -0.769351 0.000538029
         875   -0.767531   -0.769349 0.000537418
         876   -0.763074   -0.769342 0.000536852
         877   -0.778065   -0.769352 0.000536332
         878   -0.754909   -0.769335 0.000535973
         879    -0.76577   -0.769331 0.000535379
         880   -0.807355   -0.769375 0.000536511
         881   -0.761285   -0.769365 0.000535981
         882   -0.782294    -0.76938 0.000535574
         883   -0.777057   -0.769389 0.000535038
         884   -0.764128   -0.769383 0.000534466
         885   -0.774642   -0.769389 0.000533895
         886   -0.775556   -0.769396 0.000533338
         887   -0.741415   -0.769364 0.000533668
         888   -0.755422   -0.769348 0.000533298
         889    -0.74492   -0.769321 0.000533406
         890   -0.784991   -0.769339 0.000533097
         891   -0.753153    -0.76932 0.000532808
         892    -0.78551   -0.769339  0.00053252
         893   -0.792171   -0.769364 0.000532537
         894   -0.757388   -0.769351  0.00053211
         895   -0.753035   -0.769332 0.000531828
         896   -0.782878   -0.769348 0.000531449
         897   -0.766787   -0.769345 0.000530864
         898   -0.757392   -0.769331  0.00053044
         899   -0.798208   -0.769364 0.000530821
         900   -0.715392   -0.769304 0.000533608
         901   -0.754442   -0.769287 0.000533271
         902   -0.741608   -0.769256 0.000533562
         903   -0.767499   -0.769254 0.000532974
         904   -0.764928    -0.76925 0.000532406
         905   -0.755403   -0.769234 0.000532038
         906   -0.763852   -0.769228 0.000531484
         907   -0.770258    -0.76923 0.000530899
         908   -0.815185    -0.76928 0.000532721
         909    -0.76199   -0.769272 0.000532196
         910   -0.759656   -0.769262 0.000531716
         911   -0.751319   -0.769242 0.000531497
         912   -0.789102   -0.769264  0.00053136
         913   -0.785527   -0.769281 0.000531076
         914    -0.77812   -0.769291 0.000530583
         915   -0.778378   -0.769301 0.000530096
         916   -0.725471   -0.769253 0.000531673
         917   -0.755212   -0.769238 0.000531313
         918   -0.772513   -0.769241 0.000530747
         919   -0.767433   -0.769239 0.000530173
         920    -0.78421   -0.769256 0.000529846
         921   -0.769091   -0.769256 0.000529271
         922   -0.768132   -0.769254 0.000528698
         923   -0.796291   -0.769284 0.000528936
         924   -0.772768   -0.769287 0.000528377
         925   -0.787129   -0.769307 0.000528158
         926   -0.788082   -0.769327 0.000527977
         927   -0.773601   -0.769332 0.000527427
         928   -0.767294   -0.769329 0.000526863
         929   -0.791096   -0.769353 0.000526817
         930   -0.763554   -0.769347 0.000526287
         931   -0.772193    -0.76935 0.000525731
         932   -0.790808   -0.769373 0.000525671
         933   -0.748937   -0.769351 0.000525564
         934   -0.776071   -0.769358  0.00052505
         935   -0.740216   -0.769327 0.000525413
         936   -0.771185   -0.769329 0.000524855
         937   -0.768192   -0.769328 0.000524297
         938   -0.756339   -0.769314  0.00052392
         939   -0.754032   -0.769297 0.000523615
         940   -0.770531   -0.769299  0.00052306
         941   -0.761277    -0.76929 0.000522573
         942   -0.765647   -0.769286 0.000522033
         943   -0.784447   -0.769302 0.000521727
         944   -0.750639   -0.769283 0.000521549
         945    -0.78545     -0.7693 0.000521277
         946   -0.777933   -0.769309 0.000520806
         947   -0.779471    -0.76932 0.000520367
         948   -0.794022   -0.769346  0.00052047
         949   -0.774643   -0.769351 0.000519951
         950    -0.78694    -0.76937 0.000519734
         951   -0.795517   -0.769397 0.000519914
         952   -0.769475   -0.769397 0.000519368
         953   -0.808871   -0.769439 0.000520472
         954   -0.779376   -0.769449  0.00052003
         955   -0.769793    -0.76945 0.000519486
         956   -0.752009   -0.769431 0.000519263
         957   -0.755466   -0.769417 0.000518925
         958   -0.770295   -0.769418 0.000518384
         959   -0.785003   -0.769434 0.000518099
         960   -0.739707   -0.769403 0.000518483
         961   -0.760652   -0.769394 0.000518024
         962   -0.771547   -0.769396  0.00051749
         963   -0.767413   -0.769394 0.000516957
         964   -0.762962   -0.769387 0.000516464
         965   -0.791993   -0.769411 0.000516459
         966   -0.771213   -0.769413 0.000515928
         967   -0.762982   -0.769406 0.000515438
         968   -0.766562   -0.769403 0.000514913
         969   -0.758446   -0.769392 0.000514506
         970   -0.756975   -0.769379 0.000514135
         971   -0.782916   -0.769393 0.000513794
         972    -0.78582    -0.76941 0.000513544
         973   -0.759507     -0.7694 0.000513117
         974   -0.772587   -0.769403   0.0005126
         975   -0.782712   -0.769417 0.000512256
         976   -0.751736   -0.769398 0.000512052
         977   -0.772976   -0.769402 0.000511541
         978   -0.757296    -0.76939 0.000511167
         979   -0.755179   -0.769375 0.000510851
         980   -0.770865   -0.769377 0.000510332
         981   -0.763998   -0.769371 0.000509842
         982   -0.751894   -0.769353 0.000509633
         983    -0.77019   -0.769354 0.000509115
         984   -0.759061   -0.769344 0.000508705
         985    -0.78012   -0.769355 0.000508306
         986   -0.764089   -0.769349 0.000507819
         987   -0.768102   -0.769348 0.000507306
         988   -0.778217   -0.769357 0.000506872
         989   -0.774669   -0.769362 0.000506388
         990    -0.75481   -0.769348  0.00050609
         991    -0.74887   -0.769327 0.000506001
         992   -0.748339   -0.769306 0.000505933
         993   -0.764622   -0.769301 0.000505445
         994   -0.763491   -0.769295  0.00050497
         995   -0.773741     -0.7693 0.000504483
         996      -0.753   -0.769284 0.000504242
         997   -0.774655   -0.769289 0.000503765
         998   -0.769043   -0.769289  0.00050326
         999   -0.727189   -0.769247 0.000504517
        1000   -0.750773   -0.769228 0.000504351
        1001   -0.791164    -0.76925 0.000504323
        1002   -0.759016    -0.76924 0.000503923
        1003   -0.793519   -0.769264 0.000504002
        1004   -0.781932   -0.769277 0.000503658
        1005   -0.777582   -0.769285 0.000503224
        1006   -0.772311   -0.769288 0.000502733
        1007   -0.772627   -0.769291 0.000502245
        1008   -0.773395   -0.769295 0.000501763
        1009   -0.781585   -0.769307 0.000501414
        1010   -0.764562   -0.769303 0.000500939
        1011   -0.772665   -0.769306 0.000500455
        1012   -0.765309   -0.769302 0.000499976
        1013   -0.762928   -0.769296 0.000499522
        1014    -0.77445   -0.769301 0.000499055
        1015   -0.780525   -0.769312 0.000498686
        1016   -0.792981   -0.769335 0.000498739
        1017   -0.769223   -0.769335 0.000498248
        1018   -0.789302   -0.769355 0.000498145
        1019   -0.761903   -0.769347  0.00049771
        1020   -0.776463   -0.769354 0.000497271
        1021   -0.766235   -0.769351 0.000496793
        1022   -0.769398   -0.769351 0.000496307
        1023   -0.747669    -0.76933 0.000496274
        1024   -0.775715   -0.769336 0.000495829
        1025   -0.738741   -0.769307 0.000496243
        1026   -0.759418   -0.769297 0.000495853
        1027    -0.78031   -0.769308 0.000495486
        1028   -0.786063   -0.769324 0.000495272
        1029   -0.731043   -0.769287 0.000496186
        1030   -0.779158   -0.769296 0.000495796
        1031   -0.764198   -0.769291  0.00049534
        1032   -0.735905   -0.769259 0.000495916
        1033   -0.798759   -0.769288 0.000496257
        1034   -0.793471   -0.769311 0.000496328
        1035   -0.778756    -0.76932 0.000495932
        1036   -0.783876   -0.769334 0.000495653
        1037   -0.767166   -0.769332 0.000495179
        1038   -0.740987   -0.769305 0.000495454
        1039   -0.757151   -0.769293 0.000495115
        1040   -0.787503   -0.769311 0.000494949
        1041   -0.751187   -0.769293  0.00049478
        1042   -0.735135    -0.76926 0.000495389
        1043   -0.786739   -0.769277 0.000495198
        1044   -0.782517    -0.76929 0.000494886
        1045   -0.771039   -0.769292 0.000494415
        1046   -0.775605   -0.769298 0.000493979
        1047   -0.773414   -0.769301 0.000493523
        1048   -0.772815   -0.769305 0.000493064
        1049   -0.759763   -0.769296 0.000492678
        1050   -0.730311   -0.769259 0.000493605
        1051   -0.756131   -0.769246 0.000493294
        1052   -0.770641   -0.769247 0.000492827
        1053   -0.781396   -0.769259 0.000492494
        1054   -0.788517   -0.769277 0.000492365
        1055   -0.770523   -0.769278   0.0004919
        1056   -0.800847   -0.769308 0.000492342
        1057   -0.760883     -0.7693  0.00049194
        1058   -0.746929   -0.769279  0.00049193
        1059   -0.791047     -0.7693 0.000491894
        1060   -0.772661   -0.769303  0.00049144
        1061   -0.769928   -0.769304 0.000490978
        1062   -0.757889   -0.769293 0.000490633
        1063   -0.767145   -0.769291 0.000490176
        1064   -0.778331   -0.769299 0.000489789
        1065   -0.789883   -0.769319  0.00048971
        1066   -0.778499   -0.769327 0.000489326
        1067   -0.794952   -0.769351 0.000489457
        1068    -0.80346   -0.769383 0.000490039
        1069   -0.770351   -0.769384 0.000489581
        1070   -0.740775   -0.769357 0.000489853
        1071   -0.765527   -0.769354 0.000489409
        1072    -0.78708    -0.76937 0.000489232
        1073   -0.798726   -0.769398  0.00048954
        1074   -0.796467   -0.769423 0.000489733
        1075   -0.761648   -0.769416 0.000489331
        1076   -0.778109   -0.769424 0.000488943
        1077   -0.766069   -0.769421 0.000488499
        1078   -0.779434    -0.76943 0.000488134
        1079   -0.746518   -0.769409 0.000488143
        1080    -0.77837   -0.769417 0.000487762
        1081   -0.767683   -0.769415 0.000487313
        1082   -0.751366   -0.769399 0.000487148
        1083   -0.741497   -0.769373 0.000487379
        1084   -0.765984    -0.76937 0.000486939
        1085   -0.789932   -0.769389 0.000486859
        1086   -0.756785   -0.769377 0.000486549
        1087   -0.772846    -0.76938 0.000486112
        1088   -0.763637   -0.769375 0.000485694
        1089   -0.784048   -0.769388 0.000485435
        1090   -0.776307   -0.769395 0.000485031
        1091    -0.73367   -0.769362 0.000485691
        1092   -0.756629    -0.76935 0.000485386
        1093   -0.758685   -0.769341  0.00048504
        1094   -0.759864   -0.769332 0.000484674
        1095     -0.7766   -0.769339 0.000484276
        1096    -0.79367   -0.769361 0.000484343
        1097   -0.782469   -0.769373 0.000484049
        1098    -0.79275   -0.769394 0.000484076
        1099   -0.790189   -0.769413 0.000484005
        1100   -0.786338   -0.769428  0.00048381
        1101   -0.774915   -0.769433 0.000483396
        1102    -0.78736    -0.76945 0.000483231
        1103    -0.74045   -0.769423 0.000483508
        1104   -0.769972   -0.769424  0.00048307
        1105   -0.760201   -0.769415 0.000482705
        1106   -0.765529   -0.769412 0.000482281
        1107   -0.760471   -0.769404 0.000481913
        1108   -0.741821   -0.769379 0.000482121
        1109   -0.765686   -0.769376 0.000481698
        1110   -0.764137   -0.769371 0.000481287
        1111   -0.778431   -0.769379 0.000480923
        1112   -0.760615   -0.769371 0.000480555
        1113    -0.76057   -0.769363 0.000480188
        1114   -0.771307   -0.769365  0.00047976
        1115   -0.788045   -0.769382 0.000479622
        1116   -0.764389   -0.769377 0.000479213
        1117    -0.74041   -0.769351 0.000479486
        1118   -0.748893   -0.769333 0.000479406
        1119   -0.782127   -0.769345 0.000479114
        1120   -0.770993   -0.769346 0.000478688
        1121   -0.775658   -0.769352 0.000478294
        1122   -0.788944   -0.769369 0.000478187
        1123   -0.773254   -0.769373 0.000477773
        1124   -0.758776   -0.769363 0.000477441
        1125   -0.765091   -0.769359 0.000477032
        1126   -0.769299   -0.769359 0.000476608
        1127   -0.778972   -0.769368 0.000476262
        1128   -0.771013   -0.769369 0.000475842
        1129   -0.784805   -0.769383 0.000475617
        1130   -0.781379   -0.769394 0.000475314
        1131   -0.749745   -0.769376 0.000475211
        1132   -0.796682     -0.7694 0.000475403
        1133   -0.774418   -0.769405 0.000475004
        1134   -0.764133     -0.7694 0.000474608
        1135   -0.789997   -0.769418 0.000474537
        1136   -0.776733   -0.769425 0.000474163
        1137   -0.791189   -0.769444 0.000474132
        1138   -0.780633   -0.769454 0.000473817
        1139   -0.759689   -0.769445 0.000473479
        1140    -0.75724   -0.769434 0.000473185
        1141   -0.770477   -0.769435 0.000472771
        1142   -0.785245   -0.769449 0.000472559
        1143   -0.758254   -0.769439 0.000472248
        1144   -0.749194   -0.769422 0.000472166
        1145   -0.798295   -0.769447 0.000472427
        1146   -0.714283   -0.769399  0.00047446
        1147   -0.772024   -0.769401 0.000474052
        1148   -0.741992   -0.769377  0.00047424
        1149    -0.76985   -0.769378 0.000473828
        1150   -0.768643   -0.769377 0.000473416
        1151   -0.769915   -0.769377 0.000473005
        1152   -0.771298   -0.769379 0.000472597
        1153   -0.777778   -0.769386 0.000472244
        1154   -0.759945   -0.769378 0.000471905
        1155   -0.739679   -0.769352 0.000472197
        1156   -0.788358   -0.769369 0.000472074
        1157    -0.72998   -0.769335 0.000472892
        1158    -0.76971   -0.769335 0.000472484
        1159   -0.770267   -0.769336 0.000472077
        1160    -0.78783   -0.769352 0.000471939
        1161   -0.763588   -0.769347 0.000471559
        1162   -0.785228   -0.769361 0.000471351
        1163   -0.750595   -0.769344 0.000471222
        1164   -0.750566   -0.769328 0.000471093
        1165   -0.771396    -0.76933 0.000470692
        1166   -0.783573   -0.769342 0.000470447
        1167   -0.737508   -0.769315 0.000470834
        1168   -0.786091   -0.769329  0.00047065
        1169   -0.780581   -0.769339 0.000470346
        1170   -0.791432   -0.769358 0.000470322
        1171   -0.760599    -0.76935  0.00046998
        1172   -0.747192   -0.769332 0.000469959
        1173   -0.782601   -0.769343 0.000469695
        1174   -0.781673   -0.769353 0.000469412
        1175    -0.78962   -0.769371 0.000469329
        1176   -0.751387   -0.769355 0.000469179
        1177   -0.765984   -0.769352  0.00046879
        1178   -0.793245   -0.769373  0.00046883
        1179   -0.762638   -0.769367 0.000468467
        1180   -0.785371   -0.769381 0.000468267
        1181   -0.780594    -0.76939 0.000467966
        1182   -0.740894   -0.769366 0.000468191
        1183   -0.784103   -0.769378 0.000467961
        1184   -0.780378   -0.769388 0.000467658
        1185   -0.770627   -0.769389 0.000467264
        1186   -0.783811   -0.769401 0.000467029
        1187    -0.76424   -0.769397 0.000466655
        1188   -0.808372   -0.769429 0.000467414
        1189   -0.763798   -0.769425 0.000467045
        1190   -0.747117   -0.769406 0.000467029
        1191   -0.772657   -0.769409 0.000466645
        1192    -0.78769   -0.769424 0.000466505
        1193    -0.77256   -0.769427 0.000466122
        1194   -0.758152   -0.769417 0.000465827
        1195   -0.775853   -0.769423 0.000465468
        1196   -0.744369   -0.769402  0.00046555
        1197   -0.791616    -0.76942 0.000465531
        1198   -0.773417   -0.769423 0.000465154
        1199   -0.782716   -0.769435 0.000464899
        1200   -0.774028   -0.769438 0.000464527
        1201   -0.761099   -0.769431 0.000464192
        1202   -0.794315   -0.769452 0.000464267
        1203   -0.758297   -0.769443 0.000463974
        1204   -0.747958   -0.769425 0.000463931
        1205   -0.784322   -0.769437 0.000463711
        1206    -0.77745   -0.769444 0.000463374
        1207   -0.805017   -0.769474 0.000463927
        1208    -0.78891    -0.76949 0.000463822
        1209   -0.760464   -0.769482 0.000463498
        1210   -0.783735   -0.769494 0.000463265
        1211   -0.740677    -0.76947 0.000463493
        1212   -0.774422   -0.769474 0.000463128
        1213   -0.766523   -0.769472 0.000462753
        1214   -0.741397   -0.769449 0.000462949
        1215   -0.783831    -0.76946  0.00046272
        1216   -0.757228    -0.76945 0.000462448
        1217   -0.769617   -0.769451 0.000462068
        1218   -0.777538   -0.769457 0.000461737
        1219    -0.77619   -0.769463 0.000461391
        1220    -0.75847   -0.769454 0.000461101
        1221   -0.741178   -0.769431 0.000461304
        1222   -0.786119   -0.769444 0.000461129
        1223   -0.750123   -0.769428 0.000461022
        1224   -0.773565   -0.769432 0.000460658
        1225   -0.767566    -0.76943 0.000460285
        1226   -0.781664    -0.76944 0.000460017
        1227   -0.754954   -0.769428 0.000459794
        1228    -0.77816   -0.769436 0.000459474
        1229   -0.763458   -0.769431 0.000459126
        1230   -0.756134    -0.76942  0.00045888
        1231    -0.78325   -0.769431 0.000458645
        1232   -0.778338   -0.769438  0.00045833
        1233   -0.774036   -0.769442 0.000457973
        1234   -0.786943   -0.769456 0.000457822
        1235    -0.75513   -0.769445 0.000457598
        1236   -0.792255   -0.769463   0.0004576
        1237   -0.766501   -0.769461 0.000457236
        1238     -0.7464   -0.769442 0.000457246
        1239   -0.776659   -0.769448 0.000456914
        1240   -0.758922   -0.769439 0.000456624
        1241   -0.780983   -0.769449 0.000456351
        1242   -0.774219   -0.769453    0.000456
        1243   -0.746464   -0.769434 0.000456008
        1244   -0.777817   -0.769441 0.000455691
        1245   -0.761539   -0.769434 0.000455369
        1246   -0.761936   -0.769428 0.000455044
        1247   -0.744467   -0.769408 0.000455119
        1248   -0.763849   -0.769404 0.000454776
        1249   -0.779778   -0.769412 0.000454488
        1250   -0.778955    -0.76942 0.000454188
        1251   -0.757468    -0.76941 0.000453926
        1252   -0.773154   -0.769413 0.000453573
        1253   -0.779506   -0.769421 0.000453282
        1254   -0.782427   -0.769432 0.000453039
        1255   -0.768891   -0.769431 0.000452679
        1256   -0.771962   -0.769433 0.000452323
        1257   -0.762051   -0.769427 0.000452001
        1258   -0.762001   -0.769422  0.00045168
        1259   -0.752356   -0.769408 0.000451525
        1260   -0.785248   -0.769421 0.000451342
        1261   -0.765395   -0.769417 0.000450995
        1262   -0.774366   -0.769421 0.000450655
        1263   -0.803329   -0.769448 0.000451097
        1264   -0.756377   -0.769438 0.000450858
        1265   -0.782746   -0.769448 0.000450625
        1266   -0.766703   -0.769446 0.000450274
        1267   -0.767358   -0.769445 0.000449922
        1268   -0.780909   -0.769454 0.000449658
        1269   -0.801314   -0.769479 0.000450004
        1270    -0.76438   -0.769475 0.000449667
        1271   -0.753505   -0.769462 0.000449489
        1272   -0.780633   -0.769471 0.000449221
        1273   -0.771599   -0.769473 0.000448872
        1274   -0.741018    -0.76945 0.000449075
        1275   -0.775227   -0.769455 0.000448745
        1276    -0.75597   -0.769444 0.000448518
        1277   -0.797398   -0.769466 0.000448701
        1278   -0.783328   -0.769477 0.000448481
        1279   -0.751254   -0.769463 0.000448356
        1280   -0.766006    -0.76946 0.000448014
        1281   -0.791838   -0.769477 0.000448005
        1282   -0.781627   -0.769487 0.000447756
        1283   -0.755532   -0.769476 0.000447539
        1284   -0.746446   -0.769458 0.000447549
        1285   -0.768217   -0.769457 0.000447202
        1286   -0.767136   -0.769455 0.000446858
        1287   -0.773256   -0.769458 0.000446521
        1288   -0.792146   -0.769476 0.000446521
        1289   -0.770541   -0.769477 0.000446176
        1290   -0.740138   -0.769454 0.000446409
        1291   -0.788401   -0.769469 0.000446304
        1292    -0.77662   -0.769474 0.000445993
        1293   -0.790189    -0.76949 0.000445936
        1294   -0.791469   -0.769507 0.000445915
        1295   -0.747552    -0.76949 0.000445892
        1296   -0.778666   -0.769497 0.000445605
        1297   -0.779226   -0.769505 0.000445324
        1298    -0.78246   -0.769515 0.000445093
        1299    -0.77987   -0.769523 0.000444822
        1300    -0.79083   -0.769539 0.000444781
        1301   -0.773513   -0.769542  0.00044445
        1302   -0.786421   -0.769555 0.000444298
        1303   -0.776159    -0.76956 0.000443986
        1304    -0.76976    -0.76956 0.000443645
        1305   -0.757747   -0.769551 0.000443397
        1306   -0.743047   -0.769531 0.000443522
        1307   -0.781136    -0.76954 0.000443272
        1308   -0.752056   -0.769527 0.000443134
        1309   -0.761121    -0.76952 0.000442842
        1310    -0.75253   -0.769507 0.000442694
        1311    -0.75627   -0.769497 0.000442472
        1312   -0.757629   -0.769488 0.000442227
        1313   -0.763272   -0.769483 0.000441915
        1314   -0.761872   -0.769478 0.000441617
        1315   -0.782408   -0.769487 0.000441391
        1316   -0.778152   -0.769494 0.000441104
        1317   -0.746562   -0.769477 0.000441113
        1318   -0.800441     -0.7695 0.000441403
        1319   -0.780793   -0.769509 0.000441152
        1320   -0.761283   -0.769502 0.000440862
        1321    -0.77586   -0.769507 0.000440554
        1322   -0.764457   -0.769503 0.000440237
        1323   -0.790196   -0.769519 0.000440182
        1324   -0.782065   -0.769528 0.000439952
        1325    -0.75067   -0.769514  0.00043985
        1326   -0.760322   -0.769507 0.000439573
        1327   -0.774403   -0.769511 0.000439257
        1328   -0.743985   -0.769492 0.000439347
        1329   -0.767798    -0.76949 0.000439018
        1330   -0.747901   -0.769474 0.000438988
        1331   -0.722115   -0.769439 0.000440098
        1332   -0.780649   -0.769447 0.000439848
        1333   -0.756623   -0.769437 0.000439623
        1334   -0.781402   -0.769446 0.000439385
        1335   -0.782192   -0.769456  0.00043916
        1336   -0.784003   -0.769467 0.000438966
        1337   -0.790296   -0.769482 0.000438914
        1338   -0.775058   -0.769487 0.000438606
        1339   -0.757578   -0.769478 0.000438368
        1340   -0.748598   -0.769462 0.000438318
        1341    -0.77883   -0.769469 0.000438047
        1342   -0.768326   -0.769468 0.000437721
        1343   -0.776922   -0.769474  0.00043743
        1344   -0.775408   -0.769478 0.000437127
        1345   -0.764454   -0.769475 0.000436818
        1346   -0.772811   -0.769477 0.000436501
        1347    -0.77774   -0.769483  0.00043622
        1348     -0.7706   -0.769484 0.000435897
        1349   -0.775601   -0.769488 0.000435597
        1350   -0.769906   -0.769489 0.000435275
        1351   -0.759945   -0.769482  0.00043501
        1352   -0.770676   -0.769483 0.000434689
        1353    -0.78393   -0.769493 0.000434499
        1354   -0.781063   -0.769502 0.000434262
        1355   -0.761011   -0.769496 0.000433987
        1356   -0.774758   -0.769499 0.000433684
        1357   -0.752136   -0.769487 0.000433553
        1358   -0.749193   -0.769472 0.000433491
        1359    -0.75433   -0.769461 0.000433316
        1360   -0.757093   -0.769451 0.000433092
        1361   -0.722991   -0.769417 0.000434117
        1362   -0.747017   -0.769401  0.00043411
        1363   -0.750716   -0.769387 0.000434008
        1364   -0.776659   -0.769393 0.000433723
        1365   -0.753747   -0.769381 0.000433556
        1366   -0.767631    -0.76938 0.000433241
        1367   -0.767486   -0.769378 0.000432926
        1368   -0.785402    -0.76939 0.000432768
        1369   -0.755093    -0.76938 0.000432578
        1370   -0.755692    -0.76937 0.000432378
        1371   -0.785336   -0.769381 0.000432219
        1372   -0.747957   -0.769366 0.000432186
        1373   -0.763257   -0.769361 0.000431894
        1374   -0.773847   -0.769365 0.000431592
        1375   -0.777231    -0.76937 0.000431316
        1376   -0.751218   -0.769357 0.000431204
        1377   -0.793729   -0.769375 0.000431254
        1378   -0.775032   -0.769379 0.000430961
        1379   -0.765575   -0.769376 0.000430657
        1380   -0.780426   -0.769384  0.00043042
        1381   -0.768185   -0.769383 0.000430109
        1382   -0.757282   -0.769374 0.000429887
        1383   -0.772147   -0.769376  0.00042958
        1384   -0.773415   -0.769379  0.00042928
        1385   -0.753846   -0.769368 0.000429117
        1386    -0.77614   -0.769373 0.000428835
        1387   -0.748731   -0.769358 0.000428784
        1388   -0.747887   -0.769343 0.000428754
        1389   -0.767338   -0.769341 0.000428448
        1390    -0.76551   -0.769339 0.000428148
        1391   -0.794903   -0.769357 0.000428235
        1392   -0.773629    -0.76936 0.000427938
        1393   -0.794302   -0.769378 0.000428005
        1394    -0.77562   -0.769382 0.000427722
        1395   -0.743567   -0.769364 0.000427815
        1396   -0.773989   -0.769367 0.000427521
        1397   -0.790019   -0.769382 0.000427471
        1398   -0.757552   -0.769373 0.000427249
        1399   -0.737401   -0.769351 0.000427554
        1400   -0.779868   -0.769358 0.000427315
        1401   -0.795754   -0.769377 0.000427425
        1402   -0.777974   -0.769383 0.000427164
        1403   -0.776022   -0.769388 0.000426886
        1404   -0.784636   -0.769399  0.00042672
        1405   -0.764559   -0.769395  0.00042643
        1406   -0.788943   -0.769409 0.000426354
        1407   -0.781004   -0.769417  0.00042613
        1408   -0.774681   -0.769421 0.000425844
        1409   -0.788729   -0.769435 0.000425762
        1410   -0.764826   -0.769432 0.000425473
        1411   -0.755671   -0.769422 0.000425283
        1412   -0.759571   -0.769415 0.000425039
        1413   -0.760788   -0.769409 0.000424782
        1414   -0.757478     -0.7694 0.000424565
        1415   -0.783603    -0.76941 0.000424384
        1416   -0.764604   -0.769407 0.000424098
        1417   -0.745219    -0.76939 0.000424142
        1418   -0.801046   -0.769412  0.00042443
        1419    -0.75039   -0.769399 0.000424342
        1420   -0.770626     -0.7694 0.000424044
        1421   -0.766344   -0.769397 0.000423751
        1422   -0.791667   -0.769413 0.000423743
        1423   -0.772932   -0.769416 0.000423452
        1424   -0.789054   -0.769429 0.000423379
        1425   -0.761647   -0.769424 0.000423117
        1426   -0.775286   -0.769428 0.000422841
        1427     -0.7805   -0.769436 0.000422616
        1428   -0.785294   -0.769447 0.000422466
        1429   -0.773262    -0.76945 0.000422178
        1430    -0.78455    -0.76946 0.000422015
        1431   -0.751774   -0.769448 0.000421901
        1432   -0.772184    -0.76945 0.000421611
        1433   -0.804129   -0.769474 0.000422011
        1434   -0.723929   -0.769442  0.00042291
        1435    -0.74503   -0.769425 0.000422957
        1436    -0.73429   -0.769401  0.00042337
        1437   -0.780752   -0.769409 0.000423149
        1438   -0.738927   -0.769387 0.000423385
        1439    -0.75843    -0.76938 0.000423159
        1440   -0.778732   -0.769386 0.000422915
        1441   -0.816873   -0.769419 0.000423904
        1442   -0.790731   -0.769434 0.000423867
        1443   -0.786532   -0.769446 0.000423739
        1444   -0.757876   -0.769438 0.000423522
        1445   -0.737009   -0.769415 0.000423823
        1446   -0.776276    -0.76942 0.000423556
        1447   -0.777541   -0.769426 0.000423301
        1448   -0.780548   -0.769433 0.000423078
        1449   -0.747577   -0.769418 0.000423055
        1450   -0.796687   -0.769437 0.000423181
        1451   -0.761349   -0.769432 0.000422926
        1452   -0.756997   -0.769423 0.000422721
        1453   -0.737383   -0.769401 0.000423005
        1454   -0.746291   -0.769385 0.000423013
        1455   -0.768848   -0.769385 0.000422722
        1456   -0.781052   -0.769393 0.000422508
        1457     -0.7647   -0.769389  0.00042223
        1458   -0.779996   -0.769397 0.000422003
        1459   -0.781079   -0.769405  0.00042179
        1460   -0.772026   -0.769407 0.000421505
        1461   -0.770525   -0.769407 0.000421217
        1462   -0.780393   -0.769415 0.000420996
        1463   -0.767479   -0.769414  0.00042071
        1464   -0.770805   -0.769414 0.000420424
        1465   -0.772138   -0.769416 0.000420141
        1466   -0.764027   -0.769413  0.00041987
        1467   -0.787291   -0.769425 0.000419761
        1468   -0.776577    -0.76943 0.000419503
        1469   -0.766656   -0.769428 0.000419222
        1470   -0.747585   -0.769413   0.0004192
        1471   -0.768721   -0.769412 0.000418915
        1472   -0.761712   -0.769407 0.000418664
        1473   -0.785667   -0.769418 0.000418525
        1474   -0.781061   -0.769426 0.000418315
        1475   -0.780528   -0.769434 0.000418099
        1476   -0.767316   -0.769432 0.000417819
        1477   -0.770434   -0.769433 0.000417536
        1478   -0.772622   -0.769435 0.000417259
        1479   -0.781575   -0.769443 0.000417058
        1480   -0.758788   -0.769436 0.000416838
        1481   -0.756143   -0.769427 0.000416654
        1482    -0.74432    -0.76941 0.000416717
        1483    -0.75743   -0.769402 0.000416514
        1484    -0.75649   -0.769393 0.000416324
        1485   -0.764471    -0.76939 0.000416057
        1486   -0.765036   -0.769387 0.000415787
        1487   -0.764445   -0.769384 0.000415521
        1488   -0.743888   -0.769367 0.000415595
        1489   -0.765023   -0.769364 0.000415326
        1490   -0.754237   -0.769354 0.000415171
        1491   -0.777574   -0.769359 0.000414929
        1492   -0.786204    -0.76937 0.000414805
        1493   -0.762624   -0.769366 0.000414552
        1494   -0.771449   -0.769367 0.000414277
        1495   -0.778401   -0.769373 0.000414044
        1496   -0.783375   -0.769383 0.000413873
        1497   -0.748802   -0.769369 0.000413824
        1498   -0.767619   -0.769368  0.00041355
        1499   -0.768869   -0.769368 0.000413274
        1500   -0.777872   -0.769373 0.000413037
        1501   -0.763939    -0.76937 0.000412778
        1502   -0.761727   -0.769364 0.000412535
        1503   -0.767224   -0.769363 0.000412263
        1504   -0.753209   -0.769352 0.000412128
        1505   -0.769332   -0.769352 0.000411855
        1506   -0.784418   -0.769362 0.000411703
        1507   -0.786864   -0.769374 0.000411593
        1508   -0.764643   -0.769371 0.000411332
        1509    -0.78601   -0.769382 0.000411207
        1510   -0.808378   -0.769408 0.000411745
        1511   -0.789364   -0.769421 0.000411684
        1512   -0.795146   -0.769438 0.000411764
        1513   -0.749338   -0.769425 0.000411706
        1514   -0.799924   -0.769445 0.000411926
        1515   -0.753964   -0.769434 0.000411781
        1516   -0.746835    -0.76942 0.000411779
        1517   -0.784324   -0.769429 0.000411625
        1518   -0.741465   -0.769411 0.000411766
        1519    -0.80713   -0.769436 0.000412243
        1520   -0.781361   -0.769444 0.000412046
        1521   -0.774283   -0.769447 0.000411788
        1522   -0.762099   -0.769442 0.000411545
        1523   -0.760351   -0.769436 0.000411319
        1524   -0.758071   -0.769429 0.000411116
        1525   -0.745981   -0.769413 0.000411134
        1526    -0.79235   -0.769428 0.000411139
        1527   -0.788044    -0.76944 0.000411051
        1528   -0.763234   -0.769436 0.000410802
        1529   -0.760741   -0.769431 0.000410572
        1530   -0.772908   -0.769433  0.00041031
        1531   -0.766513   -0.769431 0.000410047
        1532   -0.718363   -0.769398 0.000411132
        1533   -0.757108    -0.76939 0.000410942
        1534   -0.771023   -0.769391 0.000410675
        1535   -0.774826   -0.769394 0.000410423
        1536   -0.783224   -0.769403 0.000410255
        1537   -0.763861     -0.7694 0.000410004
        1538    -0.76265   -0.769395  0.00040976
        1539   -0.773485   -0.769398 0.000409503
        1540   -0.768558   -0.769397 0.000409237
        1541   -0.763105   -0.769393 0.000408992
        1542   -0.775071   -0.769397 0.000408743
        1543   -0.761628   -0.769392  0.00040851
        1544   -0.758617   -0.769385 0.000408305
        1545   -0.785395   -0.769395 0.000408172
        1546   -0.785801   -0.769406 0.000408046
        1547   -0.769138   -0.769406 0.000407782
        1548   -0.774875   -0.769409 0.000407534
        1549   -0.750292   -0.769397 0.000407458
        1550   -0.751055   -0.769385 0.000407366
        1551   -0.764796   -0.769382 0.000407115
        1552   -0.781652    -0.76939 0.000406929
        1553   -0.781982   -0.769398 0.000406748
        1554   -0.768454   -0.769398 0.000406486
        1555   -0.788881    -0.76941 0.000406418
        1556   -0.767996   -0.769409 0.000406158
        1557   -0.755471     -0.7694 0.000405996
        1558   -0.763473   -0.769396 0.000405753
        1559   -0.778213   -0.769402 0.000405532
        1560   -0.758465   -0.769395 0.000405333
        1561   -0.767079   -0.769394 0.000405076
        1562   -0.782684   -0.769402 0.000404906
        1563   -0.755115   -0.769393  0.00040475
        1564   -0.800348   -0.769413 0.000404975
        1565   -0.740764   -0.769394  0.00040513
        1566   -0.790469   -0.769408 0.000405094
        1567   -0.771152   -0.769409 0.000404837
        1568   -0.767487   -0.769408 0.000404581
        1569   -0.770661   -0.769409 0.000404324
        1570   -0.786679    -0.76942 0.000404216
        1571   -0.787493   -0.769431 0.000404122
        1572    -0.75248    -0.76942 0.000404009
        1573   -0.781133   -0.769428 0.000403821
        1574   -0.765022   -0.769425 0.000403574
        1575   -0.770863   -0.769426 0.000403319
        1576   -0.771905   -0.769427 0.000403066
        1577   -0.774902   -0.769431 0.000402825
        1578   -0.745265   -0.769416 0.000402861
        1579   -0.752194   -0.769405 0.000402754
        1580   -0.766186   -0.769403 0.000402504
        1581    -0.76717   -0.769401 0.000402252
        1582   -0.756709   -0.769393 0.000402077
        1583   -0.741364   -0.769376 0.000402213
        1584    -0.76467   -0.769373  0.00040197
        1585   -0.766569   -0.769371  0.00040172
        1586   -0.784034    -0.76938 0.000401574
        1587   -0.766691   -0.769378 0.000401324
        1588   -0.776523   -0.769383 0.000401097
        1589   -0.768479   -0.769382 0.000400845
        1590   -0.746946   -0.769368 0.000400841
        1591   -0.788295    -0.76938 0.000400765
        1592   -0.774917   -0.769384 0.000400529
        1593   -0.812432   -0.769411 0.000401188
        1594   -0.782668   -0.769419 0.000401022
        1595   -0.745064   -0.769404 0.000401062
        1596   -0.787937   -0.769415 0.000400978
        1597   -0.775526   -0.769419 0.000400745
        1598   -0.776933   -0.769424 0.000400522
        1599   -0.794846    -0.76944 0.000400587
        1600   -0.771461   -0.769441 0.000400339
        1601   -0.792049   -0.769455 0.000400338
        1602   -0.766792   -0.769453 0.000400091
        1603   -0.771431   -0.769455 0.000399844
        1604   -0.761009   -0.769449 0.000399629
        1605   -0.740043   -0.769431   0.0003998
        1606   -0.794133   -0.769446 0.000399847
        1607    -0.75505   -0.769437 0.000399698
        1608   -0.779409   -0.769444 0.000399498
        1609   -0.758513   -0.769437 0.000399307
        1610   -0.760355   -0.769431 0.000399099
        1611   -0.789449   -0.769444 0.000399045
        1612   -0.752139   -0.769433 0.000398941
        1613   -0.745108   -0.769418 0.000398979
        1614   -0.755624   -0.769409 0.000398823
        1615   -0.766016   -0.769407 0.000398582
        1616   -0.770794   -0.769408 0.000398336
        1617   -0.740201    -0.76939 0.000398499
        1618   -0.763204   -0.769386 0.000398271
        1619   -0.771217   -0.769387 0.000398027
        1620   -0.775137   -0.769391 0.000397797
        1621    -0.77632   -0.769395 0.000397575
        1622   -0.775551   -0.769399 0.000397348
        1623   -0.754425    -0.76939  0.00039721
        1624   -0.792268   -0.769404 0.000397215
        1625   -0.783476   -0.769412 0.000397065
        1626   -0.766393   -0.769411 0.000396825
        1627   -0.775328   -0.769414 0.000396598
        1628   -0.782284   -0.769422 0.000396433
        1629   -0.774673   -0.769425 0.000396203
        1630   -0.760433    -0.76942 0.000395998
        1631   -0.774839   -0.769423 0.000395769
        1632   -0.783057   -0.769432 0.000395615
        1633   -0.781448   -0.769439 0.000395441
        1634   -0.784603   -0.769448 0.000395308
        1635   -0.779136   -0.769454 0.000395111
        1636   -0.783245   -0.769463 0.000394959
        1637   -0.794955   -0.769478 0.000395025
        1638   -0.771004   -0.769479 0.000394784
        1639   -0.778514   -0.769485 0.000394582
        1640   -0.760732   -0.769479 0.000394378
        1641   -0.764876   -0.769476 0.000394147
        1642   -0.786804   -0.769487 0.000394048
        1643   -0.760492   -0.769481 0.000393847
        1644   -0.783648    -0.76949 0.000393701
        1645    -0.75879   -0.769484 0.000393516
        1646   -0.767766   -0.769483 0.000393278
        1647    -0.74753   -0.769469 0.000393265
        1648   -0.753224   -0.769459  0.00039315
        1649   -0.792794   -0.769473 0.000393166
        1650   -0.777333   -0.769478 0.000392957
        1651   -0.771598    -0.76948 0.000392721
        1652   -0.782588   -0.769487 0.000392563
        1653    -0.75025   -0.769476 0.000392498
        1654   -0.771948   -0.769477 0.000392264
        1655     -0.7968   -0.769494 0.000392374
        1656   -0.786238   -0.769504 0.000392267
        1657   -0.747023    -0.76949 0.000392265
        1658   -0.777704   -0.769495  0.00039206
        1659   -0.769927   -0.769496 0.000391824
        1660   -0.762591   -0.769491  0.00039161
        1661   -0.770772   -0.769492 0.000391375
        1662   -0.811328   -0.769517 0.000391948
        1663   -0.774704    -0.76952 0.000391725
        1664   -0.769741   -0.769521 0.000391489
        1665   -0.777833   -0.769526 0.000391286
        1666   -0.767572   -0.769524 0.000391053
        1667   -0.776128   -0.769528 0.000390838
        1668   -0.776149   -0.769532 0.000390624
        1669   -0.736656   -0.769513 0.000390886
        1670   -0.761721   -0.769508  0.00039068
        1671   -0.774553   -0.769511 0.000390458
        1672   -0.762935   -0.769507 0.000390244
        1673   -0.770515   -0.769508 0.000390011
        1674   -0.771569   -0.769509  0.00038978
        1675   -0.751111   -0.769498 0.000389702
        1676   -0.765209   -0.769495 0.000389478
        1677   -0.762117   -0.769491 0.000389271
        1678   -0.786317   -0.769501 0.000389168
        1679   -0.795556   -0.769517 0.000389246
        1680   -0.780901   -0.769523 0.000389073
        1681    -0.79052   -0.769536 0.000389042
        1682   -0.739622   -0.769518 0.000389217
        1683   -0.776244   -0.769522 0.000389006
        1684   -0.755164   -0.769513 0.000388869
        1685   -0.791649   -0.769527  0.00038886
        1686   -0.786709   -0.769537 0.000388762
        1687   -0.767434   -0.769536 0.000388534
        1688   -0.788509   -0.769547 0.000388466
        1689   -0.775846   -0.769551 0.000388254
        1690   -0.754614   -0.769542 0.000388125
        1691   -0.775865   -0.769545 0.000387914
        1692   -0.758061   -0.769539 0.000387744
        1693   -0.759465   -0.769533  0.00038756
        1694   -0.773972   -0.769535  0.00038734
        1695   -0.768261   -0.769535 0.000387113
        1696   -0.761297    -0.76953 0.000386915
        1697   -0.728295   -0.769505 0.000387449
        1698   -0.742606    -0.76949 0.000387545
        1699   -0.774351   -0.769492 0.000387327
        1700   -0.805156   -0.769513 0.000387667
        1701   -0.744757   -0.769499 0.000387712
        1702   -0.760312   -0.769493 0.000387522
        1703   -0.791278   -0.769506 0.000387506
        1704   -0.750745   -0.769495 0.000387434
        1705   -0.754881   -0.769487 0.000387302
        1706   -0.765747   -0.769484 0.000387081
        1707   -0.771643   -0.769486 0.000386857
        1708   -0.777717   -0.769491  0.00038666
        1709   -0.771509   -0.769492 0.000386436
        1710    -0.76586    -0.76949 0.000386215
        1711     -0.7652   -0.769487 0.000385998
        1712   -0.770168   -0.769488 0.000385773
        1713   -0.769533   -0.769488 0.000385547
        1714   -0.754348   -0.769479 0.000385424
        1715   -0.754708    -0.76947 0.000385295
        1716    -0.76969    -0.76947 0.000385071
        1717   -0.760563   -0.769465 0.000384881
        1718    -0.76187   -0.769461 0.000384683
        1719   -0.769708   -0.769461 0.000384459
        1720   -0.771368   -0.769462 0.000384237
        1721   -0.765446    -0.76946 0.000384021
        1722   -0.770811    -0.76946 0.000383799
        1723   -0.758596   -0.769454 0.000383628
        1724    -0.77354   -0.769456 0.000383412
        1725   -0.750645   -0.769445 0.000383345
        1726   -0.776446    -0.76945 0.000383145
        1727   -0.773228   -0.769452 0.000382929
        1728   -0.746386   -0.769438  0.00038294
        1729   -0.762923   -0.769435 0.000382737
        1730   -0.772573   -0.769436  0.00038252
        1731    -0.77475   -0.769439 0.000382311
        1732   -0.775693   -0.769443 0.000382108
        1733   -0.781246    -0.76945 0.000381948
        1734   -0.775163   -0.769453 0.000381742
        1735   -0.776643   -0.769457 0.000381544
        1736   -0.758635   -0.769451 0.000381375
        1737   -0.760516   -0.769446 0.000381191
        1738   -0.773763   -0.769448 0.000380979
        1739    -0.76444   -0.769446 0.000380771
        1740   -0.789473   -0.769457 0.000380726
        1741   -0.773428   -0.769459 0.000380514
        1742   -0.775377   -0.769463 0.000380311
        1743   -0.775882   -0.769466 0.000380111
        1744   -0.748142   -0.769454 0.000380089
        1745   -0.759865   -0.769449 0.000379911
        1746   -0.755402   -0.769441 0.000379779
        1747   -0.758868   -0.769435  0.00037961
        1748   -0.749554   -0.769423 0.000379563
        1749   -0.772686   -0.769425  0.00037935
        1750   -0.761318    -0.76942 0.000379162
        1751   -0.777499   -0.769425 0.000378974
        1752   -0.753307   -0.769416 0.000378869
        1753   -0.758906    -0.76941   0.0003787
        1754   -0.771641   -0.769411 0.000378486
        1755   -0.773949   -0.769414  0.00037828
        1756   -0.757294   -0.769407 0.000378127
        1757   -0.788677   -0.769418 0.000378071
        1758   -0.780386   -0.769424 0.000377907
        1759   -0.773568   -0.769426   0.0003777
        1760   -0.723886   -0.769401  0.00037837
        1761    -0.75754   -0.769394 0.000378216
        1762   -0.765005   -0.769391 0.000378009
        1763   -0.787907   -0.769402 0.000377941
        1764   -0.793972   -0.769416 0.000377983
        1765   -0.761863   -0.769411 0.000377793
        1766   -0.762075   -0.769407 0.000377602
        1767   -0.791254    -0.76942 0.000377591
        1768   -0.798667   -0.769436 0.000377739
        1769   -0.775524    -0.76944 0.000377541
        1770   -0.759348   -0.769434 0.000377371
        1771   -0.774314   -0.769437 0.000377168
        1772     -0.7647   -0.769434 0.000376965
        1773   -0.744853    -0.76942 0.000377007
        1774   -0.762076   -0.769416 0.000376817
        1775   -0.776953    -0.76942 0.000376629
        1776    -0.75931   -0.769415  0.00037646
        1777   -0.770916   -0.769415 0.000376249
        1778   -0.756673   -0.769408 0.000376105
        1779   -0.778862   -0.769414 0.000375932
        1780   -0.773953   -0.769416 0.000375729
        1781   -0.763722   -0.769413 0.000375532
        1782   -0.762958   -0.769409 0.000375338
        1783   -0.767474   -0.769408 0.000375129
        1784   -0.770515   -0.769409  0.00037492
        1785    -0.76749   -0.769408 0.000374711
        1786   -0.783472   -0.769416 0.000374584
        1787   -0.752293   -0.769406 0.000374497
        1788   -0.760669   -0.769401 0.000374319
        1789   -0.762108   -0.769397 0.000374132
        1790   -0.787189   -0.769407 0.000374055
        1791   -0.764087   -0.769404 0.000373858
        1792    -0.74526   -0.769391 0.000373892
        1793   -0.775324   -0.769394 0.000373699
        1794   -0.761506    -0.76939 0.000373516
        1795   -0.788068     -0.7694 0.000373453
        1796   -0.745714   -0.769387 0.000373478
        1797   -0.780323   -0.769393  0.00037332
        1798   -0.783252   -0.769401 0.000373192
        1799   -0.792908   -0.769414 0.000373213
        1800   -0.754192   -0.769405 0.000373101
        1801   -0.790336   -0.769417 0.000373075
        1802   -0.773576   -0.769419 0.000372875
        1803   -0.766011   -0.769417 0.000372673
        1804   -0.760247   -0.769412 0.000372501
        1805   -0.746826     -0.7694 0.000372505
        1806    -0.78107   -0.769406 0.000372355
        1807   -0.772966   -0.769408 0.000372154
        1808   -0.775305   -0.769411 0.000371962
        1809   -0.801084   -0.769429 0.000372169
        1810   -0.782137   -0.769436 0.000372029
        1811   -0.772427   -0.769437 0.000371827
        1812   -0.758403   -0.769431 0.000371672
        1813   -0.776548   -0.769435 0.000371488
        1814   -0.776099   -0.769439 0.000371301
        1815   -0.768157   -0.769438 0.000371097
        1816   -0.768876   -0.769438 0.000370893
        1817    -0.78875   -0.769449 0.000370841
        1818   -0.777889   -0.769453 0.000370666
        1819   -0.797718   -0.769469 0.000370788
        1820   -0.795431   -0.769483 0.000370859
        1821   -0.756464   -0.769476 0.000370724
        1822   -0.759671    -0.76947 0.000370559
        1823   -0.781037   -0.769477  0.00037041
        1824   -0.762558   -0.769473 0.000370227
        1825   -0.768089   -0.769472 0.000370025
        1826     -0.7659    -0.76947 0.000369827
        1827   -0.737544   -0.769453 0.000370037
        1828   -0.779984   -0.769459  0.00036988
        1829   -0.768389   -0.769458 0.000369678
        1830   -0.780518   -0.769464 0.000369525
        1831    -0.79476   -0.769478 0.000369582
        1832    -0.77219   -0.769479 0.000369383
        1833    -0.78831    -0.76949 0.000369324
        1834   -0.778036   -0.769494 0.000369152
        1835   -0.769489   -0.769494 0.000368951
        1836   -0.778761   -0.769499 0.000368785
        1837   -0.779318   -0.769505 0.000368623
        1838   -0.741503   -0.769489 0.000368737
        1839   -0.754534   -0.769481 0.000368626
        1840   -0.779329   -0.769487 0.000368465
        1841   -0.768365   -0.769486 0.000368265
        1842   -0.763658   -0.769483 0.000368079
        1843   -0.771532   -0.769484 0.000367881
        1844   -0.762633    -0.76948   0.0003677
        1845   -0.776712   -0.769484 0.000367521
        1846   -0.783938   -0.769492 0.000367406
        1847   -0.775899   -0.769496 0.000367223
        1848    -0.73346   -0.769476 0.000367542
        1849   -0.776652    -0.76948 0.000367364
        1850     -0.7867   -0.769489 0.000367283
        1851   -0.773704   -0.769491 0.000367091
        1852   -0.779623   -0.769497 0.000366934
        1853   -0.739785   -0.769481 0.000367086
        1854   -0.765355   -0.769479 0.000366895
        1855   -0.756939   -0.769472 0.000366759
        1856   -0.759119   -0.769466 0.000366604
        1857   -0.771546   -0.769467 0.000366409
        1858   -0.777294   -0.769472 0.000366236
        1859   -0.786184   -0.769481 0.000366149
        1860   -0.771195   -0.769482 0.000365953
        1861   -0.750003   -0.769471 0.000365906
        1862   -0.778039   -0.769476 0.000365739
        1863   -0.768558   -0.769475 0.000365543
        1864   -0.753157   -0.769466 0.000365451
        1865    -0.77309   -0.769468 0.000365261
        1866   -0.808143   -0.769489 0.000365652
        1867   -0.764844   -0.769487 0.000365465
        1868   -0.770266   -0.769487  0.00036527
        1869   -0.772857   -0.769489 0.000365079
        1870    -0.75358    -0.76948 0.000364982
        1871   -0.773095   -0.769482 0.000364792
        1872   -0.760194   -0.769477 0.000364631
        1873   -0.766979   -0.769476 0.000364439
        1874   -0.771303   -0.769477 0.000364246
        1875   -0.794294    -0.76949 0.000364292
        1876   -0.763658   -0.769487 0.000364111
        1877   -0.744368   -0.769474 0.000364163
        1878   -0.775889   -0.769477 0.000363985
        1879   -0.774926    -0.76948 0.000363803
        1880    -0.77114   -0.769481 0.000363611
        1881   -0.775849   -0.769484 0.000363433
        1882   -0.771551   -0.769485 0.000363242
        1883   -0.756051   -0.769478 0.000363119
        1884   -0.770731   -0.769479 0.000362927
        1885   -0.738191   -0.769462 0.000363113
        1886   -0.788227   -0.769472 0.000363057
        1887   -0.756351   -0.769465 0.000362931
        1888   -0.723007   -0.769441 0.000363572
        1889   -0.784446   -0.769449 0.000363467
        1890   -0.792959   -0.769461 0.000363487
        1891   -0.762862   -0.769458 0.000363312
        1892   -0.786501   -0.769467 0.000363231
        1893   -0.798698   -0.769482 0.000363367
        1894   -0.764481   -0.769479 0.000363185
        1895   -0.787381   -0.769489 0.000363116
        1896   -0.742348   -0.769475 0.000363207
        1897   -0.761075    -0.76947 0.000363042
        1898   -0.745298   -0.769457 0.000363075
        1899   -0.779991   -0.769463 0.000362926
        1900    -0.77121   -0.769464 0.000362736
        1901   -0.786533   -0.769473 0.000362656
        1902    -0.78227    -0.76948 0.000362528
        1903   -0.773607   -0.769482 0.000362344
        1904   -0.754396   -0.769474  0.00036224
        1905   -0.772913   -0.769476 0.000362055
        1906   -0.752526   -0.769467 0.000361974
        1907   -0.737874    -0.76945 0.000362163
        1908   -0.769688    -0.76945 0.000361973
        1909   -0.789992   -0.769461 0.000361943
        1910   -0.756927   -0.769455 0.000361813
        1911   -0.767664   -0.769454 0.000361625
        1912    -0.78761   -0.769463 0.000361561
        1913    -0.78434   -0.769471 0.000361455
        1914   -0.767307    -0.76947 0.000361268
        1915   -0.779284   -0.769475 0.000361116
        1916    -0.78645   -0.769484 0.000361036
        1917   -0.755996   -0.769477 0.000360916
        1918   -0.781683   -0.769483 0.000360784
        1919   -0.787497   -0.769492 0.000360718
        1920    -0.76507    -0.76949 0.000360538
        1921   -0.756293   -0.769483 0.000360416
        1922    -0.74341    -0.76947 0.000360483
        1923   -0.759843   -0.769465 0.000360331
        1924   -0.763485   -0.769462 0.000360157
        1925    -0.78281   -0.769468 0.000360036
        1926   -0.764314   -0.769466 0.000359859
        1927   -0.775528   -0.769469 0.000359686
        1928   -0.775735   -0.769472 0.000359515
        1929   -0.751298   -0.769463 0.000359452
        1930   -0.786204   -0.769471  0.00035937
        1931   -0.768672   -0.769471 0.000359184
        1932   -0.787202    -0.76948 0.000359115
        1933   -0.763657   -0.769477 0.000358942
        1934   -0.771193   -0.769478 0.000358758
        1935   -0.785749   -0.769487 0.000358671
        1936   -0.795509     -0.7695 0.000358737
        1937   -0.788893    -0.76951 0.000358692
        1938   -0.732002   -0.769491 0.000359029
        1939   -0.773955   -0.769493 0.000358851
        1940   -0.745309    -0.76948 0.000358882
        1941   -0.754531   -0.769473  0.00035878
        1942   -0.769479   -0.769473 0.000358595
        1943   -0.777027   -0.769477 0.000358432
        1944     -0.7729   -0.769478 0.000358252
        1945   -0.781426   -0.769485  0.00035812
        1946   -0.763037   -0.769481 0.000357952
        1947   -0.774026   -0.769484 0.000357775
        1948   -0.775717   -0.769487 0.000357606
        1949   -0.759678   -0.769482 0.000357458
        1950   -0.785538    -0.76949 0.000357369
        1951    -0.75545   -0.769483 0.000357259
        1952   -0.799013   -0.769498 0.000357396
        1953   -0.781464   -0.769504 0.000357265
        1954   -0.742564    -0.76949 0.000357348
        1955   -0.753892   -0.769482 0.000357255
        1956   -0.773918   -0.769485 0.000357079
        1957   -0.781877   -0.769491 0.000356953
        1958   -0.759657   -0.769486 0.000356806
        1959    -0.79498   -0.769499 0.000356861
        1960   -0.739451   -0.769484 0.000357008
        1961   -0.763617   -0.769481 0.000356839
        1962   -0.785747   -0.769489 0.000356753
        1963   -0.754959   -0.769481 0.000356648
        1964   -0.778895   -0.769486 0.000356499
        1965   -0.781435   -0.769492 0.000356369
        1966    -0.75843   -0.769487 0.000356232
        1967   -0.767479   -0.769486 0.000356053
        1968   -0.772923   -0.769487 0.000355876
        1969   -0.782067   -0.769494 0.000355753
        1970   -0.766794   -0.769492 0.000355575
        1971   -0.750373   -0.769483 0.000355527
        1972   -0.805924   -0.769501 0.000355826
        1973   -0.763904   -0.769498 0.000355657
        1974   -0.763424   -0.769495  0.00035549
        1975    -0.74732   -0.769484 0.000355488
        1976    -0.74918   -0.769474 0.000355456
        1977   -0.752453   -0.769465 0.000355381
        1978   -0.751686   -0.769456 0.000355315
        1979   -0.786794   -0.769465 0.000355243
        1980   -0.742057   -0.769451 0.000355333
        1981    -0.76824    -0.76945 0.000355154
        1982   -0.774214   -0.769453 0.000354983
        1983   -0.750225   -0.769443 0.000354937
        1984   -0.784441   -0.769451 0.000354838
        1985   -0.784413   -0.769458  0.00035474
        1986   -0.773414    -0.76946 0.000354567
        1987   -0.739702   -0.769445 0.000354704
        1988   -0.785935   -0.769454 0.000354623
        1989   -0.763576   -0.769451 0.000354457
        1990   -0.788719    -0.76946 0.000354411
        1991   -0.774904   -0.769463 0.000354243
        1992   -0.750345   -0.769453 0.000354196
        1993   -0.746233   -0.769442 0.000354209
        1994   -0.780792   -0.769447 0.000354078
        1995   -0.762292   -0.769444 0.000353918
        1996   -0.787702   -0.769453 0.000353859
        1997    -0.76584   -0.769451 0.000353687
        1998   -0.804412   -0.769469 0.000353942
        1999   -0.727378   -0.769448 0.000354391
        2000   -0.758925   -0.769442 0.000354253
