#     BLOCK:   ACTUAL_M:     M_AVE:       ERROR:
           1    0.872012    0.872012           0
           2    0.883226    0.877619  0.00396461
           3    0.910449    0.888563  0.00931791
           4     0.91643    0.895529  0.00923261
           5    0.889758    0.894375  0.00745791
           6    0.893524    0.894233  0.00621627
           7    0.901608    0.895287  0.00541679
           8    0.903233     0.89628   0.0048299
           9    0.873032    0.893697  0.00493591
          10    0.885691    0.892896  0.00450677
          11    0.882481    0.891949  0.00419535
          12    0.922397    0.894487  0.00454874
          13    0.894323    0.894474  0.00419885
          14    0.891806    0.894284  0.00390326
          15    0.893617    0.894239  0.00364329
          16      0.8585    0.892005  0.00404273
          17     0.89673    0.892283  0.00381447
          18    0.919606    0.893801  0.00389288
          19      0.9298    0.895696  0.00412336
          20    0.821434    0.891983  0.00533311
           1    0.722423    0.722423           0
           2    0.762307    0.742365   0.0141011
           3    0.765892    0.750207   0.0113744
           4    0.749131    0.749938  0.00853396
           5    0.685183    0.736987   0.0134459
           6    0.744467    0.738234   0.0112626
           7      0.6704    0.728543   0.0131789
           8    0.723092    0.727862   0.0115492
           9    0.748372    0.730141   0.0104883
          10     0.73836    0.730963  0.00947166
          11    0.717853    0.729771  0.00868526
          12    0.786448    0.734494  0.00915609
          13    0.741547    0.735036  0.00846784
          14    0.783108     0.73847  0.00853079
          15    0.748337    0.739128   0.0079874
          16    0.705234     0.73701  0.00776402
          17    0.741971    0.737301   0.0073128
          18    0.747978    0.737894  0.00693054
          19    0.694032    0.735586  0.00693961
          20    0.750085    0.736311  0.00663039
           1    0.518667    0.518667           0
           2     0.56226    0.540464   0.0154127
           3    0.508276    0.529735   0.0135026
           4    0.571713    0.540229   0.0136072
           5    0.557506    0.543684    0.011316
           6    0.565552    0.547329  0.00999972
           7     0.53644    0.545773  0.00869134
           8     0.54779    0.546026  0.00760858
           9    0.532246    0.544494  0.00691552
          10    0.572598    0.547305  0.00677097
          11    0.498574    0.542875  0.00746528
          12    0.538384      0.5425  0.00685255
          13    0.550764    0.543136  0.00635485
          14    0.557535    0.544165  0.00598358
          15    0.584009    0.546821  0.00614606
          16    0.560249     0.54766  0.00581895
          17    0.516279    0.545814  0.00576202
          18     0.56594    0.546932  0.00554933
          19    0.541555    0.546649  0.00526447
          20     0.55913    0.547273   0.0050381
           1    0.416072    0.416072           0
           2    0.391546    0.403809  0.00867097
           3    0.403582    0.403733  0.00578098
           4    0.410234    0.405358  0.00455843
           5    0.415484    0.407384  0.00407185
           6    0.392523    0.404907  0.00407746
           7    0.389817    0.402751  0.00402467
           8       0.421    0.405032  0.00411758
           9    0.430006    0.407807  0.00449896
          10    0.422263    0.409253  0.00427502
          11    0.385601    0.407103  0.00439394
          12    0.390549    0.405723   0.0042388
          13    0.391772     0.40465   0.0040463
          14    0.388051    0.403464  0.00392715
          15    0.404994    0.403566  0.00366666
          16    0.408155    0.403853  0.00344869
          17    0.419308    0.404762  0.00336351
          18    0.370816    0.402876  0.00366744
          19    0.381096     0.40173  0.00364917
          20    0.406424    0.401965  0.00347425
           1    0.291418    0.291418           0
           2    0.288966    0.290192 0.000866771
           3    0.267827    0.282737  0.00611435
           4    0.293654    0.285466  0.00515911
           5    0.278453    0.284064  0.00431374
           6    0.288037    0.284726  0.00364527
           7    0.311108    0.288495  0.00468374
           8    0.284536       0.288  0.00412433
           9     0.29047    0.288274  0.00367518
          10    0.284401    0.287887  0.00332801
          11    0.307966    0.289712  0.00349033
          12    0.281251    0.289007  0.00326991
          13    0.280669    0.288366  0.00308064
          14     0.27251    0.287233   0.0030617
          15     0.28396    0.287015  0.00286535
          16    0.298594    0.287739  0.00277616
          17    0.263008    0.286284  0.00296966
          18    0.286572      0.2863  0.00280472
          19    0.305139    0.287292  0.00282694
          20    0.287792    0.287317  0.00268571
           1    0.212508    0.212508           0
           2    0.223345    0.217927  0.00383125
           3    0.208554    0.214802   0.0036099
           4     0.19893    0.210834  0.00437485
           5    0.221521    0.212972  0.00398794
           6    0.234248    0.216518   0.0046393
           7    0.212398    0.215929  0.00401371
           8    0.214783    0.215786  0.00351455
           9    0.229654    0.217327  0.00344534
          10    0.227004    0.218294  0.00323385
          11    0.220806    0.218523  0.00294791
          12    0.215822    0.218298  0.00271083
          13    0.227778    0.219027  0.00259854
          14    0.214258    0.218686  0.00243515
          15    0.211577    0.218212  0.00231847
          16     0.21485    0.218002  0.00218307
          17    0.230286    0.218725  0.00217095
          18    0.209236    0.218198  0.00211338
          19    0.214204    0.217987  0.00201257
          20     0.21903     0.21804  0.00191262
           1    0.182194    0.182194           0
           2    0.167206      0.1747   0.0052992
           3    0.183757    0.177719  0.00430777
           4    0.166721    0.174969  0.00401349
           5    0.161738    0.172323   0.0039889
           6    0.175856    0.172912  0.00336725
           7     0.16244    0.171416  0.00320135
           8    0.166862    0.170847  0.00285134
           9    0.168953    0.170636  0.00254227
          10     0.16589    0.170162  0.00233192
          11    0.168264    0.169989   0.0021263
          12    0.174048    0.170327  0.00197583
          13      0.1591    0.169464  0.00200372
          14    0.173612     0.16976  0.00188238
          15    0.159666    0.169087   0.0018733
          16    0.184427    0.170046  0.00198646
          17    0.164151    0.169699  0.00189964
          18    0.175783    0.170037  0.00182393
          19    0.172715    0.170178  0.00173337
          20    0.173756    0.170357   0.0016559
           1    0.138853    0.138853           0
           2    0.132461    0.135657  0.00225977
           3    0.140873    0.137396  0.00207004
           4     0.12643    0.134654  0.00283671
           5    0.130916    0.133907  0.00236587
           6    0.127383    0.132819  0.00220731
           7    0.144633    0.134507  0.00245378
           8    0.134357    0.134488  0.00214713
           9      0.1396    0.135056  0.00198224
          10    0.126329    0.134183  0.00196678
          11    0.138436     0.13457  0.00182559
          12    0.144066    0.135361  0.00183699
          13    0.142451    0.135907  0.00177479
          14    0.124353    0.135082  0.00182986
          15    0.133492    0.134976  0.00171093
          16    0.145291     0.13562  0.00172119
          17    0.132848    0.135457  0.00162765
          18    0.134674    0.135414  0.00153781
          19    0.142519    0.135788  0.00150165
          20    0.135913    0.135794  0.00142658
           1    0.112255    0.112255           0
           2     0.10302    0.107638  0.00326499
           3    0.110608    0.108628  0.00232189
           4    0.119952    0.111459  0.00300728
           5    0.106804    0.110528  0.00254587
           6    0.113348    0.110998   0.0021645
           7    0.111307    0.111042  0.00185574
           8    0.118664    0.111995  0.00185225
           9    0.115051    0.112334  0.00167729
          10    0.115771    0.112678  0.00154437
          11    0.112663    0.112677  0.00140397
          12    0.121575    0.113418  0.00146981
          13     0.11565     0.11359  0.00136673
          14    0.115643    0.113736  0.00127696
          15    0.116589    0.113927  0.00120591
          16    0.121666     0.11441  0.00122371
          17    0.115458    0.114472  0.00115328
          18    0.111992    0.114334  0.00109741
          19    0.116973    0.114473   0.0010484
          20    0.115337    0.114516 0.000996873
           1   0.0952172   0.0952172           0
           2   0.0860908    0.090654  0.00322667
           3    0.090622   0.0906433  0.00215113
           4    0.092708   0.0911595  0.00167413
           5   0.0860544   0.0901385  0.00162102
           6    0.098458   0.0915251  0.00185121
           7   0.0995404   0.0926701   0.0019083
           8   0.0834332   0.0915155  0.00198862
           9   0.0876724   0.0910885  0.00181293
          10   0.0858264   0.0905623  0.00170629
          11   0.0916744   0.0906634  0.00155417
          12   0.0882356   0.0904611  0.00143776
          13    0.092176    0.090593   0.0013332
          14    0.089322   0.0905022  0.00124106
          15    0.093554   0.0907057  0.00117488
          16    0.080614   0.0900749  0.00125943
          17     0.08981   0.0900593  0.00118544
          18   0.0866592   0.0898704  0.00113453
          19   0.0965004   0.0902194   0.0011272
          20   0.0899208   0.0902045  0.00107094
           1    0.077636    0.077636           0
           2   0.0877564   0.0826962   0.0035781
           3   0.0826388   0.0826771  0.00238545
           4   0.0786044   0.0816589  0.00199458
           5   0.0765732   0.0806418  0.00183679
           6   0.0800992   0.0805513  0.00153288
           7   0.0784968   0.0802578   0.0013417
           8   0.0771604   0.0798706  0.00122859
           9   0.0759924   0.0794397   0.0011652
          10   0.0782508   0.0793208  0.00105473
          11   0.0770344    0.079113  0.00097911
          12   0.0784628   0.0790588 0.000899016
          13   0.0752268    0.078764 0.000876854
          14    0.076908   0.0786315 0.000824183
          15   0.0810356   0.0787917 0.000784667
          16   0.0826812   0.0790348 0.000772363
          17   0.0790104   0.0790334 0.000726931
          18    0.080052     0.07909 0.000688745
          19    0.081806   0.0792329 0.000667165
          20   0.0822108   0.0793818 0.000650209
           1   0.0678092   0.0678092           0
           2   0.0720904   0.0699498  0.00151363
           3   0.0646912   0.0681969  0.00175118
           4   0.0676588   0.0680624  0.00131854
           5    0.064788   0.0674075  0.00120655
           6   0.0659448   0.0671637  0.00102979
           7   0.0700264   0.0675727 0.000960455
           8   0.0721708   0.0681474 0.000997662
           9   0.0721124    0.068588 0.000979261
          10   0.0681568   0.0685449 0.000882284
          11   0.0644292   0.0681707 0.000877833
          12   0.0671568   0.0680862 0.000808736
          13    0.064752   0.0678298 0.000786144
          14   0.0668548   0.0677601 0.000733069
          15     0.06889   0.0678354 0.000688057
          16   0.0675588   0.0678181  0.00064527
          17   0.0685188   0.0678594 0.000608628
          18   0.0658152   0.0677458 0.000585315
          19    0.064732   0.0675872 0.000575601
          20   0.0709696   0.0677563 0.000571126
           1   0.0562228   0.0562228           0
           2   0.0588328   0.0575278 0.000922774
           3    0.059556   0.0582039 0.000826535
           4   0.0579088   0.0581301 0.000623185
           5    0.053762   0.0572565 0.000926887
           6    0.058968   0.0575417 0.000815119
           7   0.0580816   0.0576189 0.000702312
           8   0.0580008   0.0576666 0.000616144
           9    0.061054    0.058043 0.000652593
          10   0.0594012   0.0581788 0.000601302
          11   0.0606332   0.0584019 0.000586577
          12   0.0597884   0.0585175 0.000548957
          13   0.0615232   0.0587487 0.000553282
          14   0.0529384   0.0583337 0.000651068
          15   0.0604812   0.0584768 0.000623206
          16   0.0591624   0.0585197 0.000585727
          17   0.0591124   0.0585545 0.000552309
          18   0.0591728   0.0585889 0.000522692
          19   0.0572204   0.0585169  0.00050012
          20   0.0619044   0.0586862 0.000502978
           1   0.0567144   0.0567144           0
           2   0.0490792   0.0528968  0.00269945
           3   0.0548956   0.0535631  0.00188006
           4   0.0543856   0.0537687  0.00142125
           5   0.0515972   0.0533344  0.00120152
           6   0.0567604   0.0539054  0.00112882
           7   0.0504608   0.0534133  0.00106945
           8   0.0516468   0.0531925 0.000958297
           9   0.0554328   0.0534414 0.000883558
          10   0.0512132   0.0532186 0.000822819
          11   0.0508648   0.0530046 0.000775342
          12   0.0529292   0.0529983 0.000710756
          13    0.049386   0.0527205  0.00070832
          14   0.0511832   0.0526107 0.000666182
          15   0.0570436   0.0529062 0.000684188
          16   0.0537496   0.0529589 0.000643454
          17   0.0509088   0.0528383 0.000616801
          18   0.0495584   0.0526561 0.000608855
          19   0.0516024   0.0526006  0.00057933
          20   0.0492016   0.0524307 0.000574752
           1    0.047724    0.047724           0
           2   0.0475916   0.0476578 4.68105e-05
           3   0.0469304   0.0474153 0.000200418
           4   0.0426224   0.0462171  0.00104853
           5   0.0428672   0.0455471  0.00103089
           6   0.0451484   0.0454807 0.000861211
           7   0.0472776   0.0457374 0.000775496
           8   0.0479432   0.0460131 0.000725924
           9   0.0492264   0.0463701 0.000727789
          10   0.0465228   0.0463854  0.00065517
          11   0.0486908    0.046595 0.000628237
          12      0.0446   0.0464287 0.000597476
          13   0.0427004   0.0461419 0.000616518
          14   0.0430156   0.0459186 0.000611588
          15   0.0458008   0.0459108 0.000570866
          16   0.0477528   0.0460259 0.000546672
          17   0.0455312   0.0459968 0.000515289
          18   0.0452596   0.0459558 0.000488287
          19   0.0482572    0.046077 0.000477374
          20   0.0498196   0.0462641 0.000488809
           1   0.0448876   0.0448876           0
           2   0.0418084    0.043348  0.00108866
           3   0.0426648   0.0431203 0.000749215
           4    0.039252   0.0421532  0.00100854
           5   0.0463532   0.0429932  0.00110248
           6   0.0449388   0.0433175 0.000965243
           7    0.042608   0.0432161 0.000832655
           8   0.0415884   0.0430126 0.000753022
           9   0.0424172   0.0429465 0.000672253
          10   0.0450756   0.0431594 0.000637853
          11   0.0409704   0.0429604  0.00061012
          12   0.0442468   0.0430676 0.000568616
          13   0.0420976    0.042993 0.000529749
          14   0.0429852   0.0429924  0.00049191
          15   0.0424504   0.0429563 0.000460442
          16   0.0471856   0.0432206 0.000501835
          17   0.0412388    0.043104 0.000485667
          18   0.0442036   0.0431651 0.000462511
          19   0.0392444   0.0429588 0.000482009
          20     0.04161   0.0428913 0.000462602
           1   0.0334256   0.0334256           0
           2     0.03732   0.0353728  0.00137688
           3   0.0377372   0.0361609  0.00112102
           4   0.0403752   0.0372145  0.00124072
           5   0.0376476   0.0373011 0.000995594
           6   0.0342928   0.0367997 0.000947538
           7   0.0357412   0.0366485 0.000824154
           8   0.0355492   0.0365111 0.000732501
           9    0.034372   0.0362734 0.000688593
          10   0.0401928   0.0366654  0.00072272
          11   0.0387164   0.0368518 0.000680646
          12   0.0387624    0.037011 0.000642277
          13   0.0373888   0.0370401 0.000593528
          14   0.0375088   0.0370736 0.000552077
          15   0.0360388   0.0370046 0.000519564
          16   0.0393904   0.0371537 0.000508038
          17   0.0387704   0.0372488 0.000486973
          18   0.0365096   0.0372077 0.000461647
          19   0.0400688   0.0373583 0.000461256
          20   0.0399844   0.0374896   0.0004565
           1   0.0295764   0.0295764           0
           2   0.0323028   0.0309396 0.000963928
           3    0.032928   0.0316024 0.000840136
           4    0.036446   0.0328133  0.00122341
           5    0.034338   0.0331182  0.00101602
           6     0.03408   0.0332785 0.000859237
           7    0.032562   0.0331762 0.000742561
           8   0.0354104   0.0334554 0.000700293
           9   0.0338356   0.0334977 0.000623755
          10   0.0363932   0.0337872 0.000624982
          11   0.0319944   0.0336243 0.000589035
          12   0.0341596   0.0336689 0.000541635
          13   0.0363096    0.033872 0.000536712
          14   0.0377948   0.0341522 0.000566818
          15   0.0346424   0.0341849 0.000529971
          16   0.0317344   0.0340317 0.000518506
          17   0.0330964   0.0339767 0.000490916
          18   0.0354212    0.034057 0.000470156
          19   0.0317544   0.0339358 0.000460765
          20    0.035414   0.0340097 0.000443615
           1   0.0309984   0.0309984           0
           2   0.0314996    0.031249 0.000177201
           3   0.0341864   0.0322281  0.00080814
           4   0.0321216   0.0322015 0.000606544
           5   0.0340092    0.032563 0.000583114
           6   0.0300676   0.0321471 0.000616664
           7   0.0341828   0.0324379  0.00059319
           8   0.0301192   0.0321481 0.000585587
           9   0.0333184   0.0322781 0.000534764
          10   0.0282576   0.0318761 0.000614101
          11    0.030228   0.0317263 0.000576261
          12   0.0317128   0.0317251  0.00052824
          13   0.0318244   0.0317328 0.000487661
          14   0.0356796   0.0320147 0.000528066
          15   0.0290256   0.0318154 0.000529126
          16   0.0321392   0.0318356 0.000496443
          17   0.0304384   0.0317535 0.000473995
          18   0.0316996   0.0317505 0.000447672
          19   0.0301804   0.0316678 0.000431669
          20   0.0329604   0.0317325 0.000414896
           1   0.0288404   0.0288404           0
           2   0.0296148   0.0292276 0.000273792
           3   0.0335348   0.0306633   0.0011864
           4   0.0290668   0.0302642 0.000954578
           5   0.0282192   0.0298552 0.000846762
           6   0.0313232   0.0300999 0.000740139
           7    0.029166   0.0299665 0.000646316
           8   0.0327092   0.0303093  0.00065013
           9   0.0292708   0.0301939 0.000588044
          10   0.0283436   0.0300089 0.000557591
          11   0.0292764   0.0299423 0.000510861
          12   0.0322056   0.0301309 0.000501901
          13   0.0266852   0.0298658 0.000528668
          14   0.0282712   0.0297519 0.000503027
          15   0.0291732   0.0297134 0.000470969
          16   0.0326772   0.0298986 0.000476572
          17   0.0293052   0.0298637 0.000449815
          18   0.0232756   0.0294977  0.00055407
          19   0.0293756   0.0294913 0.000524946
          20   0.0302036   0.0295269 0.000499906
           1   0.0268684   0.0268684           0
           2   0.0269292   0.0268988  2.1496e-05
           3    0.025706   0.0265012 0.000324955
           4   0.0273364     0.02671 0.000303473
           5    0.026526   0.0266732 0.000244999
           6   0.0292372   0.0271005 0.000440298
           7    0.026774   0.0270539 0.000379861
           8   0.0286848   0.0272577 0.000383198
           9   0.0249812   0.0270048 0.000415809
          10   0.0277352   0.0270778 0.000380589
          11   0.0264156   0.0270176 0.000350719
          12   0.0284824   0.0271397 0.000342075
          13   0.0264168   0.0270841  0.00032025
          14   0.0236624   0.0268397 0.000379341
          15   0.0265776   0.0268222 0.000354454
          16   0.0263848   0.0267949 0.000333353
          17   0.0276836   0.0268472 0.000317817
          18   0.0286304   0.0269462 0.000315223
          19   0.0269428    0.026946 0.000298632
          20   0.0246076   0.0268291 0.000305734
