Cv    Cv error           U     U error         chi   chi error           M     M error
0.325884  0.00236515   -0.974596 0.000261035     79.5075    0.241664    0.891983  0.00533311
0.414069  0.00174754   -0.945496 0.000330885     51.3778    0.272359    0.736311  0.00663039
0.4309  0.00173992   -0.913858 0.000282711     32.9993    0.170062    0.547273   0.0050381
0.434632  0.00161238   -0.881076 0.000201205     21.6493    0.117098    0.401965  0.00347425
0.439731  0.00113459   -0.848434 0.000174355     15.2576   0.0691457    0.287317  0.00268571
0.436097 0.000768279   -0.815756 0.000158973     11.2847   0.0455155     0.21804  0.00191262
0.42822 0.000925458    -0.78297  0.00013871     8.64003   0.0283778    0.170357   0.0016559
0.415828 0.000836741   -0.751275 0.000169844     6.87531   0.0231862    0.135794  0.00142658
0.397514 0.000627304   -0.720644  0.00012426     5.59092   0.0135979    0.114516 0.000996873
0.377259 0.000545211   -0.691693 0.000184309     4.67523    0.013152   0.0902045  0.00107094
0.357703 0.000543325   -0.663944 0.000138435     3.96891   0.0093766   0.0793818 0.000650209
0.338613 0.000381912   -0.637932 0.000151212     3.42084  0.00721387   0.0677563 0.000571126
0.317878 0.000331073   -0.613397 0.000119824     2.97497  0.00736844   0.0586862 0.000502978
0.299742 0.000362659   -0.590157  0.00012386     2.62692  0.00449231   0.0524307 0.000574752
0.281764 0.000216919   -0.568342  0.00014206     2.34434  0.00464341   0.0462641 0.000488809
0.264961  0.00026769   -0.548087 0.000127076     2.10601  0.00337435   0.0428913 0.000462602
0.24979 0.000286326   -0.528711 0.000130669     1.90457  0.00403226   0.0374896   0.0004565
0.234308 0.000242008   -0.510563 0.000153199      1.7436  0.00381131   0.0340097 0.000443615
0.221146 0.000232712   -0.493177   0.0001409     1.59084  0.00235197   0.0317325 0.000414896
0.208597 0.000221572   -0.477255 0.000120824      1.4696  0.00224432   0.0295269 0.000499906
0.196242 0.000237603    -0.46188 0.000116669     1.35602  0.00264303   0.0268291 0.000305734
