#     BLOCK:   ACTUAL_TE:    TE_AVE:      ERROR:
           1    -1.00197    -1.00197           0
           2    -1.00177    -1.00187  6.9766e-05
           3    -1.00425    -1.00266 0.000650127
           4    -1.00552    -1.00338 0.000788145
           5    -1.00351    -1.00341 0.000630955
           6    -1.00291    -1.00332 0.000531102
           7     -1.0049    -1.00355 0.000500567
           8    -1.00375    -1.00357  0.00043865
           9    -1.00353    -1.00357 0.000389938
          10    -1.00317    -1.00353 0.000352962
          11    -1.00316     -1.0035 0.000322471
          12      -1.005    -1.00362  0.00031902
          13    -1.00366    -1.00362 0.000294492
          14    -1.00506    -1.00373 0.000290769
          15    -1.00331     -1.0037 0.000272739
          16    -1.00353    -1.00369 0.000255893
          17    -1.00325    -1.00366 0.000242123
          18    -1.00559    -1.00377 0.000251337
          19    -1.00603    -1.00389 0.000264791
          20    -1.00235    -1.00381 0.000262479
           1    -0.97542    -0.97542           0
           2   -0.976697   -0.976058 0.000451445
           3   -0.978437   -0.976851 0.000713997
           4   -0.976487    -0.97676  0.00054128
           5   -0.972693   -0.975947 0.000846597
           6   -0.978641   -0.976396 0.000815976
           7     -0.9705   -0.975553  0.00104748
           8   -0.975451   -0.975541 0.000916624
           9   -0.976633   -0.975662 0.000822774
          10   -0.978059   -0.975902 0.000774631
          11   -0.974787     -0.9758 0.000710812
          12   -0.978799    -0.97605 0.000694123
          13   -0.976073   -0.976052 0.000640731
          14   -0.979141   -0.976273 0.000631803
          15   -0.977962   -0.976385 0.000599636
          16   -0.974061    -0.97624 0.000579481
          17   -0.978694   -0.976384 0.000563083
          18   -0.976785   -0.976407 0.000532241
          19   -0.973463   -0.976252 0.000526293
          20   -0.976243   -0.976251 0.000499979
           1   -0.938489   -0.938489           0
           2   -0.940365   -0.939427 0.000663504
           3   -0.935478    -0.93811  0.00116233
           4   -0.937991   -0.938081 0.000872133
           5   -0.938675   -0.938199  0.00070576
           6   -0.940865   -0.938644 0.000714442
           7   -0.938613   -0.938639 0.000612393
           8   -0.937474   -0.938494 0.000552892
           9   -0.937588   -0.938393 0.000500532
          10   -0.940079   -0.938562 0.000478034
          11   -0.935691   -0.938301  0.00050075
          12   -0.936704   -0.938168 0.000476379
          13   -0.939099   -0.938239 0.000445092
          14   -0.939687   -0.938343 0.000425137
          15   -0.939071   -0.938391  0.00039956
          16   -0.940657   -0.938533 0.000398892
          17   -0.936585   -0.938418 0.000391542
          18   -0.940533   -0.938536 0.000387018
          19   -0.936806   -0.938445 0.000377211
          20   -0.940189   -0.938532 0.000368294
           1   -0.901806   -0.901806           0
           2   -0.899605   -0.900706 0.000778137
           3   -0.898705   -0.900039 0.000752043
           4   -0.900256   -0.900093 0.000565984
           5   -0.900222   -0.900119 0.000453371
           6   -0.896977   -0.899595 0.000609314
           7   -0.898733   -0.899472 0.000534569
           8   -0.901508   -0.899727 0.000524842
           9    -0.90219        -0.9 0.000533131
          10   -0.901047   -0.900105 0.000489984
          11   -0.897292   -0.899849 0.000507802
          12   -0.898475   -0.899735 0.000478223
          13   -0.900387   -0.899785 0.000444059
          14   -0.898758   -0.899711 0.000418356
          15   -0.900362   -0.899755 0.000392709
          16   -0.900729   -0.899816 0.000372859
          17   -0.900947   -0.899882 0.000356814
          18   -0.897697   -0.899761 0.000357046
          19    -0.89914   -0.899728 0.000339749
          20   -0.900029   -0.899743 0.000323095
           1   -0.862153   -0.862153           0
           2   -0.862002   -0.862077 5.35393e-05
           3   -0.860404    -0.86152  0.00045692
           4   -0.861887   -0.861612 0.000351828
           5   -0.860547   -0.861399 0.000339782
           6   -0.860818   -0.861302 0.000296637
           7   -0.860518    -0.86119 0.000274576
           8   -0.862508   -0.861355 0.000285409
           9   -0.861765     -0.8614 0.000257321
          10   -0.859896    -0.86125 0.000272025
          11   -0.861916    -0.86131  0.00025395
          12   -0.860851   -0.861272  0.00023565
          13   -0.860456   -0.861209 0.000225735
          14   -0.860981   -0.861193 0.000210197
          15   -0.860288   -0.861133 0.000204661
          16   -0.862577   -0.861223 0.000210851
          17   -0.860366   -0.861173 0.000204389
          18   -0.862103   -0.861224 0.000199469
          19   -0.862251   -0.861278  0.00019615
          20   -0.860304    -0.86123 0.000192299
           1   -0.823697   -0.823697           0
           2   -0.824617   -0.824157 0.000325244
           3   -0.823473   -0.823929 0.000285756
           4   -0.825203   -0.824248 0.000349171
           5   -0.824039   -0.824206 0.000281815
           6   -0.826608   -0.824606 0.000434427
           7   -0.824796   -0.824633  0.00037321
           8   -0.825868   -0.824788 0.000357063
           9   -0.827374   -0.825075 0.000417285
          10   -0.826461   -0.825214   0.0003979
          11   -0.825835    -0.82527 0.000365718
          12   -0.825395   -0.825281 0.000335389
          13   -0.827256   -0.825433 0.000342297
          14   -0.824488   -0.825365 0.000324424
          15   -0.825076   -0.825346 0.000303366
          16   -0.824518   -0.825294 0.000288787
          17   -0.823843   -0.825209 0.000284143
          18   -0.824655   -0.825178 0.000270017
          19   -0.825894   -0.825216  0.00025842
          20   -0.826841   -0.825297 0.000257966
           1   -0.789809   -0.789809           0
           2   -0.790618   -0.790214 0.000285753
           3   -0.790903   -0.790443 0.000267415
           4   -0.791078   -0.790602 0.000243057
           5   -0.789803   -0.790442 0.000241349
           6   -0.789912   -0.790354 0.000216678
           7   -0.789508   -0.790233 0.000216814
           8   -0.789464   -0.790137 0.000209921
           9   -0.790521    -0.79018 0.000190877
          10   -0.788924   -0.790054 0.000209033
          11   -0.789648   -0.790017 0.000193267
          12   -0.788972    -0.78993 0.000195798
          13   -0.788696   -0.789835 0.000202456
          14   -0.789169   -0.789787 0.000193503
          15   -0.790489   -0.789834 0.000186174
          16   -0.789353   -0.789804 0.000176948
          17   -0.790142   -0.789824 0.000167653
          18   -0.790596   -0.789867 0.000163738
          19   -0.789869   -0.789867  0.00015512
          20   -0.790953   -0.789921 0.000156573
           1   -0.756451   -0.756451           0
           2   -0.757127   -0.756789 0.000239061
           3   -0.756805   -0.756794 0.000159439
           4   -0.754542   -0.756231 0.000502046
           5   -0.756788   -0.756343 0.000413796
           6   -0.755687   -0.756233 0.000358973
           7   -0.756746   -0.756307 0.000315081
           8   -0.755211    -0.75617 0.000303998
           9   -0.756795   -0.756239 0.000278052
          10   -0.756054   -0.756221 0.000250864
          11   -0.756715   -0.756266 0.000232051
          12   -0.756993   -0.756326 0.000220479
          13   -0.757659   -0.756429 0.000226092
          14   -0.756373   -0.756425 0.000209977
          15    -0.75644   -0.756426 0.000195981
          16   -0.758298   -0.756543 0.000215852
          17   -0.756279   -0.756527  0.00020371
          18   -0.756145   -0.756506 0.000193498
          19   -0.757174   -0.756541 0.000186477
          20   -0.756097   -0.756519 0.000178468
           1   -0.725296   -0.725296           0
           2   -0.724635   -0.724966 0.000233874
           3   -0.725807   -0.725246 0.000276949
           4   -0.724821    -0.72514 0.000227202
           5   -0.725044    -0.72512 0.000182563
           6   -0.724794   -0.725066 0.000160032
           7    -0.72474   -0.725019 0.000143801
           8   -0.725552   -0.725086 0.000140415
           9    -0.72532   -0.725112   0.0001272
          10   -0.724395    -0.72504 0.000133187
          11    -0.72425   -0.724969 0.000139114
          12   -0.725221    -0.72499 0.000129104
          13    -0.72487    -0.72498 0.000119501
          14   -0.724351   -0.724935 0.000119114
          15   -0.724426   -0.724901  0.00011591
          16   -0.726711   -0.725015 0.000154267
          17   -0.724642   -0.724993 0.000146742
          18   -0.725247   -0.725007 0.000139268
          19   -0.726029   -0.725061 0.000141952
          20   -0.726084   -0.725112 0.000143774
           1   -0.694636   -0.694636           0
           2   -0.694034   -0.694335 0.000213026
           3   -0.694227   -0.694299  0.00014504
           4   -0.696323   -0.694805   0.0004515
           5   -0.693936   -0.694631  0.00039321
           6    -0.69602   -0.694863 0.000389855
           7   -0.694956   -0.694876 0.000334391
           8   -0.695622   -0.694969 0.000305326
           9   -0.695069    -0.69498 0.000271603
          10   -0.695685   -0.695051 0.000253425
          11   -0.693957   -0.694951 0.000249146
          12   -0.695341   -0.694984 0.000230486
          13   -0.695064    -0.69499 0.000212838
          14   -0.694682   -0.694968 0.000198766
          15   -0.694545    -0.69494   0.0001875
          16   -0.693984    -0.69488 0.000185049
          17   -0.695426   -0.694912 0.000176926
          18   -0.693836   -0.694852 0.000176905
          19   -0.696365   -0.694932 0.000184643
          20   -0.696392   -0.695005 0.000189291
           1   -0.666716   -0.666716           0
           2   -0.667583    -0.66715 0.000306604
           3   -0.667744   -0.667348 0.000260684
           4   -0.667338   -0.667345 0.000195523
           5   -0.666301   -0.667137 0.000243651
           6   -0.665971   -0.666942 0.000269598
           7   -0.666334   -0.666855 0.000244688
           8   -0.667069   -0.666882 0.000215552
           9    -0.66744   -0.666944 0.000200315
          10   -0.666036   -0.666853 0.000199797
          11   -0.666251   -0.666798 0.000188983
          12   -0.665616     -0.6667 0.000197272
          13   -0.666764   -0.666705 0.000182159
          14   -0.667012   -0.666727 0.000170462
          15   -0.668366   -0.666836 0.000190953
          16   -0.667415   -0.666872 0.000182417
          17   -0.665832   -0.666811 0.000181656
          18   -0.665723   -0.666751 0.000181335
          19   -0.667256   -0.666777 0.000173732
          20   -0.667251   -0.666801 0.000166655
           1   -0.639438   -0.639438           0
           2   -0.640333   -0.639885 0.000316509
           3   -0.639881   -0.639884  0.00021101
           4   -0.640689   -0.640085 0.000235456
           5   -0.640235   -0.640115 0.000190259
           6   -0.640536   -0.640185 0.000171016
           7   -0.639591     -0.6401 0.000166341
           8   -0.640114   -0.640102 0.000145557
           9   -0.639441   -0.640029 0.000146733
          10   -0.639888   -0.640015 0.000132734
          11   -0.640808   -0.640087 0.000138876
          12   -0.639254   -0.640017 0.000143616
          13   -0.640864   -0.640082  0.00014659
          14   -0.640319   -0.640099 0.000137087
          15   -0.639938   -0.640089  0.00012837
          16   -0.640445   -0.640111 0.000122262
          17   -0.640383   -0.640127 0.000116115
          18   -0.640176    -0.64013 0.000109697
          19   -0.639201   -0.640081 0.000114292
          20   -0.640776   -0.640115 0.000113745
           1   -0.614326   -0.614326           0
           2   -0.614629   -0.614478 0.000107268
           3   -0.615484   -0.614813 0.000283027
           4   -0.615417   -0.614964 0.000249253
           5   -0.614832   -0.614938 0.000200795
           6   -0.614997   -0.614948 0.000167573
           7     -0.6148   -0.614926 0.000144952
           8    -0.61588   -0.615046 0.000168875
           9   -0.615106   -0.615052 0.000150243
          10   -0.616394   -0.615187 0.000185729
          11   -0.615685   -0.615232 0.000174295
          12   -0.615631   -0.615265 0.000162912
          13   -0.615446   -0.615279 0.000150976
          14    -0.61378   -0.615172 0.000174088
          15   -0.615022   -0.615162 0.000162771
          16   -0.615626   -0.615191 0.000155165
          17   -0.616049   -0.615241 0.000154036
          18   -0.614603   -0.615206 0.000149511
          19   -0.616317   -0.615264 0.000152653
          20   -0.615512   -0.615277 0.000145523
           1   -0.592217   -0.592217           0
           2    -0.59204   -0.592129 6.27571e-05
           3   -0.592783   -0.592347 0.000182841
           4    -0.59242   -0.592365 0.000138038
           5     -0.5925   -0.592392 0.000113039
           6   -0.591902    -0.59231 0.000120089
           7   -0.591495   -0.592194 0.000149098
           8   -0.591885   -0.592155  0.00013537
           9   -0.591823   -0.592118  0.00012526
          10   -0.591139    -0.59202 0.000146105
          11   -0.591757   -0.591996 0.000134766
          12   -0.590987   -0.591912 0.000147454
          13    -0.59233   -0.591945 0.000139569
          14   -0.592104   -0.591956 0.000130062
          15   -0.591154   -0.591902 0.000131929
          16    -0.59259   -0.591945 0.000130499
          17   -0.591955   -0.591946 0.000122824
          18    -0.59166    -0.59193 0.000117024
          19   -0.591356     -0.5919 0.000114698
          20    -0.59131    -0.59187 0.000112686
           1   -0.569428   -0.569428           0
           2   -0.570341   -0.569884 0.000322636
           3   -0.569575   -0.569781 0.000230942
           4   -0.570616    -0.56999 0.000250377
           5   -0.569769   -0.569946 0.000204187
           6   -0.569625   -0.569892 0.000177003
           7   -0.569142   -0.569785 0.000181271
           8   -0.569516   -0.569752 0.000161696
           9   -0.570681   -0.569855  0.00017357
          10   -0.569167   -0.569786 0.000169286
          11   -0.570435   -0.569845 0.000163865
          12   -0.570466   -0.569897 0.000158157
          13   -0.569431   -0.569861 0.000149999
          14   -0.570406     -0.5699 0.000144246
          15    -0.56958   -0.569879 0.000136197
          16   -0.569753   -0.569871 0.000127912
          17   -0.570989   -0.569937 0.000136257
          18   -0.569288     -0.5699  0.00013336
          19   -0.569588   -0.569884 0.000127349
          20   -0.570465   -0.569913 0.000124252
           1   -0.549179   -0.549179           0
           2    -0.55004   -0.549609 0.000304627
           3   -0.549051   -0.549423 0.000253665
           4   -0.548269   -0.549135 0.000314065
           5   -0.549949   -0.549298 0.000290469
           6    -0.54986   -0.549391 0.000256713
           7   -0.550065   -0.549488 0.000237395
           8   -0.549748    -0.54952 0.000209938
           9    -0.54875   -0.549434 0.000203303
          10   -0.549102   -0.549401 0.000185667
          11   -0.549113   -0.549375 0.000170627
          12   -0.550238   -0.549447 0.000170883
          13   -0.549619    -0.54946 0.000158248
          14   -0.549966   -0.549496 0.000151015
          15   -0.549267   -0.549481 0.000141721
          16   -0.550837   -0.549566 0.000156172
          17   -0.548987   -0.549532 0.000150648
          18   -0.549799   -0.549547  0.00014301
          19   -0.548905   -0.549513 0.000139414
          20   -0.549264     -0.5495 0.000132997
           1   -0.529685   -0.529685           0
           2   -0.528842   -0.529263 0.000297732
           3   -0.529856   -0.529461 0.000255804
           4    -0.52976   -0.529536  0.00020244
           5   -0.529754   -0.529579 0.000166583
           6   -0.529584    -0.52958 0.000138822
           7   -0.529476   -0.529565 0.000119778
           8   -0.529813   -0.529596 0.000108745
           9   -0.529612   -0.529598  9.6677e-05
          10   -0.530074   -0.529646 9.80368e-05
          11   -0.530521   -0.529725 0.000117029
          12   -0.530854   -0.529819 0.000140048
          13   -0.528617   -0.529727 0.000156885
          14   -0.530377   -0.529773 0.000152407
          15   -0.529658   -0.529766 0.000142441
          16   -0.530461   -0.529809 0.000140006
          17   -0.529454   -0.529788  0.00013332
          18   -0.530323   -0.529818 0.000129183
          19   -0.529849   -0.529819 0.000122394
          20   -0.529975   -0.529827 0.000116521
           1   -0.511272   -0.511272           0
           2   -0.511575   -0.511424  0.00010696
           3   -0.511579   -0.511475 8.28463e-05
           4   -0.511903   -0.511582 0.000111581
           5   -0.511746   -0.511615 9.39452e-05
           6   -0.511379   -0.511576 8.61167e-05
           7   -0.511697   -0.511593  7.5533e-05
           8   -0.511853   -0.511626 7.27481e-05
           9   -0.510875   -0.511542 0.000101789
          10   -0.511592   -0.511547 9.17312e-05
          11   -0.511431   -0.511537 8.39962e-05
          12   -0.512842   -0.511645 0.000129551
          13     -0.5117    -0.51165 0.000119653
          14   -0.511671   -0.511651 0.000111116
          15   -0.512478   -0.511706 0.000116573
          16   -0.510994   -0.511662 0.000117481
          17   -0.511126    -0.51163  0.00011472
          18   -0.511248   -0.511609 0.000110298
          19   -0.511314   -0.511593 0.000105577
          20   -0.511405   -0.511584 0.000100717
           1   -0.494484   -0.494484           0
           2   -0.495182   -0.494833 0.000246789
           3   -0.495214    -0.49496 0.000194499
           4   -0.494256   -0.494784 0.000210976
           5   -0.494098   -0.494647 0.000208703
           6   -0.494061   -0.494549 0.000195401
           7   -0.494454   -0.494536 0.000167958
           8   -0.493471   -0.494403 0.000192584
           9   -0.494434   -0.494406 0.000171219
          10   -0.494041    -0.49437 0.000157938
          11    -0.49402   -0.494338 0.000146747
          12   -0.493812   -0.494294 0.000140911
          13   -0.494814   -0.494334 0.000135633
          14   -0.495183   -0.494395 0.000138848
          15   -0.494861   -0.494426  0.00013302
          16   -0.493392   -0.494361 0.000139527
          17   -0.493899   -0.494334 0.000133939
          18   -0.493878   -0.494309  0.00012887
          19   -0.494685   -0.494328 0.000123603
          20   -0.494169    -0.49432  0.00011768
           1   -0.477745   -0.477745           0
           2   -0.479447   -0.478596 0.000601708
           3   -0.478799   -0.478664 0.000404953
           4   -0.479841   -0.478958 0.000396441
           5   -0.477457   -0.478658 0.000415516
           6   -0.478676   -0.478661 0.000346274
           7   -0.477683   -0.478521  0.00032374
           8   -0.478233   -0.478485 0.000285275
           9   -0.477322   -0.478356 0.000281321
          10   -0.478821   -0.478402  0.00025701
          11   -0.477726   -0.478341 0.000240899
          12   -0.478097   -0.478321  0.00022168
          13     -0.4777   -0.478273 0.000209703
          14     -0.4781    -0.47826 0.000195088
          15   -0.477803    -0.47823 0.000184454
          16   -0.478334   -0.478236 0.000173039
          17   -0.478241   -0.478237 0.000162861
          18   -0.479234   -0.478292 0.000162956
          19   -0.477709   -0.478261 0.000157242
          20    -0.47789   -0.478243 0.000150469
           1   -0.463214   -0.463214           0
           2   -0.462628   -0.462921 0.000207177
           3   -0.462257     -0.4627 0.000227423
           4   -0.462564   -0.462666 0.000173074
           5   -0.462811   -0.462695 0.000140879
           6    -0.46227   -0.462624 0.000134067
           7    -0.46314   -0.462698 0.000133661
           8   -0.463585   -0.462809 0.000156317
           9   -0.463037   -0.462834 0.000140995
          10   -0.463648   -0.462916 0.000148554
          11   -0.463056   -0.462928 0.000135593
          12   -0.462166   -0.462865 0.000138388
          13   -0.462728   -0.462854 0.000128144
          14   -0.462473   -0.462827 0.000121846
          15   -0.462092   -0.462778 0.000123192
          16   -0.462619   -0.462768 0.000115893
          17   -0.462631    -0.46276 0.000109354
          18    -0.46292   -0.462769 0.000103639
          19   -0.462643   -0.462762 9.83963e-05
          20   -0.462387   -0.462743 9.52523e-05
