GEN:      BEST_LOSS:      AVERAGE_LOSS: 
0     438.017     500.789
1     438.017     493.887
2     438.017     488.105
3     438.017     481.982
4     432.981     477.032
5      429.16     472.697
6     415.705     467.734
7     407.091     462.567
8     407.091     457.572
9     394.718     452.975
10     394.718     448.004
11     392.568     443.411
12     392.549     438.731
13     377.851     434.549
14     376.484     429.998
15     371.585     425.488
16     371.585     421.399
17     371.585     418.131
18     371.585     415.221
19     366.421     411.904
20     366.421     408.575
21     366.421     406.174
22     366.246     403.539
23     359.895     401.256
24     359.895     398.727
25     355.173     395.935
26     355.173     393.418
27     341.953     391.757
28     341.953     389.537
29     341.953     387.344
30     341.953     385.542
31     341.953     383.711
32     331.552     381.894
33     331.552     379.823
34     331.552     378.054
35     331.552     375.824
36     331.552      373.75
37     331.552     371.753
38     331.552     369.741
39     331.552     367.518
40     324.064     365.553
41     324.064     363.651
42     324.064      361.37
43      316.06     359.207
44      316.06      357.16
45      316.06     355.034
46     314.721     353.542
47     314.721     351.432
48     314.721     349.794
49     314.477     347.749
50     314.477     346.418
51     308.308     344.529
52     308.308     342.724
53     308.308     341.243
54     306.696     339.575
55     300.702     337.515
56     300.702     336.066
57     300.702     334.367
58     300.702     333.191
59     298.201     331.753
60     293.871     330.379
61     283.241     328.718
62     283.241     327.195
63     283.241     325.498
64     283.241     324.008
65     283.241     322.617
66     283.241     320.919
67     281.453     319.453
68     281.453     318.163
69     281.453     317.179
70     281.069     316.197
71     281.069     314.767
72     269.201     312.908
73     269.201     311.544
74     269.201     309.966
75     269.201      308.56
76     269.201     307.107
77     269.201     306.186
78     269.201     305.135
79     269.201     304.026
80     269.201     302.823
81     269.201     301.578
82     269.201     300.655
83     269.201     299.358
84     269.201     298.484
85     269.201     297.773
86     269.201     296.609
87     269.201     295.641
88     269.201      294.58
89     253.386     293.391
90     253.386     292.734
91     253.386     291.871
92     253.386     290.917
93     253.386     289.885
94     253.386      289.26
95     253.386     288.388
96     253.386      287.63
97     253.386      287.04
98     253.386      286.08
99     253.386     285.504
100     253.386     284.834
101     253.386     284.202
102     253.386     283.514
103     253.386     282.869
104     253.386      282.26
105     253.386     281.672
106     231.849      280.75
107     231.849     279.855
108     231.849     278.899
109     231.849     278.326
110     231.849      277.78
111     231.849     276.892
112     231.849     276.185
113     231.849     275.607
114     231.849     274.746
115     231.849     274.171
116     231.849      273.39
117     231.849     272.541
118     231.849     271.826
119     231.849     271.244
120     231.849     270.771
121     231.849      270.05
122     231.849     269.378
123     231.849     268.709
124     231.849     267.978
125     231.849      267.03
126     231.849     266.475
127     231.849      265.37
128     231.849     264.819
129     231.849      264.01
130     231.849     263.323
131     231.849      262.87
132     231.849     262.527
133     231.849     261.847
134     231.849     261.453
135     231.849     260.802
136     213.586     259.985
137     213.586     259.206
138     213.586     258.453
139     213.586     257.694
140     213.586     257.033
141     213.586     256.257
142     213.586     255.377
143     213.586     254.679
144     213.586     253.857
145     213.586      252.58
146     213.586      251.98
147     213.586     251.136
148     213.586     250.367
149     213.586     249.496
150     213.586     248.583
151     213.586     247.701
152     213.586     246.384
153     213.586     245.439
154     213.586     244.366
155     213.586     243.296
156     207.022     242.088
157     207.022     240.939
158     207.022     240.123
159     207.022     238.994
160     207.022     238.264
161     204.998     237.357
162     204.998     236.246
163     204.998     235.204
164     204.998     233.792
165     204.998     232.751
166     195.256     231.756
167     195.256     230.637
168     195.256     229.377
169     195.256     228.223
170     195.256     227.009
171     195.256     225.525
172      186.41     224.413
173      186.41     223.609
174      186.41     222.211
175      186.41     221.147
176      186.41     219.861
177      186.41     218.684
178      186.41      217.45
179      186.41     216.336
180      186.41     215.567
181     188.954     214.548
182     188.954     213.442
183     188.954     212.507
184     188.954     211.229
185     187.131      210.27
186     187.131     209.237
187     187.131     208.595
188     187.131     207.857
189     184.755     206.964
190     184.755     205.779
191     184.755     204.866
192     184.755     203.874
193     184.755     202.975
194     184.755     202.091
195     182.886     201.244
196     182.886     200.238
197     182.133     199.359
198     182.133     198.631
199     182.133     197.733
200     182.133     197.209
201     182.133      196.35
202     177.179     195.633
203     177.179     194.972
204     177.179     194.199
205     177.179     193.579
206     177.179     193.038
207     176.384     192.545
208     176.384     191.754
209     176.384     191.097
210     176.384     190.393
211     176.384     189.951
212     175.175     189.466
213     170.484     189.167
214     170.484     188.667
215     170.484     188.255
216     170.484     187.707
217     170.484     187.342
218     170.484     186.891
219     170.484     186.531
220     170.484     186.093
221     170.484     185.696
222     170.484     185.185
223     170.484     184.675
224     170.484     184.473
225      168.93     183.952
226      168.93     183.635
227      168.93     183.114
228       166.4      182.64
229       166.4     182.129
230       166.4      181.93
231     164.649     181.592
232     160.981     181.183
233     160.981     180.785
234     160.981     180.559
235     160.981     180.179
236     160.488     179.782
237     160.488     179.376
238     160.488     178.821
239     160.488     178.202
240     158.605     177.739
241     158.605     177.529
242     158.605     177.148
243     158.605     176.551
244     158.605     176.204
245     158.605     175.717
246     158.605     175.488
247     158.605     175.112
248     158.605     174.834
249     158.605     174.062
250     158.605     173.906
251     157.526     173.443
252     157.526      172.74
253     157.216     172.238
254     157.216     171.913
255     157.216     171.553
256      156.67     171.081
257      156.67     170.449
258     151.613     169.944
259     151.613      169.51
260     151.613     169.192
261     151.613     168.852
262     151.613     168.518
263     151.613      168.14
264     151.613     167.858
265     151.613     167.735
266     151.613     167.552
267     151.613     167.244
268     151.613     166.967
269     151.613     166.868
270     151.613     166.654
271     151.613     166.407
272     151.613     166.155
273     151.613     165.878
274     151.613     165.633
275     151.613     165.376
276     151.613     165.194
277     151.613      165.24
278     151.613     164.979
279     151.613     164.646
280     151.613     164.422
281     151.613     164.407
282     151.613     164.123
283     151.613     163.735
284     149.981     163.517
285     149.349     163.206
286     149.349     162.986
287     149.349     162.674
288     149.349     162.373
289     149.349     162.146
290     149.349     161.746
291     149.349     161.362
292     149.349     161.057
293     149.349     160.692
294     149.349     160.396
295     149.349       160.4
296      145.12     160.169
297      145.12     159.852
298      145.12     159.543
299      144.79     159.406
300      144.79     159.218
301      144.79     158.909
302      144.79     158.781
303      144.79     158.483
304      144.79     158.217
305      144.79     158.026
306      144.79     157.861
307     144.589     157.636
308     143.027     157.318
309     140.794     157.044
310     140.794     156.959
311     140.794     156.681
312     140.794     156.292
313     139.371     155.997
314     139.371     155.712
315     139.371     155.521
316     139.371     155.025
317     139.371     154.662
318     139.371      154.44
319     139.371     154.117
320     139.371     153.981
321     139.738     153.643
322     139.738     153.283
323     139.738     152.933
324     139.738     152.712
325     139.738     152.287
326      137.22     151.974
327      137.22     151.531
328      137.22     151.018
329      136.89     150.722
330      136.89     150.331
331      136.89     149.974
332      136.89     149.689
333      136.89      149.27
334      136.89     148.984
335      136.89     148.507
336     131.826      147.95
337     131.826     147.524
338     131.826     147.211
339     131.826      146.89
340     131.826      146.58
341     131.826     146.179
342     131.826      145.85
343     131.826      145.54
344     131.826     145.204
345     131.826     144.897
346     131.826     144.598
347     131.826     144.201
348     131.826     143.807
349     131.826     143.539
350     131.826     143.175
351     131.826     143.063
352     131.826     142.787
353     127.913     142.566
354     127.913      142.23
355     127.913     141.844
356     127.913     141.519
357     127.913     141.346
358     127.913     141.127
359     127.913     140.824
360     127.913     140.644
361     127.913     140.364
362     127.913     140.068
363     127.913     139.911
364     127.913     139.648
365     127.913     139.425
366     127.913      139.27
367     127.913     138.933
368     127.913     138.744
369     127.913     138.587
370     127.913     138.284
371     127.913     138.015
372     127.913     137.968
373     127.913     137.634
374     127.913     137.386
375     127.036     137.165
376     127.036     136.897
377     127.036     136.825
378     126.196     136.577
379     125.762     136.148
380     125.438      135.85
381     125.438     135.447
382       124.5     135.218
383       124.5     134.992
384       124.5     134.607
385       124.5     134.247
386       124.5     133.917
387       124.5      133.44
388       124.5     133.192
389       124.5     132.795
390     123.034     132.431
391     123.034     132.219
392     123.034     132.162
393     123.034     132.084
394     123.034     131.851
395     123.034     131.585
396     123.034      131.45
397     123.034     131.259
398     123.034     131.016
399     123.034     130.867
400     123.034     130.627
401     123.034     130.456
402     123.034     130.122
403     123.034     129.769
404     123.034      129.66
405     123.034     129.399
406     123.034     129.148
407     123.034     128.874
408     123.034     128.563
409     123.034     128.405
410     122.349     128.099
411     122.349     127.962
412     122.349     127.881
413     122.349     127.791
414     122.349     127.596
415     122.349     127.493
416     121.728     127.386
417     121.728     127.323
418     121.728      127.22
419     121.728      127.16
420     121.728     127.111
421      121.18     127.058
422      121.18     126.996
423      120.87     126.937
424      120.87     126.905
425      120.87     126.794
426      120.87     126.729
427      120.87     126.551
428      120.87     126.333
429      120.87     126.228
430      120.87     126.145
431     117.781      126.06
432     117.781     125.867
433     117.781     125.746
434     117.781       125.6
435     117.781     125.515
436     117.781     125.342
437     117.299      125.29
438     117.299     125.198
439     117.299     125.118
440     117.299     125.009
441     117.299     124.954
442     117.299     124.736
443     117.299     124.516
444     117.299     124.431
445     117.299     124.134
446     116.731      124.04
447     116.731     123.857
448     116.731     123.686
449     116.731     123.557
450     116.731     123.359
451     114.334     123.246
452     114.334     123.078
453     114.334      122.84
454     114.334     122.659
455     114.334     122.457
456     114.334     122.406
457     114.334     122.208
458     114.334     122.092
459     114.334     121.955
460     114.334      121.81
461     113.858     121.616
462     113.858     121.505
463     113.858     121.397
464     113.858     121.295
465     113.858     121.053
466     113.858     120.991
467     113.858     120.882
468     113.858     120.842
469     113.858     120.755
470     113.858     120.575
471     113.858     120.514
472     113.858     120.428
473     113.077     120.373
474     113.077     120.235
475     113.077      120.13
476     113.077     120.012
477     113.077     119.956
478     113.077     119.834
479     113.077     119.767
480     113.077     119.774
481     111.243     119.718
482     111.243      119.55
483     111.243     119.452
484     111.243     119.404
485     111.243     119.319
486     111.243     119.156
487     111.243     119.023
488     111.243     118.961
489     111.243     118.825
490     111.243     118.717
491     111.243     118.563
492     111.243     118.457
493     109.732     118.361
494     109.732     118.226
495     109.732     118.122
496     109.475     118.075
497     109.475     117.942
498     109.475       117.8
499     109.475     117.729
500     109.475     117.489
501     108.184     117.392
502     108.184     117.252
503     108.184     117.135
504     108.184     117.003
505     108.184     116.929
506     108.184     116.825
507     104.972     116.675
508     104.972     116.496
509     104.972      116.32
510     104.972     116.116
511     104.972     115.805
512     104.972     115.544
513     104.972     115.456
514     104.972      115.36
515     104.972     115.167
516     104.972     114.929
517     104.972     114.607
518     104.972      114.52
519     104.963     114.306
520     104.963     114.063
521     104.963     113.978
522     104.809     113.835
523     104.809     113.666
524     104.809      113.55
525     104.809     113.377
526     104.809      113.23
527     104.809     113.048
528     104.809     112.863
529     104.809      112.65
530     104.809     112.423
531     104.809     112.285
532     104.809     112.119
533     104.809     111.944
534     104.411     111.705
535     104.411     111.551
536     104.411     111.536
537     104.411     111.329
538     104.411     111.192
539     103.997     111.034
540     103.584     110.824
541     102.067     110.744
542     102.067     110.563
543     102.067     110.403
544     102.067     110.288
545     102.067     110.145
546     101.366     110.011
547     101.366     109.902
548     101.366     109.807
549     101.338     109.639
550     101.338     109.442
551     101.338     109.196
552     101.338     109.005
553     100.693     108.797
554     100.693     108.559
555     100.693     108.476
556     100.693     108.389
557     100.693     108.198
558     100.693     108.052
559     100.693     107.717
560     100.693     107.564
561     100.693     107.382
562     100.693     107.378
563     100.693     107.184
564     100.693     106.999
565      100.58     106.826
566      100.58     106.755
567      100.58     106.678
568      100.58      106.51
569      100.58     106.251
570      99.354     106.105
571     97.1468      106.07
572     97.1468     106.001
573     97.1468     105.863
574     97.1468      105.78
575     97.1468     105.582
576     97.1468     105.585
577     97.1468     105.338
578     97.1468     105.259
579     97.1468     105.204
580     97.1468     105.055
581     96.5123     104.973
582     96.5123     104.941
583     96.5123     104.857
584     96.5123     104.735
585     96.5123     104.606
586     96.0222     104.493
587     96.0222     104.392
588     96.0222     104.404
589     96.0222     104.415
590     96.0222     104.284
591     96.0222     104.201
592     96.0222     104.067
593     96.0222      103.99
594     96.0222     103.905
595     96.0222     103.815
596     95.6387     103.752
597     95.6387      103.66
598     95.6387     103.504
599     95.6387     103.328
600     95.6387     103.189
601     95.1551     103.028
602     95.1551     102.948
603     95.1551     102.657
604     95.1551     102.555
605     95.1551     102.476
606     95.1551     102.323
607     95.1551     102.205
608     95.1551     102.076
609     95.1551     101.943
610     95.1551     101.925
611     95.1551     101.858
612      94.536     101.667
613      94.536       101.5
614      94.536     101.431
615      94.536     101.158
616      94.536     100.957
617      94.536     100.807
618      94.536     100.573
619      94.536     100.328
620      94.536     100.146
621      94.536     99.9847
622      94.536     100.004
623      94.536     99.8657
624      94.536     99.5463
625      94.536     99.3743
626      94.536     99.2672
627      94.536     99.1076
628     93.3003     98.9804
629     93.3003     99.0134
630     93.3003     98.8717
631     93.3003     98.8564
632     93.3003     98.7093
633     93.3003     98.5799
634     93.3003     98.5041
635     93.3003     98.3431
636     93.3003     98.0752
637     93.3003      97.971
638     93.3003     97.9638
639     93.0803     97.8264
640     93.0803     97.7874
641     92.4029     97.6769
642     92.4029     97.6629
643     90.8781     97.5864
644     90.8781     97.4981
645     90.8781      97.369
646     90.8781     97.3065
647     90.8781     97.1727
648     90.8781     97.0481
649     90.8781     97.0481
650     90.8781     96.8746
651     90.8781     96.8044
652     90.8781     96.6907
653     90.8781     96.6787
654     90.8781     96.6038
655     90.8781     96.5143
656     90.8781     96.3358
657     90.8781     96.2596
658     90.8781     96.1501
659     90.8781     95.9987
660     90.8781     95.9187
661     90.8781     95.7142
662     90.8781     95.5676
663     90.8781     95.3505
664     90.8781     95.2089
665     90.8781     95.1335
666     90.8781      95.063
667     90.8781     94.9069
668     90.6628     94.8069
669     90.6628     94.7294
670     90.6628     94.6613
671     90.6628     94.5842
672     90.6628     94.4758
673     90.6628     94.4063
674     90.6628     94.3553
675     90.5769     94.1827
676     90.2061      94.011
677     90.2061     93.9158
678     90.0072      93.764
679     90.0072     93.7354
680     90.0072     93.6912
681     90.0072     93.5863
682     90.0072      93.387
683     90.0072     93.3607
684     90.0072     93.2469
685     90.0072     93.1793
686     90.0072     93.1307
687     90.0072     92.9886
688     90.0072     92.8772
689     90.0072     92.7609
690     89.5832     92.6662
691     89.5832     92.5362
692     89.5832     92.4786
693     89.5832     92.4203
694     89.5832     92.3938
695     89.3549     92.2971
696     89.3549     92.2295
697     89.3549     92.1729
698     88.9737     92.1305
699     88.9737     92.0374
700     88.9737     91.9894
701     88.9737     91.9271
702     88.9737     91.9205
703     88.9737     91.8405
704     88.9737       91.79
705     88.9737     91.7765
706      87.691     91.7466
707      87.691     91.7724
708      87.691     91.7883
709      87.691      91.764
710      87.691     91.7053
711      87.691     91.5969
712      87.691     91.5355
713      87.691     91.4632
714      87.691     91.3872
715      87.691     91.3089
716      87.691     91.2692
717      87.691     91.2054
718      87.691     91.1693
719      87.691     91.0955
720      87.691     91.0424
721      87.691     90.9718
722     87.5133     90.8969
723     87.5133     90.8827
724     87.3743     90.7801
725     87.3355     90.6713
726     87.3355     90.5936
727     87.3355      90.498
728     87.3355     90.4302
729     87.3355     90.3606
730     87.3355     90.3256
731     87.3355     90.2641
732     87.3355     90.2686
733     87.0514     90.2925
734     87.0514     90.1663
735     87.0514     90.0775
736     87.0514     90.0119
737     87.0514     89.9903
738     87.0514     89.9554
739     87.0514     89.8831
740     86.7291      89.843
741     86.7291      89.807
742     86.7291     89.7747
743     86.7291     89.6668
744     86.7291       89.65
745     86.7291     89.6093
746     86.7291      89.569
747     86.7291     89.5114
748     86.7266      89.423
749     86.7266     89.3816
750     86.4057     89.3676
751     86.1416     89.3686
752     86.1416     89.3114
753     86.1416     89.2683
754     84.9492     89.1822
755     84.9492     89.1653
756     84.9492     89.0885
757     84.9492     89.0673
758     84.9492     89.0215
759     84.9492     88.9235
760     84.9492     88.8301
761     84.9492     88.8513
762     84.9492     88.8068
763     84.9492     88.7932
764     84.9492     88.7285
765     83.7221     88.6526
766     83.7221     88.5831
767     83.7221     88.5041
768     83.7221      88.439
769     83.7221     88.3577
770     83.7221     88.3012
771     83.7221      88.216
772     83.7221     88.1597
773     83.7221     88.0945
774     83.7221     87.9729
775     83.7221     87.9387
776     83.7221      87.841
777     83.7221     87.6941
778     83.7221     87.5967
779     83.7221      87.478
780     83.7221     87.3668
781     83.7221     87.2148
782     83.7221     87.1003
783      83.622     86.9395
784      83.622     86.8379
785     83.6106     86.7457
786     83.6106     86.6777
787     83.6106     86.5798
788     83.6106     86.4984
789     83.6106     86.3918
790     83.6106     86.2951
791     83.6106     86.2037
792     83.6106      86.161
793     83.6106     86.0692
794     83.6106     85.9787
795     83.6106     85.8809
796     83.6106     85.8026
797     83.6106     85.7114
798     83.6106     85.6334
799     83.6106      85.561
800     82.2693     85.4733
801     82.2693     85.4065
802     82.2693     85.3668
803     82.2693     85.3117
804     82.2693     85.2388
805     82.2693     85.1705
806     82.2693     85.1118
807     82.2693     85.0331
808     82.2693     84.9439
809     82.2693     84.8707
810     82.2693     84.8264
811     82.2693     84.7567
812     82.2693     84.6854
813     82.2693     84.6262
814     82.2693     84.5584
815     82.2693     84.5141
816     82.2693     84.4286
817     82.2693     84.3915
818     82.2693     84.3535
819     82.2693     84.3045
820     82.2693     84.2571
821     82.2693     84.2298
822     82.2693     84.1977
823     81.6487     84.1323
824     81.6487     84.0921
825     81.6487     84.0515
826     81.6487     83.9738
827     81.6487      83.946
828     81.6487     83.9316
829     81.6487     83.8893
830     81.6487     83.8648
831     81.6487     83.8556
832     81.6487     83.7953
833     81.6487     83.7448
834     81.1521      83.712
835     81.1521     83.6568
836     81.1521      83.647
837     81.1521      83.619
838     81.1521     83.6214
839     81.1521     83.5761
840     81.1521     83.5829
841     81.1521     83.5459
842     81.1521      83.508
843     81.1521     83.5053
844     81.1521     83.4738
845     81.1521     83.4701
846     80.7763     83.4531
847     80.7763     83.4866
848     80.7763     83.4474
849     80.7763     83.4202
850     80.7763     83.3999
851     80.7763     83.3728
852     80.7763     83.3207
853     80.7763     83.2782
854     80.7763     83.2404
855     80.7763     83.1838
856     76.2447     83.1241
857     76.2447     83.1198
858     76.2447     83.0534
859     76.2447     83.0497
860     76.2447     83.0258
861     76.2447     83.0087
862     76.2447     83.0139
863     76.2447      83.022
864     76.2447     82.9993
865     76.2447     83.0052
866     76.2447     82.9959
867     76.2447     82.9892
868     76.2447     82.9578
869     76.2447     82.9457
870     76.2447     82.9034
871     76.2447     82.8781
872     76.2447     82.8459
873     76.2447     82.8453
874     76.2447     82.8242
875     76.2447     82.8271
876     76.2447     82.8135
877     76.2447     82.8078
878     76.2447     82.7861
879     76.2447     82.7846
880     76.2447     82.7713
881     76.2447     82.7328
882     76.2447     82.7329
883     76.2447     82.7161
884     76.2447     82.6898
885     76.2447     82.6325
886     76.2447     82.6499
887     76.2447      82.653
888     76.2447     82.6145
889     76.2447      82.617
890     76.2447     82.5745
891     76.1975     82.5303
892     76.1975     82.5049
893     76.1975     82.4949
894     76.1975     82.5215
895     76.1975     82.4584
896     76.1975     82.3789
897     76.1975     82.3223
898     76.1975     82.2749
899     76.1975     82.2358
900     76.1975     82.2051
901     76.1975     82.2087
902     76.1975      82.209
903     76.1975     82.1669
904     76.1975     82.1673
905     76.1975      82.173
906     76.1975     82.1504
907     76.1975     82.1553
908     76.1975     82.0808
909     76.1975     82.0721
910     76.1975     82.0259
911     76.1975     82.0434
912     76.1975     82.0033
913     76.1975     81.9367
914     76.1975     81.9303
915     76.1975     81.9067
916     76.1975     81.9046
917     76.1975     81.8558
918     76.1975     81.7845
919     76.1975     81.7411
920     76.1975     81.6917
921     75.1716     81.6132
922     75.1716     81.5511
923     75.1716     81.4802
924     75.1716     81.4218
925     75.1716     81.3742
926     75.1177     81.2384
927     75.1177     81.1459
928     75.1177     81.1036
929     75.1177       81.03
930     75.1177      80.918
931     75.1177     80.7419
932     75.1177     80.5141
933     75.1177     80.3943
934     75.1177     80.2549
935     75.1177     80.1137
936     74.7287     80.0276
937     74.7287     79.8466
938     74.7287     79.5805
939     74.7287     79.3951
940     74.7287     79.2075
941     74.7287      79.006
942     74.7287      78.798
943     74.7287     78.5765
944     74.7287     78.2877
945     74.7287     78.0515
946     74.7287     77.9201
947     74.7287     77.7792
948     74.7287     77.5926
949     74.7287     77.4665
950     74.7287     77.3145
951     74.7287     77.1112
952     74.7287     76.9266
953     74.7287     76.7649
954     74.7287     76.5437
955     74.7287     76.4959
956     74.7287     76.3914
957     74.7287     76.2876
958     74.7287     76.1754
959     74.7163     76.0726
960     74.7163     76.0032
961     74.7163     75.9316
962     74.6067     75.8816
963     74.6067     75.8443
964     74.6067      75.762
965     74.6067     75.6942
966     73.4552     75.6398
967     73.4552     75.6052
968     73.4552     75.5507
969     73.4552     75.4924
970     73.4552     75.4648
971     73.4552     75.4284
972     73.4552     75.3753
973     73.2339     75.3337
974     73.2339     75.3066
975     73.2339     75.2498
976     73.2339     75.1993
977     73.2339     75.1175
978     73.2339     75.0769
979     73.2339     75.0414
980     73.2339     75.0138
981     73.2339     74.9969
982     73.2339       74.96
983     73.2339     74.9207
984     73.2339     74.9026
985     73.2339     74.8466
986     73.2339     74.8114
987     73.2339     74.7897
988     73.2339     74.7292
989     72.5829     74.6725
990     72.5829     74.6239
991     72.5829     74.5646
992     72.5829     74.4885
993     72.5829      74.439
994     72.5829     74.3957
995     72.5829      74.346
996      73.177     74.2721
997     71.9525     74.1975
998     71.9525     74.1615
999     71.9525     74.0771
1000     71.9525     74.0019
1001     71.9525      73.978
1002     71.9525     73.9382
1003     71.9525     73.9075
1004     71.9525     73.8779
1005     71.9525     73.8376
1006     71.9525     73.7929
1007     71.9525     73.7425
1008     71.9525     73.6888
1009     71.9525     73.6658
1010     71.9525      73.641
1011     71.9525     73.5958
1012     71.9525     73.5528
1013     71.9525     73.5414
1014     71.9525     73.4901
1015     71.9525     73.4631
1016     71.9525     73.4563
1017     71.9525     73.4361
1018     71.9525     73.4188
1019     71.9525     73.3965
1020     71.9525     73.3809
1021     71.9525     73.3642
1022     71.9525      73.334
1023     71.9525     73.3178
1024     71.9525     73.3031
1025     71.9525      73.313
1026     71.0382     73.2934
1027     71.0382       73.28
1028     71.0382      73.282
1029     71.0382     73.2505
1030     71.0382     73.2453
1031     71.0382     73.2413
1032     71.0382     73.2304
1033     71.0382     73.2252
1034     71.0382     73.2197
1035     71.0382     73.2149
1036     71.0382     73.2067
1037     71.0382     73.1949
1038     71.0382     73.1945
1039     71.0382     73.2458
1040     71.0382     73.3212
1041     71.0382      73.262
1042     71.0382     73.1978
1043     71.0382     73.1933
1044     71.0382     73.1918
1045     71.0382     73.1903
1046     71.0382     73.1843
1047     71.0382     73.2433
1048     71.0382     73.2328
1049     71.0382     73.1859
1050     71.0382     73.1856
1051     71.0382     73.1887
1052     71.0382     73.1926
1053     71.0382     73.1846
1054     71.0382     73.2002
1055     71.0382     73.1844
1056     71.0382     73.2005
1057     71.0382     73.2394
1058     71.0382     73.2333
1059     71.0382     73.1825
1060     71.0382     73.1891
1061     71.0382     73.1953
1062     71.0382     73.2579
1063     71.0382     73.2528
1064     71.0382     73.2702
1065     71.0382     73.2228
1066     71.0382     73.2431
1067     71.0382     73.3093
1068     71.0382     73.3442
1069     71.0382     73.2746
1070     71.0382     73.3599
1071     71.0382     73.2852
1072     71.0382      73.263
1073     71.0382     73.3059
1074     71.0382     73.2875
1075     71.0382     73.3383
1076     71.0382     73.4393
1077     71.0382     73.4377
1078     71.0382     73.5204
1079     71.0382      73.589
1080     71.0382     73.6076
1081     71.0382     73.6559
1082     71.0382     73.6613
1083     71.0382     73.6945
1084     71.0382     73.7179
1085     71.0382     73.8738
1086     71.0382     74.1329
1087     71.0382     74.1802
1088     71.0382     74.3623
1089     71.0382     74.3909
1090     71.0382     74.5218
1091     71.0382       74.55
1092     71.0382     74.4504
1093     71.0382     74.7245
1094     71.0382     74.7463
1095     71.0382     74.8982
1096     71.0382     75.0137
1097     71.0382     75.2341
1098     71.0382      75.413
1099     70.8244       75.42
1100     70.8244     75.5691
1101     70.8244     75.7031
1102     70.8244     75.8967
1103     70.8244     76.0512
1104     70.8244     76.1866
1105     70.8244     76.0825
1106     70.8244     76.1562
1107     70.8244     76.3457
1108     70.8244     76.4742
1109     70.8244     76.5768
1110     70.8244     76.6762
1111     70.8244     76.7437
1112     70.8244     76.9475
1113     70.8244     76.9627
1114     70.8244     76.9424
1115     70.8244     76.9988
1116     70.8244     77.0404
1117     70.8244     77.0985
1118     70.8244     77.2129
1119     70.8244     77.1764
1120     70.8244     77.2305
1121     70.8244     77.2021
1122     70.8244     77.3974
1123     70.8244     77.3295
1124     70.8244     77.3699
1125     70.8244     77.4602
1126     70.8244     77.5455
1127     70.8244     77.6252
1128     70.8244     77.5886
1129     70.8244     77.6597
1130     70.8244      77.706
1131     70.8244     77.6743
1132     70.8244     77.6408
1133     70.8244     77.5599
1134     70.8244     77.7199
1135     70.8244     77.6518
1136     70.8244     77.6333
1137     70.8244     77.4672
1138     70.8244     77.2987
1139     70.8244     77.0621
1140     70.8244     77.0091
1141     70.8244     77.0357
1142     70.8244      76.886
1143     70.8244     76.7273
1144     70.8244      76.719
1145     70.8244     76.6049
1146     70.8244     76.5178
1147     70.8244     76.4463
1148     70.8244     76.2265
1149     70.8244     76.1647
1150     70.8244     76.0479
1151     70.8244      75.702
1152     70.8244     75.5397
1153     70.8244     75.5776
1154     70.8244     75.1671
1155     70.8244     74.9562
1156     70.8244      74.757
1157     70.8244     74.3506
1158     70.8244     73.9569
1159     70.8244     73.7462
1160     70.8244     73.4486
1161     70.8244      73.014
1162     70.8244     72.6895
1163     70.8244     72.5102
1164     70.8244     72.4265
1165     70.8244     72.2269
1166     70.8244     72.0237
1167     70.8244     71.8899
1168     70.8244     71.7156
1169     70.8244     71.5933
1170     70.8244     71.4592
1171     70.8244     71.3453
1172     70.8244     71.2881
1173     70.8244     71.2388
1174     70.8244     71.1666
1175     70.8244     71.1535
1176     70.8244     71.1121
1177     70.8244     71.0709
1178     70.8244     71.0392
1179     70.8244     71.0222
1180     70.8244     70.9909
1181     70.8244     70.9746
1182     70.8244     70.9624
1183     70.8244     70.9241
1184     70.8244     70.9158
1185     70.8244     70.8983
1186     70.8244     70.8907
1187     70.8244     70.8858
1188     70.8244     70.8752
1189     70.8244     70.8647
1190     70.8244      70.854
1191      70.824     70.8491
1192      70.824     70.8416
1193      70.824     70.8364
1194      70.824     70.8333
1195      70.824      70.831
1196     70.5841     70.8267
1197     70.5841     70.8254
1198     70.5841     70.8246
1199     70.5841     70.8238
1200     70.5841      70.823
1201     70.5841     70.8214
1202     70.5841     70.8208
1203     70.5841     70.8201
1204     70.5841     70.8184
1205     70.5841     70.8178
1206     70.5841     70.8155
1207     70.5841     70.8138
1208     70.5841     70.8085
1209     70.5841     70.8047
1210     70.5841     70.7982
1211     70.5841     70.7937
1212     70.5841     70.7874
1213     70.5414     70.7785
1214     70.5414     70.7682
1215     70.5268     70.7579
1216     70.5268     70.7499
1217     70.5268     70.7448
1218     70.5268     70.7366
1219     70.5268     70.7313
1220     70.5268     70.7294
1221     70.5268     70.7276
1222     70.5268     70.7222
1223     70.5268     70.7149
1224     70.5268      70.709
1225     70.5268      70.705
1226     70.5268     70.7033
1227     70.5268     70.7021
1228     70.5268     70.6961
1229     70.5268     70.6932
1230     70.5268     70.6848
1231     70.5268     70.6771
1232     70.5268     70.6719
1233     70.5268     70.6693
1234     70.5268     70.6654
1235     70.5268     70.6585
1236     70.5268     70.6532
1237     70.5268     70.6497
1238     70.5268     70.6432
1239     70.5268     70.6368
1240     70.5268     70.6338
1241     70.5268     70.6319
1242     70.5268     70.6246
1243     70.5268     70.6145
1244     70.5268     70.6037
1245     70.5268     70.5968
1246     70.5268     70.5871
1247     70.5268     70.5825
1248     70.5268     70.5759
1249     70.5268     70.5681
1250     70.5268     70.5641
1251     70.5268     70.5621
1252     70.5268     70.5602
1253     70.5268       70.56
1254     70.5268     70.5579
1255     70.5268     70.5556
1256     70.5268     70.5539
1257     70.5268     70.5524
1258     70.5268     70.5501
1259     70.5268      70.549
1260     70.5268     70.5479
1261     70.5268     70.5467
1262     70.5268     70.5449
1263     70.5268     70.5434
1264     70.5268     70.5425
1265     70.5268     70.5417
1266     70.5268     70.5402
1267     70.5268     70.5387
1268     70.5268     70.5373
1269     70.5268     70.5355
1270     70.5268     70.5336
1271     70.5268     70.5324
1272     70.5268     70.5308
1273     70.5268     70.5283
1274     70.5268      70.527
1275     70.5268     70.5268
1276     70.4137     70.5263
1277     70.4137     70.5259
1278     70.4137     70.5259
1279     70.4137     70.5281
1280     70.4137     70.5259
1281     70.4137     70.5247
1282     70.4137     70.5247
1283     70.4137     70.5241
1284     70.4137     70.5236
1285     70.4137     70.5227
1286     70.4137     70.5218
1287     70.4137     70.5211
1288     70.4137       70.52
1289     70.4137      70.518
1290     70.4137     70.5155
1291     70.4124     70.5123
1292     70.4124     70.5064
1293     70.4124     70.5008
1294     70.4124     70.4942
1295     70.4124     70.4887
1296     70.4124     70.4851
1297     70.4124     70.4831
1298     70.4124     70.4812
1299     70.4124      70.476
1300     70.4124     70.4742
1301     70.4124     70.4713
1302     70.4124     70.4667
1303     70.4124      70.466
1304     70.4124     70.4634
1305     70.4124     70.4602
1306     70.4124     70.4565
1307     70.4124     70.4522
1308     70.4124     70.4481
1309     70.4124     70.4455
1310     70.4124     70.4405
1311     70.4124     70.4398
1312     70.4124     70.4378
1313     70.4124     70.4341
1314     70.4124     70.4316
1315     70.4124     70.4286
1316     70.4124     70.4243
1317     70.4124     70.4222
1318     70.4124      70.419
1319     70.4124     70.4156
1320     70.4124     70.4127
1321     70.4124     70.4127
1322     70.4124     70.4126
1323     70.4124     70.4126
1324     70.4124     70.4126
1325     70.4124     70.4125
1326     70.4124     70.4125
1327     70.4124     70.4125
1328     70.4124     70.4125
1329     70.4124     70.4124
1330     70.4124     70.4124
1331     70.4124     70.4124
1332     70.4124     70.4124
1333     70.4124     70.4124
1334     70.4124     70.4124
1335     70.4124     70.4124
1336     70.4124     70.4124
1337     70.4124     70.4124
1338     70.4124     70.4124
1339     70.4124     70.4124
1340     70.4124     70.4124
1341     70.4124     70.4124
1342     70.4124     70.4124
1343     70.4124     70.4124
1344     70.4124     70.4124
1345     70.4124     70.4124
1346     70.4124     70.4124
1347     70.4124     70.4124
1348     70.4124     70.4124
1349     70.4124     70.4124
1350     70.4124     70.4124
1351     70.4124     70.4124
1352     70.4124     70.4124
1353     70.4124     70.4124
1354     70.4124     70.4124
1355     70.4124     70.4124
1356     70.4124     70.4124
1357     70.4124     70.4124
1358     70.4124     70.4124
1359     70.4124     70.4124
1360     70.4124     70.4124
1361     70.4124     70.4124
1362     70.4124     70.4124
1363     70.4124     70.4124
1364     70.4124     70.4124
1365     70.4124     70.4124
1366     70.4124     70.4124
1367     70.4124     70.4124
1368     70.4124     70.4124
1369     70.4124     70.4124
1370     70.4124     70.4124
1371     70.4124     70.4124
1372     70.4124     70.4124
1373     70.4124     70.4124
1374     70.4124     70.4124
1375     70.4124     70.4124
1376     70.4124     70.4124
1377     70.4124     70.4124
1378     70.4124     70.4124
1379     70.4124     70.4124
1380     70.4124     70.4124
1381     70.4124     70.4124
1382     70.4124     70.4124
1383     70.4124     70.4124
1384     70.4124     70.4124
1385     70.4124     70.4124
1386     70.4124     70.4124
1387     70.4124     70.4124
1388     70.4124     70.4124
1389     70.4124     70.4124
1390     70.4124     70.4124
1391     70.4124     70.4124
1392     70.4124     70.4124
1393     70.4124     70.4124
1394     70.4124     70.4124
1395     70.4124     70.4124
1396     70.4124     70.4124
1397     70.4124     70.4124
1398     70.4124     70.4124
1399     70.4124     70.4124
1400     70.4124     70.4124
1401     70.3943     70.4123
1402     70.3943     70.4123
1403     70.3943     70.4122
1404     70.3943     70.4122
1405     70.3943     70.4121
1406     70.3943     70.4122
1407     70.3943      70.412
1408     70.3943      70.412
1409     70.3943     70.4118
1410     70.3943     70.4116
1411     70.3943     70.4115
1412     70.3943     70.4114
1413     70.3943     70.4111
1414     70.3943     70.4107
1415     70.3943     70.4105
1416     70.3943     70.4098
1417     70.3943     70.4093
1418     70.3943     70.4082
1419     70.3943     70.4073
1420     70.3943     70.4067
1421     70.1886     70.4054
1422     70.1886     70.4046
1423     70.1886     70.4038
1424     70.1886     70.4034
1425     70.1886     70.4019
1426     70.1886     70.4018
1427     70.1886     70.4016
1428     70.1886     70.4004
1429     70.1886     70.3999
1430     70.1886     70.3993
1431     70.1886     70.3974
1432     70.1886     70.3944
1433     70.1886      70.392
1434     70.1209     70.3893
1435     70.1209     70.3868
1436     70.1209     70.3837
1437     70.1209     70.3804
1438     70.1209     70.3747
1439     70.1209     70.3679
1440     70.1209      70.362
1441     70.1209     70.3496
1442     70.1209     70.3394
1443     70.1209     70.3405
1444     70.1209     70.3221
1445     70.1209     70.3142
1446     70.1209     70.3083
1447     70.1209     70.3051
1448     70.1209     70.2954
1449     70.1209     70.2886
1450     70.1209     70.2767
1451     70.1209     70.2692
1452     70.1209     70.2637
1453     70.1209     70.2582
1454     70.1209     70.2535
1455     70.1209     70.2492
1456     70.1209     70.2399
1457     70.1209      70.236
1458     70.1209     70.2307
1459     70.1209     70.2235
1460     70.1209     70.2135
1461     70.1209     70.2094
1462     70.1209      70.206
1463     70.1209     70.2004
1464     70.1209     70.1982
1465     70.1209     70.1878
1466     70.1209     70.1841
1467     70.1209     70.1732
1468     70.1209     70.1672
1469     70.1209     70.1601
1470     70.1209     70.1573
1471     70.1209     70.1484
1472     69.5942     70.1403
1473     69.5942     70.1322
1474     69.5942     70.1303
1475     69.5942     70.1291
1476     69.5942     70.1277
1477     69.5942      70.125
1478     69.5942     70.1239
1479     69.5942     70.1198
1480     69.5942     70.1198
1481     69.5942     70.1198
1482     69.5942     70.1198
1483     69.5942     70.1198
1484     69.5942     70.1198
1485     69.5942     70.1198
1486     69.5942     70.1198
1487     69.5942     70.1198
1488     69.5942     70.1198
1489     69.5942     70.1198
1490     69.5942     70.1198
1491     69.5942     70.1198
1492     69.5942     70.1198
1493     69.5942     70.1198
1494     69.5942     70.1198
1495     69.5942     70.1198
1496     69.5942     70.1198
1497     69.5942     70.1198
1498     69.5942     70.1198
1499     69.5942     70.1198
1500     69.5942     70.1198
1501     69.5942     70.1198
1502     69.5942     70.1198
1503     69.5942     70.1198
1504     69.5942     70.1198
1505     69.5942     70.1198
1506     69.5942     70.1198
1507     69.5942     70.1198
1508     69.5942     70.1198
1509     69.5942     70.1198
1510     69.5942     70.1198
1511     69.5389     70.1187
1512     69.5389     70.1187
1513     69.5389     70.1176
1514     69.5389     70.1176
1515     69.5389     70.1176
1516     69.5389     70.1176
1517     69.5389     70.1165
1518     69.5389     70.1165
1519     69.5389     70.1165
1520     69.5389     70.1165
1521     69.5389     70.1165
1522     69.5389     70.1165
1523     69.5389     70.1165
1524     69.5389     70.1154
1525     69.5389     70.1154
1526     69.5389     70.1154
1527     69.5389     70.1154
1528     69.5389     70.1142
1529     69.5389     70.1131
1530     69.5389     70.1096
1531     69.5389     70.1073
1532     69.5389     70.1027
1533     69.5389     70.1082
1534     69.5389     70.0946
1535     69.5389     70.0864
1536     69.5389     70.0794
1537     69.5389     70.0713
1538     69.5389     70.0585
1539     69.5389     70.0471
1540     69.5389     70.0241
1541     69.5389     69.9906
1542     69.5389     69.9515
1543     69.5389     69.9267
1544     69.4871     69.9043
1545     69.4871     69.8822
1546     69.4871     69.8775
1547     69.4871     69.8752
1548     69.4871     69.8554
1549     69.4871     69.8401
1550     69.4871     69.8249
1551     69.4871     69.8051
1552     68.9751     69.7877
1553     68.9751     69.7761
1554     68.9751     69.7644
1555     68.9751      69.754
1556     68.9751     69.7467
1557     68.9751     69.7281
1558     68.9751     69.7096
1559     68.9751      69.698
1560     68.9751      69.677
1561     68.9751     69.6666
1562     68.9751     69.6631
1563     68.9751      69.641
1564     68.9751     69.6294
1565     68.8144     69.6151
1566     68.8144     69.6005
1567     68.8144     69.5959
1568     68.8144     69.5952
1569     68.8144     69.5906
1570     68.8144     69.5825
1571     68.8144     69.5754
1572     68.8144     69.5741
1573     68.8144     69.5718
1574     68.8144     69.5397
1575     68.8144     69.5246
1576     68.8144     69.5264
1577     68.8144      69.526
1578     68.8144      69.526
1579     68.8144     69.5244
1580     68.8144     69.5241
1581     68.8144     69.5232
1582     68.8144     69.5221
1583     68.8144     69.5255
1584     68.8144       69.52
1585     68.8144     69.5181
1586     68.8144     69.5144
1587     68.8144     69.5139
1588     68.8144     69.5109
1589     68.8144     69.5106
1590     68.8144     69.5171
1591     68.8144     69.5095
1592     68.8144     69.5173
1593     68.6545     69.5279
1594     68.6545     69.5112
1595     68.6545     69.5099
1596     68.6545      69.499
1597     68.6545     69.5089
1598     68.6545       69.49
1599     68.6545     69.4628
1600     68.6545     69.4385
1601     68.6545     69.4286
1602     68.6545     69.4141
1603     68.6545     69.4012
1604     68.6545     69.3971
1605     68.6545     69.3644
1606     68.6545     69.3411
1607     68.6545     69.3229
1608     68.6545     69.3058
1609     68.6545     69.2921
1610     68.6545     69.2798
1611     68.6545       69.26
1612     68.6545     69.2383
1613     68.6545      69.217
1614     68.6545     69.2085
1615     68.6545     69.1875
1616     68.6545     69.1718
1617     68.6545     69.1609
1618     68.6545     69.1299
1619     68.6545     69.0979
1620     68.6545     69.0623
1621     68.6545     69.0219
1622     68.6545     68.9993
1623     68.6545     68.9694
1624     68.6545      68.954
1625     68.6545     68.9343
1626     68.6545     68.9106
1627     68.6545     68.8777
1628     68.6545     68.8562
1629     68.6545     68.8344
1630     68.6545     68.8161
1631     68.6545     68.7977
1632     68.6545      68.781
1633     68.6545     68.7579
1634     68.6545     68.7451
1635     68.6545     68.7359
1636     68.6545     68.7321
1637     68.6545       68.72
1638     68.6545     68.7039
1639     68.6545     68.6983
1640     68.6545     68.6925
1641     68.6545     68.6906
1642     68.6545       68.69
1643     68.6545     68.6818
1644     68.6545     68.6793
1645     68.6545     68.6761
1646     68.6545     68.6729
1647     68.6545     68.6694
1648     68.6545     68.6665
1649     68.6545     68.6633
1650     68.6545     68.6663
1651     68.6545      68.662
1652     68.6545     68.6598
1653     68.6545     68.6566
1654     68.6545     68.6547
1655     68.6545     68.6545
1656     68.6545     68.6545
1657     68.6545     68.6545
1658     68.6545     68.6545
1659     68.6545     68.6545
1660     68.6545     68.6545
1661     68.6545     68.6545
1662     68.6545     68.6545
1663     68.6545     68.6545
1664     68.6545     68.6545
1665     68.6545     68.6545
1666     68.6545     68.6545
1667     68.6545     68.6545
1668     68.6545     68.6545
1669     68.6545     68.6545
1670     68.6545     68.6545
1671     68.6545     68.6545
1672     68.6545     68.6545
1673     68.6545     68.6545
1674     68.6545     68.6545
1675     68.6545     68.6545
1676     68.6545     68.6545
1677     68.6545     68.6545
1678     68.6545     68.6545
1679     68.6545     68.6545
1680     68.6545     68.6545
1681     68.6545     68.6545
1682     68.6545     68.6545
1683     68.6545     68.6545
1684     68.6545     68.6545
1685     68.6545     68.6545
1686     68.1301     68.6535
1687     68.1301     68.6723
1688     68.1301     68.6535
1689     68.1301     68.6535
1690     68.1301     68.6535
1691     68.1301     68.6535
1692     68.1301     68.6524
1693     68.1301     68.6524
1694     68.1301     68.6514
1695     68.1301     68.6514
1696     68.1301     68.6493
1697     68.1301     68.6482
1698     68.1301     68.6482
1699     68.1301     68.6461
1700     68.1301     68.6441
1701     68.1301     68.6378
1702     68.1301     68.6357
1703     68.1301     68.6346
1704     68.1301     68.6315
1705     68.1301      68.622
1706     68.1301     68.6136
1707     68.1301     68.6031
1708     68.1301     68.5958
1709     68.1301     68.5801
1710     68.1301     68.5633
1711     68.1301     68.5381
1712     68.1301     68.5004
1713     68.1301     68.4854
1714     68.1301     68.4603
1715     68.1301     68.4495
1716     68.1301     68.4324
1717     68.1301      68.419
1718     68.1301     68.4053
1719     68.1301     68.3867
1720     68.1301      68.371
1721     67.9965     68.3581
1722     67.9965     68.3497
1723     67.9965     68.3327
1724     67.9965      68.317
1725     67.9965     68.3062
1726     67.9965     68.2991
1727     67.9965      68.285
1728     67.9965     68.2781
1729     67.9965     68.2689
1730     67.9965      68.248
1731     67.9965      68.243
1732     67.9965      68.233
1733     67.9965     68.2101
1734     67.9965     68.1862
1735     67.9965     68.1694
1736     67.9965      68.141
1737     67.9965     68.1341
1738     67.9965     68.1132
1739     67.9965     68.0943
1740     67.9965     68.0901
1741     67.9965     68.0855
1742     67.9965     68.0799
1743     67.9965     68.0748
1744     67.9965     68.0732
1745     67.9965     68.0695
1746     67.9965     68.0671
1747     67.9965     68.0639
1748     67.9965     68.0633
1749     67.9965     68.0572
1750     67.9965     68.0532
1751     67.9965     68.0492
1752     67.9965     68.0436
1753     67.9965     68.0414
1754     67.9965      68.038
1755     67.9965     68.0334
1756     67.9965     68.0294
1757     67.9965     68.0238
1758     67.9965     68.0201
1759     67.9965     68.0155
1760     67.9965      68.012
1761     67.9965     68.0059
1762     67.9965      68.003
1763     67.9965     67.9982
1764     67.9965     67.9965
1765     67.9965     67.9965
1766     67.9965     67.9965
1767     67.9965     67.9965
1768     67.9965     67.9965
1769     67.9965     67.9965
1770     67.9965     67.9965
1771     67.9965     67.9965
1772     67.9965     67.9965
1773     67.9965     67.9965
1774     67.9965     67.9965
1775     67.9965     67.9965
1776     67.9965     67.9965
1777     67.9965     67.9965
1778     67.9965     67.9965
1779     67.9965     67.9965
1780     67.9965     67.9965
1781     67.9965     67.9965
1782     67.9965     67.9965
1783     67.9965     67.9965
1784     67.9965     67.9965
1785     67.9965     67.9965
1786     67.9965     67.9965
1787     67.9965     67.9965
1788     67.9965     67.9965
1789     67.9965     67.9965
1790     67.9965     67.9965
1791     67.9965     67.9965
1792     67.9965     67.9965
1793     67.9965     67.9965
1794     67.9965     67.9965
1795     67.9965     67.9965
1796     67.9965     67.9965
1797     67.9965     67.9965
1798     67.9965     67.9965
1799     67.9965     67.9965
1800     67.9965     67.9965
1801     67.9965     67.9965
1802     67.9965     67.9965
1803     67.9965     67.9965
1804     67.9965     67.9965
1805     67.9965     67.9965
1806     67.9965     67.9965
1807     67.9965     67.9965
1808     67.9965     67.9965
1809     67.9965     67.9965
1810     67.9965     67.9965
1811     67.9965     67.9965
1812     67.9965     67.9965
1813     67.9965     67.9965
1814     67.9965     67.9965
1815     67.9965     67.9965
1816     67.8362     67.9956
1817     67.8362     67.9997
1818     67.8362     67.9953
1819     67.8362     67.9946
1820     67.8362      67.994
1821     67.8362      67.994
1822     67.8362      67.993
1823     67.8362     67.9924
1824     67.8362     67.9914
1825     67.8362     67.9901
1826     67.8362     67.9892
1827     67.8362     67.9876
1828     67.8362     67.9853
1829     67.8362     67.9827
1830     67.8362     67.9786
1831     67.8362     67.9753
1832     67.8362     67.9692
1833     67.8362     67.9602
1834     67.8362     67.9519
1835     67.8362     67.9439
1836     67.8362     67.9378
1837     67.8362     67.9349
1838     67.8362     67.9317
1839     67.8362     67.9266
1840     67.8362      67.924
1841     67.8362     67.9202
1842     67.8362     67.9192
1843     67.8362      67.916
1844     67.8362     67.9138
1845     67.8362     67.9103
1846     67.8362     67.9035
1847     67.8362      67.901
1848     67.8362     67.8978
1849     67.8362     67.8929
1850     67.8362     67.8891
1851     67.8362     67.8875
1852     67.8362     67.8865
1853     67.8362      67.882
1854     67.8362     67.8782
1855     67.8362     67.8737
1856     67.8362     67.8715
1857     67.8362      67.866
1858     67.8362     67.8586
1859     67.8362     67.8535
1860     67.8362     67.8477
1861     67.8362     67.8449
1862     67.8362     67.8381
1863     67.8362     67.8362
1864     67.8362     67.8362
1865     67.8362     67.8362
1866     67.8362     67.8362
1867     67.8362     67.8362
1868     67.8362     67.8362
1869     67.8362     67.8362
1870     67.8362     67.8362
1871     67.8362     67.8362
1872     67.8362     67.8362
1873     67.8362     67.8362
1874     67.8362     67.8362
1875     67.8362     67.8362
1876     67.8362     67.8362
1877     67.8362     67.8362
1878     67.8362     67.8362
1879     67.8362     67.8362
1880     67.8362     67.8362
1881     67.8362     67.8362
1882     67.8362     67.8362
1883     67.8362     67.8362
1884     67.8362     67.8362
1885     67.8362     67.8362
1886     67.8362     67.8362
1887     67.8362     67.8362
1888     67.8362     67.8362
1889     67.8362     67.8362
1890     67.8362     67.8362
1891     67.8362     67.8362
1892     67.8362     67.8362
1893     67.8362     67.8362
1894     67.8362     67.8362
1895     67.8362     67.8362
1896     67.7282     67.8354
1897     67.7282     67.8354
1898     67.7282     67.8354
1899     67.7282     67.8352
1900     67.7282     67.8345
1901     67.7282     67.8341
1902     67.7282     67.8332
1903     67.7282     67.8326
1904     67.7282     67.8321
1905     67.7282     67.8317
1906     67.5663     67.8293
1907     67.5663     67.8275
1908     67.5663     67.8266
1909     67.5663     67.8246
1910     67.5663     67.8224
1911     67.5663     67.8195
1912     67.5663     67.8209
1913     67.5663     67.8101
1914     67.5663     67.8034
1915     67.5663     67.7989
1916     67.5663     67.7945
1917     67.5663     67.7903
1918     67.5663      67.786
1919     67.5663     67.7823
1920     67.5663     67.7796
1921     67.5663     67.7739
1922     67.5663     67.7704
1923     67.5663     67.7684
1924     67.5663     67.7646
1925     67.5663     67.7615
1926     67.5663     67.7587
1927     67.5663      67.755
1928     67.5663     67.7509
1929     67.5663     67.7474
1930     67.5663     67.7435
1931     67.5663     67.7404
1932     67.5663     67.7387
1933     67.5663     67.7362
1934     67.5663     67.7326
1935     67.5663     67.7304
1936     67.5663     67.7308
1937     67.5663     67.7278
1938     67.5663     67.7241
1939     67.5663     67.7233
1940     67.5663     67.7185
1941     67.5663     67.7222
1942     67.5663     67.7133
1943     67.5663     67.7104
1944     67.5663     67.7084
1945     67.5663     67.7169
1946     67.5663     67.7178
1947     67.5663     67.6996
1948     67.5663     67.6868
1949     67.5663      67.679
1950     67.5663     67.6745
1951     67.5663     67.6702
1952     67.5663     67.6654
1953     67.5663     67.6628
1954     67.5663     67.6592
1955     67.5663      67.657
1956     67.5663     67.6515
1957     67.5663     67.6479
1958     67.5663     67.6434
1959     67.5663     67.6379
1960     67.5663     67.6308
1961     67.5663     67.6282
1962     67.5663     67.6256
1963     67.5663     67.6243
1964     67.5663     67.6185
1965     67.5663     67.6139
1966     67.5663      67.611
1967     67.5663     67.6091
1968     67.5663     67.6049
1969     67.5663     67.6016
1970     67.5663     67.5961
1971     67.5663     67.5916
1972     67.5663     67.5896
1973     67.5663     67.5877
1974     67.5663     67.5858
1975     67.5663     67.5819
1976     67.3194     67.5769
1977     67.3194      67.571
1978     67.3194     67.5658
1979     67.3194     67.5658
1980     67.3194     67.5654
1981     67.3194     67.5639
1982     67.3194     67.5634
1983     67.3194     67.5624
1984     67.3194     67.5619
1985     67.3194     67.5614
1986     67.3194     67.5577
1987     67.3194     67.5552
1988     67.3194     67.5527
1989     67.3194     67.5498
1990     67.3194     67.5473
1991     67.3194      67.544
1992     67.3194     67.5377
1993     67.3194       67.53
1994     67.3194     67.5208
1995     67.3194     67.5079
1996     66.7121      67.492
1997     66.7121     67.4825
1998     66.7121      67.474
1999     66.7121     67.4681
