GEN:      BEST_LOSS:      AVERAGE_LOSS: 
0      428.89      499.49
1      428.89      491.84
2      428.89     485.624
3      428.89     479.678
4     416.691     473.436
5     413.787     467.425
6     413.787     461.815
7     399.937     457.164
8     399.937     453.062
9     392.019     449.635
10     392.019     446.216
11     390.084     442.748
12     379.238     439.514
13     379.238      435.82
14     379.238     431.994
15     373.875     428.318
16     373.875     425.222
17     373.875     422.453
18     368.928     419.195
19     368.928     415.929
20     354.295     411.967
21     354.295     408.562
22     354.295     405.708
23     354.295     402.647
24     354.295     399.294
25     350.676     396.411
26     350.676     393.754
27     350.676     391.226
28     350.676     389.146
29     349.787     386.517
30     349.787     384.024
31     336.115     381.987
32     336.115     379.658
33     336.115     377.372
34     336.115     375.527
35     334.397     373.576
36     334.397     371.464
37     334.397     369.963
38     334.397     368.029
39     334.397      366.24
40     334.397     364.829
41     332.439     363.378
42     332.439     362.212
43     332.439     361.001
44     326.571     359.626
45     326.571     358.185
46     326.571     357.145
47     326.571     356.206
48     326.571     355.073
49     326.571     354.042
50     326.571     352.865
51     324.363     351.728
52     324.363     350.711
53     324.363     350.034
54     321.588     349.061
55     321.588     347.736
56     314.274     346.564
57     314.274      345.17
58     314.274     344.475
59     314.274     343.469
60     314.274     342.536
61     314.274     341.767
62     309.776     340.986
63     309.776     340.172
64     309.776     339.411
65     309.776     338.476
66     298.713     337.293
67     298.713     336.671
68     298.713     335.685
69     298.713     334.653
70     298.713     333.209
71     271.362      331.66
72     271.362     330.149
73     271.362     328.803
74     271.362     327.369
75     271.362     326.314
76     271.362     325.055
77     271.362     323.701
78     271.362     322.374
79     271.362     321.279
80     271.362     320.073
81     271.362     319.382
82     271.362     318.071
83     271.362     317.011
84     271.362     316.227
85     271.362     315.262
86     258.833     313.984
87     258.833     313.122
88     258.833     311.776
89     258.833     310.323
90     258.833     309.206
91     258.833      308.07
92     258.833     307.044
93     258.833     305.699
94     258.833      304.55
95     258.833     303.361
96     254.576     301.993
97     254.576     301.022
98     254.576     299.483
99     254.576     298.166
100     254.576     296.293
101     243.133     294.694
102     243.133     292.965
103     243.133     290.909
104     243.133     289.087
105     243.133     287.216
106     243.133     285.083
107     243.133     283.364
108     243.133     281.428
109     243.133     280.176
110     243.133      278.89
111     243.133     277.289
112     243.133     276.206
113     243.133     274.689
114     242.564     273.257
115     242.564     272.101
116     242.564     270.624
117     238.304      269.38
118     238.304     267.978
119     237.912     266.602
120     237.218     265.635
121     237.218     264.515
122     237.218      263.23
123     224.766     261.847
124     224.766     260.287
125     224.766     258.816
126     224.766     257.741
127     224.766     256.194
128     220.701     255.216
129     220.701     254.142
130     220.701     253.357
131     220.701     252.097
132     220.701     250.965
133     220.701     249.822
134     220.701     248.821
135     220.701     247.744
136     220.701      246.56
137     220.701     245.545
138     213.073     244.261
139     213.073      243.33
140     213.073     242.444
141     213.073     241.603
142     213.073     240.744
143     213.073     239.716
144     213.073     238.709
145     213.073     238.298
146     213.073     237.607
147     213.073     237.329
148     213.073     236.566
149     213.073     235.888
150     213.073     235.249
151     207.197     234.235
152     207.197     233.673
153     207.197     232.698
154     207.197     232.181
155     207.197     231.348
156     204.246     230.548
157     204.246     229.803
158     204.246      229.12
159     204.246      228.41
160     204.246     227.644
161      201.65     226.884
162      201.65     226.534
163      201.65     225.873
164      201.65     225.232
165      201.65     224.605
166     200.992     224.197
167     200.992     223.603
168     200.992      222.99
169     200.992      222.64
170     200.992     222.203
171      193.99     221.619
172      193.99     221.073
173      193.99     220.652
174      193.99     220.004
175      193.99     219.466
176      193.99     218.574
177     192.482     217.861
178     191.202     217.173
179     191.202     216.196
180     191.202     215.744
181     191.202     215.244
182     191.202     214.434
183     191.202     213.735
184     191.202     212.897
185      186.42     212.438
186     183.462     211.604
187     183.462      210.71
188     183.462     210.097
189     183.462      209.31
190     183.462     208.764
191     183.462     207.974
192     183.462     207.134
193     183.462     206.365
194     183.462     205.647
195     183.462     205.107
196     183.462     204.375
197     183.462     203.687
198     183.462     203.028
199     183.462     202.791
200     183.462     202.487
201     176.308     201.875
202     176.308     201.654
203     176.308     200.928
204     176.308     200.281
205     176.308     199.975
206       171.4     199.404
207       171.4      198.87
208       171.4     198.216
209       171.4     197.631
210       171.4     196.924
211       171.4     196.422
212       171.4      195.76
213       171.4     195.161
214       171.4      194.51
215       171.4     193.714
216       171.4     193.121
217       171.4     192.444
218       171.4     191.696
219       171.4     190.759
220       171.4     190.068
221     169.012     189.479
222     169.012     188.499
223     169.012     187.908
224     169.012      187.42
225     168.945       186.8
226     164.649     186.145
227     164.649     185.413
228     164.649      184.68
229     164.649     184.263
230     164.649     183.899
231     161.958     183.299
232     161.958     182.812
233     161.958     182.266
234     161.958      181.82
235     161.958     181.364
236     161.958     180.899
237     161.958     180.423
238     161.958     180.007
239     161.958     179.448
240     161.958     178.804
241     161.958     178.493
242     161.958     177.876
243     161.324     177.273
244     161.324     176.716
245     160.215     176.239
246     160.215     175.711
247     160.215     175.106
248     160.215     174.475
249      160.01     173.892
250      160.01     173.416
251     157.909     172.872
252     157.093     172.336
253     157.093     171.573
254     156.367     170.975
255     156.367     170.375
256     156.367     169.821
257     155.849      169.36
258     155.849     169.001
259     155.849     168.521
260     155.849     168.129
261     155.849     167.868
262     155.849     167.577
263     155.693     167.264
264     155.693     167.114
265     155.693     166.862
266     155.693      166.47
267     155.693     166.147
268     155.693      165.83
269     155.693     165.439
270     155.491     165.271
271     155.491     165.096
272     150.307     164.822
273     150.307      164.59
274     150.307     163.967
275     150.307     163.579
276     150.307     163.347
277     150.307     163.068
278     150.307     162.976
279     150.307     162.518
280     150.307     162.317
281     150.307     162.089
282     150.307     161.962
283     150.307     161.714
284     148.825     161.379
285     148.825     161.165
286     148.825     160.827
287     148.825     160.469
288     148.529     160.118
289     148.529     159.966
290     147.268     159.594
291     146.694     159.266
292     146.694     158.973
293     146.694     158.535
294     145.641     158.303
295     145.641     157.909
296     145.641     157.631
297     145.001     157.047
298     145.001      156.67
299     145.001     156.189
300     145.001     155.805
301     144.457     155.498
302     144.457      155.06
303     144.457     154.611
304     144.356      154.31
305     144.356     154.108
306     143.489     153.845
307     142.831     153.566
308     142.831     153.232
309     142.831      152.74
310     142.831     152.337
311     142.831     152.064
312     142.248     151.697
313     142.248     151.401
314     142.248     151.156
315     142.053      150.79
316     142.053     150.664
317     142.053     150.396
318     140.814     150.161
319     140.814     150.112
320     140.814     149.955
321     140.814     149.768
322     140.814     149.634
323     140.814     149.584
324     140.814     149.458
325     140.814     149.227
326     140.814     149.153
327     140.338     148.904
328     139.803     148.729
329     139.803     148.655
330     139.803     148.508
331     139.803     148.377
332     139.803     148.272
333     139.803     148.052
334     139.803     147.928
335     139.803      147.85
336     137.965     147.694
337     137.965     147.508
338     137.965       147.3
339     137.965     147.127
340     137.965     146.829
341     132.504     146.639
342     132.504     146.594
343     132.504     146.377
344     132.504     146.176
345     132.504     146.166
346     132.504     146.141
347     132.504      146.09
348     132.504     145.758
349     132.504     145.676
350     132.504     145.431
351     132.504     145.363
352     132.504     145.193
353     132.504     145.059
354     132.504     144.851
355     132.504     144.696
356     132.504     144.416
357     131.567      144.28
358     131.567     144.237
359     131.567     144.129
360     131.567     143.961
361     131.567     143.799
362     131.567     143.671
363     131.567     143.452
364     131.567     143.308
365     131.567     143.111
366     131.567     142.896
367     131.567     142.839
368     131.567     142.635
369     131.567     142.552
370     131.567     142.475
371     131.567     142.254
372     129.113     142.033
373     129.113     141.874
374     129.113     141.667
375     129.113     141.474
376     129.113     141.149
377     129.113     140.867
378     129.113     140.565
379     129.113     140.391
380     129.113     139.999
381     129.113      139.58
382     129.113     139.219
383     129.113     138.898
384      129.07     138.567
385     128.566      138.31
386     128.566     137.939
387     127.066     137.646
388     127.066     137.403
389     126.176     137.114
390     126.176     136.802
391     126.176     136.446
392     126.176     135.999
393     125.054       135.6
394     125.054     135.312
395     125.054     135.199
396     125.054     134.672
397      124.65     134.337
398      124.65     134.027
399      124.65       133.8
400      124.65     133.446
401      124.65     133.218
402      124.65     132.947
403      124.65     132.653
404      124.21     132.277
405      124.21      131.97
406      124.21     131.771
407     123.658     131.433
408     123.376     131.104
409     123.376     130.862
410     123.199     130.473
411     122.947      130.19
412     121.935     129.948
413     121.935     129.615
414     121.935     129.389
415     121.935     129.197
416     121.935     129.029
417     121.935     128.704
418     121.163     128.487
419     120.461     128.195
420     120.461     128.058
421     119.356     127.907
422     119.356     127.605
423     119.356      127.29
424     119.356     127.062
425     119.356     126.711
426     119.356     126.446
427     119.356     126.348
428     119.043     126.209
429     116.928     125.963
430     116.928     125.801
431     116.928     125.546
432     116.928     125.378
433     116.281     125.066
434     116.281     125.053
435     115.823      124.92
436     115.823     124.661
437     115.823     124.583
438     115.823     124.456
439     115.823     124.406
440     115.823      124.36
441     115.823     124.135
442     115.823     123.933
443     113.772     123.761
444     113.772     123.541
445     113.772     123.326
446     113.772      123.17
447     113.772     123.123
448     113.772     123.057
449     113.772     122.884
450     113.772      122.71
451     113.772     122.552
452     113.772     122.299
453     113.772     122.136
454     113.772     122.028
455     113.772     121.857
456     113.772     121.569
457     113.772     121.463
458     113.612     121.254
459     113.612     121.038
460     113.612     120.949
461     113.218     120.805
462     113.218     120.582
463     113.218     120.446
464     113.218     120.233
465     113.218     120.115
466     113.218     120.055
467     113.218     119.929
468     113.218     119.731
469     113.218     119.668
470      112.83     119.543
471      112.83     119.445
472      112.83     119.283
473      112.83     119.121
474     112.219     118.853
475     112.219     118.731
476     112.219     118.646
477     112.219     118.364
478     112.219     118.231
479     111.088     118.015
480     111.088     117.873
481     109.501     117.707
482     109.501      117.42
483     109.501     117.274
484     109.501     117.119
485     109.501     116.902
486     109.501     116.741
487     109.491      116.58
488     109.008     116.429
489     109.008     116.157
490     108.876     116.014
491     108.876     115.851
492     108.799       115.7
493     108.411     115.561
494       107.5      115.41
495       107.5     115.325
496       107.5     115.156
497     107.179     115.053
498     106.904     114.903
499     106.904     114.834
500     106.904     114.603
501     106.904     114.318
502     106.904     114.099
503     105.509      113.75
504     105.509     113.439
505     105.509     113.211
506     105.509     113.102
507     105.509     112.893
508     105.509     112.671
509     105.509     112.381
510     105.509     112.248
511     105.509      112.12
512     105.509     111.924
513     105.086     111.613
514     105.086     111.335
515     105.086     111.142
516     103.567     110.922
517     103.567     110.558
518     102.985     110.299
519     102.945     110.041
520     102.945     109.856
521     102.985     109.641
522     102.985     109.435
523     102.432     109.187
524     102.432     108.884
525     102.432      108.68
526     102.166      108.52
527     102.166     108.269
528     102.166     107.968
529     101.877     107.678
530     101.877     107.458
531     100.853     107.197
532     100.798     107.059
533     100.798     106.841
534     100.798     106.648
535     100.798     106.476
536     100.798     106.341
537     100.025     106.177
538     100.025     106.043
539     100.025     105.778
540     100.025     105.545
541     99.1545     105.257
542     99.1545     105.054
543     99.1545      104.85
544     99.1545     104.696
545     99.1203     104.508
546     99.1203     104.384
547     99.1203     104.204
548     98.4573     103.937
549     98.4573     103.786
550     98.4573     103.579
551     98.4573     103.318
552     98.2212     103.205
553     98.2212     103.059
554     98.2212     102.995
555     98.1852     102.824
556     97.7534     102.708
557     96.5419      102.44
558     96.5419     102.224
559     96.5419     102.069
560     96.5419     101.955
561     96.5419     101.919
562     96.5419      101.81
563     96.5419     101.583
564     95.8688     101.339
565     95.8688     101.102
566     95.8688      100.96
567     95.8688     100.858
568     95.8688     100.723
569     95.8688     100.548
570     95.2646     100.361
571     95.2646     100.103
572     95.2646     100.015
573     95.2646     99.8796
574     95.2646     99.6546
575     95.2646     99.4021
576     95.2646     99.1705
577     95.2646     98.9826
578     95.2646     98.8637
579     95.2646     98.7739
580     95.2646     98.6282
581     95.2646     98.5318
582      95.201     98.3771
583      95.201     98.2068
584      95.201     98.0338
585      95.201      97.833
586     95.1353     97.7002
587     95.1353     97.5489
588     95.1353     97.5105
589     95.1353     97.4275
590     94.9531     97.3157
591     93.8855     97.2162
592     93.8855     97.1514
593     93.8855     97.0876
594     93.8855     96.9461
595     93.8855     96.8261
596     93.8855     96.8212
597     93.8855     96.6713
598     93.8855     96.6021
599     93.8855     96.5396
600     93.8855     96.4291
601     93.8855     96.3355
602     93.8855     96.2391
603     93.8855     96.1623
604     93.8855     96.0873
605     93.8855     96.0298
606     93.8855     95.9217
607     92.4744     95.8355
608     92.4744     95.8063
609     92.4744     95.7266
610     92.4744     95.6554
611     92.4744     95.6391
612     92.4744     95.5823
613     92.4744     95.5715
614     92.4744     95.5509
615     92.4744     95.5154
616     92.4744     95.4703
617     92.4744     95.4295
618     92.4744     95.3603
619     92.4744     95.3162
620     92.4744       95.28
621     92.4744     95.2319
622     92.4744     95.2145
623     92.4744     95.1896
624     92.4744      95.137
625     92.4744      95.073
626     92.4744     95.0594
627     92.4744     95.0181
628     92.4744      95.021
629     92.4744     94.9696
630     92.4744     94.9242
631     92.4744     94.9167
632     92.4744     94.8939
633     92.4744     94.8676
634     92.4744     94.8429
635     92.4744      94.842
636     92.4597     94.8347
637     92.4597     94.8077
638     92.4597     94.8112
639     92.4597     94.7787
640     92.4597      94.751
641     92.4597     94.7494
642     92.4597     94.7442
643     92.4597     94.7479
644     92.4597     94.7237
645     92.4597     94.6944
646     92.2369     94.6789
647     92.2369     94.6659
648     92.2369     94.6598
649     92.2369     94.6609
650     92.2369     94.6651
651      91.871     94.6506
652      91.871     94.6246
653      91.871     94.6104
654      91.871     94.5942
655      91.871     94.5698
656      91.871     94.5526
657      91.871     94.5485
658      91.871     94.5358
659      91.871     94.5173
660      91.871     94.4969
661      91.871     94.4856
662      91.871      94.503
663      91.871     94.4882
664      91.871     94.4597
665      91.871     94.4624
666      91.871     94.4477
667      91.871     94.4256
668      91.871     94.4269
669      91.871      94.387
670      91.871     94.3559
671     90.7673     94.3741
672     90.7673     94.3304
673     90.7673     94.3743
674     90.7673     94.3057
675     90.7673     94.2747
676     90.7673     94.2596
677     90.7673     94.2331
678     90.7673     94.2227
679     90.7673     94.1897
680     90.7673     94.1491
681     90.3618     94.1386
682     90.3618     94.1267
683     90.3618     94.1047
684     90.3618     94.1031
685     90.3618     94.0236
686     89.9618     93.9771
687     89.9618     93.9785
688     89.9618     93.9233
689     89.9618     93.8687
690     89.9618     93.8471
691     88.6616      93.809
692     88.6616     93.8233
693     88.6616     93.7309
694     88.6616     93.7096
695     88.6616     93.6783
696     88.6616     93.5981
697     88.6616     93.6004
698     88.6616     93.5231
699     88.6616      93.432
700     88.6616     93.4534
701     88.6616     93.3944
702     88.6616     93.3061
703     88.6616     93.2442
704     88.6616     93.2416
705     88.6616     93.2703
706     88.6146     93.1644
707     88.6146     93.0137
708     88.1142     93.0104
709     88.1142     92.9653
710     88.1142     92.9019
711     88.1142     92.7994
712     88.1142     92.7776
713     88.1142     92.8298
714     87.8964     92.7896
715     87.8964     92.7723
716     87.8964     92.7928
717     87.8964     92.7612
718     87.8964     92.7205
719     87.8964     92.6125
720     87.8964     92.5979
721     87.8964     92.5526
722     87.8964     92.4913
723     87.8964     92.4486
724     87.8964     92.4362
725     87.8964     92.3262
726     87.8964     92.2501
727     87.8964     92.1846
728     87.8964     92.1408
729     87.8964     92.0769
730     87.8964     91.9971
731     87.8964      91.928
732     87.8964     91.8685
733     87.8964     91.7431
734     87.8964     91.7527
735     87.8964     91.6918
736     85.5357     91.6305
737     85.5357     91.5189
738     85.5357     91.3858
739     85.5357     91.2997
740     85.5357     91.2804
741     84.9192     91.2301
742     84.9192     91.0985
743     84.9192     91.0746
744     84.9192     91.0046
745     84.9192     90.9096
746     84.9192     90.7691
747     84.9192     90.6771
748     84.9192      90.671
749     84.9192      90.587
750     84.9192     90.5504
751     84.9192     90.4909
752     84.9192     90.4283
753     84.9192     90.3179
754     84.9192     90.2151
755     84.9192     90.1785
756     84.9192     90.1059
757     84.9192     90.0281
758     84.9192     89.9777
759     83.9913     89.8727
760     83.9913     89.7217
761     83.9913     89.6377
762     83.9913     89.5607
763     83.9913     89.4585
764     83.9913     89.2893
765     83.9913     89.1938
766     83.9913     89.0394
767     83.9913     89.0427
768     83.9913     88.9686
769     83.9913     88.9273
770     83.9913     88.9126
771     83.9913     88.7885
772     83.9913     88.7813
773     83.9913     88.7002
774     83.9913     88.5616
775     83.7263     88.4215
776     83.5046     88.3022
777     83.5046     88.2344
778     83.5046     88.1552
779     83.5046     88.0848
780     83.5046     87.9866
781     83.2128     87.7734
782     83.2128     87.6107
783     83.2128     87.3818
784     83.2128     87.3241
785     83.2128     87.2405
786     83.2482      87.113
787     83.2482     87.0207
788     83.2482     86.9016
789     83.2482     86.7859
790     83.2482     86.7691
791     83.2482     86.6797
792     83.2482     86.5614
793     83.2482     86.4305
794     82.0137      86.294
795     82.0137     86.1763
796     82.0137     86.0305
797     82.0137     86.0515
798     82.0137     85.9734
799     82.0137     85.8729
800     82.0137     85.7748
801     82.0137     85.7013
802     82.0137     85.6165
803     82.0137     85.5646
804     82.0137     85.4482
805     82.0137     85.2843
806     81.5919     85.1442
807     81.5919     85.0489
808     81.5919     85.0036
809     81.5919     84.8234
810     81.5919     84.7564
811     81.5919     84.6629
812     81.5919     84.5602
813     81.5919     84.4461
814     81.5919     84.2831
815     81.5919     84.1619
816     81.5919     84.0425
817     81.5919     83.9166
818     81.5919     83.8609
819     81.5919     83.8017
820     81.5919     83.7098
821     81.5919      83.664
822     80.8944     83.6216
823     80.8944     83.5438
824     80.3371     83.4487
825     80.3371       83.37
826     80.3371     83.3287
827     80.3371     83.2709
828     80.3371     83.2197
829     80.3371     83.2213
830     80.3371     83.1627
831      77.401     83.0863
832      77.401      83.003
833      77.401     82.9386
834      77.401     82.9127
835      77.401     82.8155
836      77.401     82.8016
837      77.401     82.7432
838      77.401      82.688
839      77.401     82.6241
840      77.401     82.5702
841      77.401     82.5355
842      77.401     82.4877
843      77.401     82.4441
844      77.401     82.3975
845      77.401     82.3791
846      77.401     82.3633
847      77.401     82.3255
848      77.401     82.2877
849      77.401     82.2298
850      77.401     82.1923
851      77.401     82.1542
852      77.401     82.1294
853      77.401     82.0769
854      77.401     82.0371
855      77.401     82.0226
856      77.401      81.975
857      77.401      81.926
858      77.401     81.8959
859      77.401     81.8884
860      77.401     81.8411
861      77.401     81.7994
862      77.401     81.7858
863      77.401     81.7551
864      77.401     81.7208
865      77.401     81.7077
866      77.401     81.7087
867      77.401     81.6855
868      77.401     81.6687
869      77.401     81.6264
870      77.401     81.5873
871     76.1975     81.5629
872     76.1975     81.5372
873     76.1975     81.5275
874     76.1975      81.493
875     76.1975     81.4649
876     76.1975     81.4415
877     76.1975     81.4131
878     76.1975     81.3993
879     76.1975     81.3771
880     76.1975     81.3632
881     76.1975     81.3235
882     76.1975      81.307
883     76.1975     81.2995
884     76.1975     81.2821
885     76.1975     81.2663
886     76.1975     81.2525
887     76.1975     81.2374
888     76.1975     81.2239
889     76.1975     81.1954
890     76.1975     81.2239
891     76.1975     81.2114
892     76.1975     81.1885
893     76.1975     81.1745
894     76.1975     81.1861
895     76.1975     81.1758
896     76.1975     81.1712
897     76.1975     81.1956
898     76.1975     81.1805
899     76.1975     81.1636
900     76.1975     81.1631
901     76.1975     81.1599
902     76.1975     81.1372
903     76.1975     81.1198
904     76.1975     81.1115
905     76.1975     81.1173
906     76.1975     81.1123
907     76.1975     81.1343
908     76.1975     81.1162
909     76.1975     81.1132
910     76.1975      81.106
911     76.1975     81.0788
912     76.1975     81.0541
913     76.1975     81.0396
914     76.1975     81.0205
915     76.1975     81.0195
916     76.1975     81.0264
917     76.1975     81.0722
918     76.1975     81.0722
919     76.1975     81.0209
920     76.1975      81.078
921     76.1975     81.0645
922     76.1975     81.0786
923     76.1975      81.071
924     76.1975     81.0495
925     76.1975     81.0685
926     76.1975     81.0233
927     76.1975     81.0313
928     76.1975     80.9941
929     76.1975     80.9777
930     76.1975     80.9677
931     76.1975     80.9903
932     76.1975     80.9659
933     76.1975     80.9997
934     76.1975     80.9874
935     76.1975     80.9901
936     76.1975     81.0111
937     76.1975     80.9492
938     76.1975     80.8631
939     76.1975     80.7581
940     76.1975      80.641
941     75.5658     80.5683
942     75.5658     80.4736
943     75.5658     80.4131
944     75.5658     80.3213
945     75.5658     80.2438
946     75.1177     80.0226
947     75.1177     79.9513
948     75.1177     79.7848
949     75.1177     79.6509
950     75.1177     79.5209
951     74.7057      79.388
952     74.7057     79.1491
953     74.7057     78.8962
954     74.7057     78.7884
955     74.7057     78.5637
956     74.7057     78.3263
957     74.7057     78.1791
958     74.7057     77.9999
959     74.7057     77.7865
960     74.7057      77.554
961     74.7057     77.4201
962     74.7057     77.3092
963     74.7057     77.2304
964     74.7057      77.117
965     74.7057     76.9369
966     74.6192     76.8042
967     74.6192      76.652
968     74.6192     76.4595
969     74.6192     76.3542
970     74.6192     76.2461
971      73.552     76.1232
972      73.552     76.0247
973      73.552     75.9425
974      73.552     75.9066
975      73.552     75.8335
976      73.552     75.8028
977      73.552     75.7413
978      73.552     75.6876
979      73.552     75.6202
980      73.552      75.584
981      73.552     75.5283
982      73.552     75.4713
983      73.552     75.3984
984      73.552     75.3648
985      73.552     75.3175
986     73.5042      75.246
987     73.5042     75.1612
988     73.5042     75.1268
989     73.5042     75.0942
990     73.5042     75.0356
991     73.5042     74.9707
992     73.5042     74.9042
993     73.5042     74.8515
994     73.5042     74.8084
995     73.5042     74.7345
996     73.2406     74.6591
997     73.2406     74.6095
998     73.2406      74.577
999     73.2406     74.5191
1000     71.4822     74.4346
1001     71.4822     74.3879
1002     71.4822     74.3244
1003     71.4822     74.2677
1004     71.4822     74.2258
1005     71.4822     74.1884
1006     71.4822     74.1422
1007     71.4822     74.0721
1008     71.4822     74.0302
1009     71.4822     73.9868
1010     71.4822     73.9574
1011     71.4822     73.9124
1012     71.4822     73.8861
1013     71.4822     73.8208
1014     71.4822     73.7924
1015     71.4822     73.7555
1016     71.4822     73.7332
1017     71.4822     73.7176
1018     71.4822      73.686
1019     71.4822     73.6693
1020     71.4822      73.647
1021     71.4822     73.6262
1022     71.4822     73.5907
1023     71.4822     73.5633
1024     71.4822     73.5424
1025     71.4822     73.5044
1026     71.4822     73.4755
1027     71.4822     73.4612
1028     71.4822     73.4427
1029     71.4822     73.4202
1030     71.4822     73.3956
1031     71.4822     73.3915
1032     71.4822     73.3753
1033     71.4822     73.3565
1034     71.4822     73.3397
1035     71.4822     73.3355
1036     71.4822     73.3314
1037     71.4822     73.3113
1038     71.4822      73.301
1039     71.4822     73.2952
1040     71.4822     73.2853
1041     71.4822     73.2798
1042     71.4822     73.2728
1043     71.4822     73.2735
1044     71.4822     73.2707
1045     71.4822      73.265
1046     71.4822     73.2543
1047     71.4822      73.248
1048     71.4822       73.24
1049     71.4822     73.2511
1050     71.4822     73.2387
1051     71.4822       73.23
1052     71.4822     73.2206
1053     71.4822     73.2152
1054     71.4822     73.2111
1055     71.4822     73.2071
1056     71.4822     73.1992
1057     71.4822      73.196
1058     71.4822     73.1901
1059     71.4822     73.1887
1060     71.4822     73.1845
1061     71.4822      73.182
1062     71.4822     73.1818
1063     71.4822     73.1765
1064     71.4822     73.1726
1065     71.4822     73.1706
1066     71.4822     73.1695
1067     71.4822     73.1687
1068     71.4822     73.1689
1069     71.4822     73.1679
1070     71.4822     73.1662
1071     71.4822     73.1655
1072     71.4822     73.1648
1073     71.4822     73.1642
1074     71.4822     73.1642
1075     71.4822     73.1641
1076     71.4822      73.164
1077     71.4822      73.164
1078     71.4822     73.1639
1079     71.4822     73.1634
1080     71.4822     73.1628
1081     71.4822     73.1614
1082     71.4822     73.1607
1083     71.4822     73.1599
1084     71.4822     73.1593
1085     71.4822     73.1582
1086     71.4822     73.1566
1087     71.4822     73.1556
1088     71.4822     73.1538
1089     71.4822     73.1528
1090     71.4822     73.1512
1091     71.4822     73.1489
1092     71.4822     73.1461
1093     71.4822     73.1433
1094     71.4822     73.1403
1095     71.4822     73.1362
1096     71.4822     73.1277
1097     71.4822     73.1188
1098     71.4822     73.1071
1099     71.4822     73.0949
1100     71.4822     73.0867
1101     71.4822     73.0821
1102     71.4822     73.0806
1103     71.4822     73.0773
1104     71.4822     73.0755
1105     71.4822     73.0686
1106     71.4822     73.0627
1107     71.4822     73.0587
1108     71.4822     73.0524
1109     71.4822     73.0529
1110     71.4822     73.0495
1111     71.4822     73.0473
1112     71.4822     73.0442
1113     71.4822      73.041
1114     71.4822     73.0362
1115     71.4822     73.0356
1116     71.4822     73.0287
1117     71.4822     73.0281
1118     71.4822     73.0225
1119     70.7671     73.0113
1120     70.7671     73.0081
1121     70.7671     72.9949
1122     70.7671     72.9888
1123     70.7671     72.9806
1124     70.7671     72.9712
1125     70.7671     72.9617
1126     70.7671     72.9515
1127     70.7671     72.9441
1128     70.7671     72.9374
1129     70.7671     72.9328
1130     70.7671     72.9258
1131     70.7671     72.9164
1132     70.7671     72.9074
1133     70.7671     72.8993
1134     70.7671      72.895
1135     70.7671     72.9732
1136     70.7671     72.9373
1137     70.7671     72.9415
1138     70.7671     72.8948
1139     70.7671     72.8758
1140     70.7671     72.8633
1141     70.7671     72.8503
1142     70.7671     72.8463
1143     70.7671     72.8482
1144     70.7671     72.8458
1145     70.7671     72.8319
1146     70.7671     72.8305
1147     70.7671     72.8226
1148     70.7671     72.8154
1149     70.7671     72.8076
1150     70.7671     72.8065
1151     70.7671     72.8004
1152     70.7671     72.7962
1153     70.7671     72.8004
1154     70.7671     72.7836
1155     70.7671     72.7766
1156     70.7671     72.7726
1157     70.7671     72.7636
1158     70.7671     72.7657
1159     70.7671     72.7603
1160     70.7671     72.7597
1161     70.7671     72.7545
1162     70.7671     72.7692
1163     70.7671     72.7528
1164     70.7671     72.7493
1165     70.7671     72.7522
1166     70.7671     72.7616
1167     70.7671     72.7589
1168     70.5354     72.7557
1169     70.5354     72.7609
1170     70.5354     72.7521
1171     70.5354     72.7465
1172     70.5354     72.7432
1173     70.5354     72.7391
1174     70.5354      72.738
1175     70.5268     72.7318
1176     70.5268     72.7292
1177     70.5268      72.727
1178     70.5268     72.7279
1179     70.5268     72.7179
1180     70.5268     72.7101
1181     70.5268     72.7182
1182     70.5268     72.7293
1183     70.5268     72.7271
1184     70.5268     72.7389
1185     70.5268     72.7335
1186     70.5268     72.8031
1187     70.5268     72.8204
1188     70.5268      72.772
1189     70.5268     72.8053
1190     70.5268     72.7522
1191     70.5268     72.7991
1192     70.5268     72.7329
1193     70.5268     72.8169
1194     70.5268     72.8275
1195     70.5268     72.7927
1196     70.5268     72.7994
1197     70.5268     72.7983
1198     70.5268     72.8668
1199     70.5268     72.8741
1200     70.5268     72.8379
1201     70.5268     72.8413
1202     70.5268     72.8597
1203     70.5268     72.8287
1204     70.5268     72.8565
1205     70.5268     72.8697
1206     70.5268     72.8535
1207     70.5268      72.877
1208     70.5268     72.8576
1209     70.5268      73.022
1210     70.5268     73.0637
1211     70.5268     73.0721
1212     70.5268     73.0834
1213     70.5268     73.2286
1214     70.5268     73.1767
1215     70.5268     73.3853
1216     70.5268     73.4014
1217     70.5268     73.3489
1218     70.5268     73.2937
1219     70.5268     73.3454
1220     70.5268     73.1471
1221     70.5268     72.9626
1222     70.5268     72.9122
1223     70.5268     72.7138
1224     70.5268     72.6033
1225     70.5268     72.4617
1226     70.5268     72.3506
1227     70.5268     72.2857
1228     70.5268     72.1281
1229     70.5268     72.0858
1230     70.5268     71.9472
1231     70.5268     71.9201
1232     70.5268     71.8139
1233     70.5268     71.6564
1234     70.5268     71.5984
1235     70.5268     71.5116
1236     70.5268     71.4383
1237     70.5268     71.3397
1238     70.5268      71.321
1239     70.5268     71.2355
1240     70.5268     71.1714
1241     70.5268     71.0545
1242     70.5268     70.9965
1243     70.5268     70.9464
1244     70.5268     70.8944
1245     70.5268     70.8396
1246     70.5268     70.7847
1247     70.5268     70.7366
1248     70.5268     70.7005
1249     70.5268     70.6455
1250     70.5268     70.6215
1251     70.5268     70.6015
1252     70.5268      70.583
1253     70.5268     70.5653
1254     70.5268     70.5563
1255     70.5268     70.5552
1256     70.5268     70.5463
1257     70.5268      70.541
1258     70.5268     70.5378
1259     70.5268     70.5344
1260     70.5268     70.5325
1261     70.5268      70.531
1262     70.5268     70.5289
1263     70.5268     70.5284
1264     70.5268     70.5271
1265     70.5268      70.527
1266     70.5268     70.5268
1267     70.5268     70.5268
1268     70.5268     70.5268
1269     70.5268     70.5268
1270     70.5268     70.5268
1271     70.4697     70.5267
1272     70.4697     70.5267
1273     70.4124     70.5264
1274     70.4124     70.5262
1275     70.4124     70.5262
1276     70.4124      70.526
1277     70.4124     70.5255
1278     70.4124     70.5255
1279     70.4124     70.5253
1280     70.4124     70.5251
1281     70.4124     70.5246
1282     70.4124     70.5239
1283     70.4124     70.5232
1284     70.4124     70.5223
1285     70.4124     70.5214
1286     70.4124     70.5198
1287     70.4124     70.5172
1288     70.4124     70.5162
1289     70.4124     70.5114
1290     70.4124     70.5045
1291     70.4124      70.497
1292     70.4124     70.4929
1293     70.4124     70.4907
1294     70.4124     70.4851
1295     70.4124     70.4824
1296     70.4124     70.4792
1297     70.4124     70.4776
1298     70.4124     70.4755
1299     70.4124     70.4721
1300     70.4124     70.4682
1301     70.4124     70.4661
1302     70.4124     70.4655
1303     70.4124     70.4648
1304     70.4124     70.4634
1305     70.4124     70.4589
1306     70.4124     70.4564
1307     70.4124     70.4532
1308     70.4124     70.4507
1309     70.4124     70.4475
1310     70.4124     70.4443
1311     70.4124     70.4404
1312     70.4124     70.4383
1313     70.4124     70.4361
1314     70.4124     70.4347
1315     70.4124     70.4319
1316     70.4124     70.4306
1317     70.4124     70.4258
1318     70.4124     70.4232
1319     70.4124     70.4281
1320     70.4124     70.4205
1321     70.4124     70.4184
1322     70.4124     70.4164
1323     70.4124     70.4126
1324     70.4124     70.4124
1325     70.4124     70.4124
1326     70.4124     70.4124
1327     70.4124     70.4124
1328     70.4124     70.4124
1329     70.4124     70.4124
1330     70.4124     70.4124
1331     70.4124     70.4124
1332     70.4124     70.4164
1333     70.4124     70.4124
1334     70.4124     70.4124
1335     70.4124     70.4124
1336     70.4124     70.4124
1337     70.4124     70.4124
1338     70.4124     70.4124
1339     70.4124     70.4124
1340     70.4124     70.4124
1341     70.4124     70.4124
1342     70.4124     70.4124
1343     70.4124     70.4124
1344     70.4124     70.4124
1345     70.4124     70.4124
1346     70.4124     70.4124
1347     70.4124     70.4124
1348     70.4124     70.4124
1349     70.4124     70.4124
1350     70.4124     70.4124
1351     70.4124     70.4124
1352     70.4124     70.4124
1353     70.4124     70.4124
1354     70.4124     70.4124
1355     70.4124     70.4124
1356     70.4124     70.4124
1357     70.4124     70.4124
1358     70.4124     70.4124
1359     70.4124     70.4124
1360     70.4124     70.4124
1361     70.4124     70.4124
1362     70.4124     70.4124
1363     70.4124     70.4124
1364     70.4124     70.4124
1365     70.4124     70.4124
1366     70.4124     70.4124
1367     70.4124     70.4124
1368     70.4124     70.4124
1369     70.4124     70.4124
1370     70.4124     70.4124
1371     70.4124     70.4124
1372     70.4124     70.4124
1373     70.4124     70.4124
1374     70.4124     70.4124
1375     70.4124     70.4124
1376     70.4124     70.4124
1377     70.4124     70.4124
1378     70.4124     70.4124
1379     70.4124     70.4124
1380     70.4124     70.4124
1381     70.4124     70.4124
1382     70.4124     70.4124
1383     70.4124     70.4124
1384     70.4124     70.4124
1385     70.4124     70.4124
1386     70.4124     70.4124
1387     70.4124     70.4124
1388     70.4124     70.4124
1389     70.4124     70.4124
1390     70.4124     70.4124
1391     70.4124     70.4124
1392     70.4124     70.4124
1393     70.4124     70.4124
1394     70.4124     70.4124
1395     70.4124     70.4124
1396     70.4124     70.4124
1397     70.4124     70.4124
1398     70.4124     70.4124
1399     70.4124     70.4124
1400     70.4124     70.4124
1401     70.3943     70.4123
1402     70.3943     70.4123
1403     70.3943     70.4123
1404     70.3943     70.4122
1405     70.3943     70.4122
1406     70.3943     70.4121
1407     70.3943      70.412
1408     70.3943      70.412
1409     70.3943     70.4119
1410     70.3943     70.4117
1411     70.3943     70.4115
1412     70.3943     70.4115
1413     70.3943     70.4111
1414     70.3943     70.4107
1415     70.3943     70.4104
1416     70.3943     70.4097
1417     70.3943      70.409
1418     70.3943      70.408
1419     70.3943      70.407
1420     70.3943     70.4128
1421     70.3943     70.4062
1422     70.3943     70.4056
1423     70.3943     70.4055
1424     70.3943     70.4049
1425     70.3943     70.4048
1426     70.3943     70.4042
1427     70.3943     70.4036
1428     70.3943     70.4032
1429     70.3943     70.4026
1430     70.3943      70.402
1431     70.2067     70.4013
1432     70.2067     70.4007
1433     70.2067     70.4003
1434     70.2067        70.4
1435     70.1886     70.3992
1436     70.1886     70.3988
1437     70.1886     70.3986
1438     70.1886     70.3979
1439     70.1886     70.3969
1440     70.1886     70.3967
1441     70.1886     70.3958
1442     70.1886     70.3953
1443     70.1886     70.3951
1444     70.1886     70.3951
1445     70.1886     70.3949
1446     70.1886     70.3937
1447     70.1886      70.392
1448     70.1886     70.3907
1449     70.1886     70.3897
1450     70.1886     70.3883
1451     70.1886     70.3877
1452     70.1886     70.3865
1453     70.1886     70.3857
1454     70.1886     70.3845
1455     70.1886     70.3829
1456     70.1886     70.3817
1457     70.1886     70.3788
1458     70.1886     70.3756
1459     70.1886     70.3707
1460     70.1886     70.3653
1461     70.1886      70.356
1462     70.1886     70.3451
1463     70.1886     70.3337
1464     70.1886      70.323
1465     70.1886     70.3164
1466     70.1886     70.3123
1467     70.1886     70.3094
1468     70.1886     70.3052
1469     70.1886     70.3007
1470     70.1886     70.2917
1471     70.1209     70.2829
1472     70.1209     70.2792
1473     70.1209     70.2722
1474     70.1209     70.2642
1475     70.1209     70.2615
1476     70.1209     70.2589
1477     70.1209      70.256
1478     70.1209     70.2493
1479     70.1209     70.2426
1480     70.1209     70.2371
1481     70.1209     70.2311
1482     70.1209     70.2287
1483     70.1209     70.2221
1484     70.1209     70.2144
1485     70.1209     70.2076
1486     70.1209     70.2006
1487     70.1209     70.1898
1488     70.1209     70.1839
1489     70.1209     70.1812
1490     70.1209     70.1791
1491     70.1209     70.1766
1492     70.1209     70.1722
1493     70.1209     70.1686
1494     70.1209     70.1659
1495     70.1209     70.1644
1496     70.1209     70.1607
1497     70.1209      70.159
1498     70.1209     70.1554
1499     70.1209     70.1541
1500     70.1209     70.1534
1501     70.1209     70.1511
1502     70.1209     70.1496
1503     70.1209     70.1484
1504     70.1209     70.1468
1505     70.1209     70.1437
1506     70.1209     70.1424
1507     70.1209      70.142
1508     70.1209     70.1397
1509     70.1209     70.1378
1510     70.1209     70.1376
1511     70.1209     70.1358
1512     70.1209     70.1336
1513     70.1209     70.1323
1514     70.1209     70.1307
1515     70.1209     70.1285
1516     70.1209     70.1255
1517     70.1209     70.1228
1518     70.1209     70.1209
1519     70.1209     70.1209
1520     70.1209     70.1209
1521     69.5389     70.1192
1522     69.5389      70.118
1523     69.5389      70.118
1524     69.5389     70.1157
1525     69.5389     70.1157
1526     69.5389     70.1145
1527     69.5389     70.1145
1528     69.5389     70.1122
1529     69.5389     70.1075
1530     69.5389     70.1029
1531     69.5389     70.0972
1532     69.5389     70.0937
1533     69.5389     70.0865
1534     69.5389     70.0759
1535     69.5389     70.0613
1536     69.5389     70.0394
1537     68.4956      70.012
1538     68.4956     69.9837
1539     68.4956     69.9457
1540     68.4956     69.9273
1541     68.4956     69.9175
1542     68.4956     69.9088
1543     68.4956     69.8913
1544     68.4956     69.8714
1545     68.4956     69.8566
1546     68.4956     69.8427
1547     68.4956     69.8314
1548     68.4956     69.8186
1549     68.4956     69.7985
1550     68.4956      69.788
1551     68.4956     69.7695
1552     68.4956     69.7579
1553     68.4956     69.7451
1554     68.4956     69.7171
1555     68.4956     69.7078
1556     68.4956     69.7003
1557     68.4956     69.6936
1558     68.4956     69.6796
1559     68.4956     69.6614
1560     68.4956     69.6451
1561     68.4956     69.6154
1562     68.4956     69.5976
1563     68.4956     69.5822
1564     68.4956     69.5734
1565     68.4956     69.5451
1566     68.4956     69.5342
1567     68.4956     69.5323
1568     68.4956     69.5314
1569     68.4956     69.5307
1570     68.4956     69.5294
1571     68.4956     69.5275
1572     68.4956     69.5246
1573     68.4956     69.5218
1574     68.4956     69.5182
1575     68.4956     69.5134
1576     68.4956     69.5076
1577     68.4956     69.5006
1578     68.4956     69.4926
1579     68.4956     69.4888
1580     68.4956     69.4818
1581     68.4956     69.4802
1582     68.4956     69.4744
1583     68.4956     69.4731
1584     68.4956      69.468
1585     68.4956     69.4671
1586     68.4956     69.4619
1587     68.4956     69.4575
1588     68.4956     69.4549
1589     68.4956     69.4517
1590     68.4956     69.4437
1591     68.4956     69.4415
1592     68.4956     69.4383
1593     68.4956     69.4357
1594     68.4956     69.4371
1595     68.4956     69.4335
1596     68.4956     69.4303
1597     68.4956     69.4242
1598     68.4956     69.4191
1599     68.4956     69.4156
1600     68.4956     69.4114
1601     68.4956     69.4055
1602     68.4956      69.402
1603     68.4956     69.3968
1604     68.4956      69.392
1605     68.4956     69.3882
1606     68.4956     69.3824
1607     68.4956     69.3815
1608     68.4956     69.3761
1609     68.4956     69.3761
1610     68.4956     69.3761
1611     68.4956     69.3761
1612     68.4956     69.3761
1613     68.4956     69.3761
1614     68.4956     69.3761
1615     68.4956     69.3761
1616     68.4956     69.3761
1617     68.4956     69.3761
1618     68.4956     69.3761
1619     68.4956     69.3761
1620     68.4956     69.3761
1621     68.4956     69.3761
1622     68.4956     69.3761
1623     68.4956     69.3761
1624     68.4956     69.3761
1625     68.4956     69.3761
1626     68.4956     69.3761
1627     68.4956     69.3761
1628     68.4956     69.3761
1629     68.4956     69.3761
1630     68.4956     69.3761
1631     68.4956     69.3758
1632     68.4956     69.3758
1633     68.4956     69.3758
1634     68.4956     69.3758
1635     68.4956     69.3758
1636     68.6545     69.3746
1637     68.6545     69.3746
1638     68.6545     69.3732
1639     68.6545     69.3717
1640     68.6545     69.3717
1641     68.6545     69.3706
1642     68.6545      69.368
1643     68.6545      69.368
1644     68.6545      69.368
1645     68.6545      69.368
1646     68.6545      69.368
1647     68.6545      69.368
1648     68.6545     69.3651
1649     68.6545     69.3637
1650     68.6545     69.3637
1651     68.6545     69.3593
1652     68.6545     69.3593
1653     68.6545     69.3593
1654     68.6545     69.3593
1655     68.6545     69.3593
1656     68.6545     69.3539
1657     68.6545     69.3524
1658     68.6545     69.3498
1659     68.6545     69.3498
1660     68.6545     69.3575
1661     68.6545     69.3455
1662     68.6545     69.3441
1663     68.6545     69.3441
1664     68.6545     69.3465
1665     68.6545     69.3415
1666     68.6545     69.3403
1667     68.6545     69.3389
1668     68.6545     69.3389
1669     68.6545     69.3389
1670     68.6545     69.3389
1671     68.6545      69.336
1672     68.6545     69.3369
1673     68.6545      69.332
1674     68.6545     69.3265
1675     68.6545     69.3251
1676     68.6545     69.3202
1677     68.6545     69.3151
1678     68.6545     69.3139
1679     68.6545     69.3017
1680     68.6545     69.3321
1681     68.6545     69.2896
1682     68.6545     69.2973
1683     68.6545     69.2423
1684     68.6545     69.2022
1685     68.6545     69.1782
1686     68.6545     69.1444
1687     68.6545      69.103
1688     68.6545     69.0719
1689     68.6545     69.0608
1690     68.6545     69.0335
1691     68.6545     68.9908
1692     68.6545     68.9705
1693     68.6545     68.9401
1694     68.6545     68.9256
1695     68.6545      68.914
1696     68.1301     68.8799
1697     68.1301     68.8528
1698     68.1301     68.8261
1699     68.1301     68.8004
1700     68.1301     68.7879
1701     68.1301     68.7793
1702     68.1301      68.762
1703     68.1301      68.743
1704     68.1301     68.7336
1705     68.1301     68.7141
1706     68.1301     68.6929
1707     68.1301     68.6763
1708     68.1301     68.6729
1709     68.1301     68.6416
1710     68.1301     68.6277
1711     68.1301     68.6115
1712     68.1301      68.586
1713     68.1301       68.56
1714     68.1301     68.5296
1715     68.1301     68.5011
1716     67.9965     68.4754
1717     67.9965     68.4572
1718     67.9965     68.4383
1719     67.9965      68.413
1720     67.9965     68.3917
1721     67.9965     68.3744
1722     67.9965     68.3554
1723     67.9965      68.342
1724     67.9965      68.322
1725     67.9965     68.2987
1726     67.9965     68.2876
1727     67.9965     68.2684
1728     67.9965     68.2373
1729     67.9965     68.2201
1730     67.9965     68.1976
1731     67.9965     68.1696
1732     67.9965     68.1456
1733     67.9965     68.1224
1734     67.9965     68.0983
1735     67.9965     68.0804
1736     67.9965     68.0716
1737     67.9965       68.07
1738     67.9965     68.0655
1739     67.9965      68.062
1740     67.9965     68.0572
1741     67.9965     68.0529
1742     67.9965     68.0468
1743     67.9965      68.046
1744     67.9965     68.0425
1745     67.9965     68.0409
1746     67.9965     68.0394
1747     67.9965     68.0354
1748     67.9965     68.0314
1749     67.9965     68.0287
1750     67.9965     68.0237
1751     67.9965     68.0196
1752     67.9965      68.017
1753     67.9965     68.0143
1754     67.9965     68.0103
1755     67.9965     68.0039
1756     67.9965     67.9993
1757     67.9965     67.9965
1758     67.9965     67.9965
1759     67.9965     67.9965
1760     67.9965     67.9965
1761     67.9965     67.9965
1762     67.9965     67.9965
1763     67.9965     67.9965
1764     67.9965     67.9965
1765     67.9965     67.9965
1766     67.9965     67.9965
1767     67.9965     67.9965
1768     67.9965     67.9965
1769     67.9965     67.9965
1770     67.9965     67.9965
1771     67.9965     67.9965
1772     67.9965     67.9965
1773     67.9965     67.9965
1774     67.9965     67.9965
1775     67.9965     67.9965
1776     67.9965     67.9965
1777     67.9965     67.9965
1778     67.9965     67.9965
1779     67.9965     67.9965
1780     67.9965     67.9965
1781     67.9965     67.9965
1782     67.9965     67.9965
1783     67.9965     67.9965
1784     67.9965     67.9965
1785     67.9965     67.9965
1786     67.9965     67.9965
1787     67.9965     67.9965
1788     67.9965     67.9965
1789     67.9965     67.9965
1790     67.9965     67.9965
1791     67.9965     67.9965
1792     67.9965     67.9965
1793     67.9965     67.9965
1794     67.9965     67.9965
1795     67.9965     67.9965
1796     67.9965     67.9965
1797     67.9965     67.9965
1798     67.9965     67.9965
1799     67.9965     67.9965
1800     67.9965     67.9965
1801     67.9965     67.9965
1802     67.9965     67.9965
1803     67.9965     67.9965
1804     67.9965     67.9965
1805     67.9965     67.9965
1806     67.9965     67.9965
1807     67.9965     67.9965
1808     67.9965     67.9965
1809     67.9965     67.9965
1810     67.9965     67.9965
1811     67.8362     67.9962
1812     67.8362     67.9962
1813     67.8362     67.9959
1814     67.8362     67.9953
1815     67.8362     67.9953
1816     67.8362     67.9949
1817     67.8362     67.9943
1818     67.8362     67.9933
1819     67.8362     67.9923
1820     67.8362     67.9913
1821     67.8362     67.9903
1822     67.8362      67.989
1823     67.8362      67.987
1824     67.8362     67.9863
1825     67.8362     67.9847
1826     67.8362     67.9817
1827     67.8362     67.9781
1828     67.8362     67.9715
1829     67.8362      67.964
1830     67.8362     67.9556
1831     67.8362     67.9479
1832     67.8362     67.9402
1833     67.8362     67.9326
1834     67.8362     67.9307
1835     67.8362     67.9262
1836     67.8362     67.9211
1837     67.8362     67.9137
1838     67.8362     67.9073
1839     67.8362     67.9006
1840     67.8362     67.8942
1841     67.8362     67.8916
1842     67.8362     67.8878
1843     67.8362     67.8817
1844     67.8362     67.8727
1845     67.8362     67.8698
1846     67.8362     67.8656
1847     67.8362     67.8599
1848     67.8362     67.8576
1849     67.8362     67.8531
1850     67.8362     67.8512
1851     67.8362     67.8451
1852     67.8362     67.8407
1853     67.8362     67.8368
1854     67.8362     67.8362
1855     67.8362     67.8362
1856     67.8362     67.8362
1857     67.8362     67.8362
1858     67.8362     67.8362
1859     67.8362     67.8362
1860     67.8362     67.8362
1861     67.8362     67.8362
1862     67.8362     67.8362
1863     67.8362     67.8362
1864     67.8362     67.8362
1865     67.8362     67.8362
1866     67.7282     67.8358
1867     67.7282     67.8356
1868     67.7282     67.8356
1869     67.7282     67.8354
1870     67.7282     67.8352
1871     67.7282     67.8349
1872     67.7282     67.8349
1873     67.7282     67.8347
1874     67.5663      67.834
1875     67.5663     67.8338
1876     67.5663     67.8326
1877     67.5663     67.8324
1878     67.5663     67.8319
1879     67.5663     67.8313
1880     67.5663     67.8295
1881     67.5663     67.8277
1882     67.5663     67.8255
1883     67.5663     67.8234
1884     67.5663       67.82
1885     67.5663     67.8161
1886     67.5663     67.8107
1887     67.5663     67.8029
1888     67.5663     67.7991
1889     67.5663     67.7943
1890     67.5663      67.793
1891     67.5663     67.7901
1892     67.5663     67.7868
1893     67.5663     67.7825
1894     67.5663     67.7787
1895     67.5663     67.7769
1896     67.5663      67.775
1897     67.5663     67.7711
1898     67.5663     67.7669
1899     67.5663     67.7642
1900     67.5663     67.7609
1901     67.5663     67.7577
1902     67.5663     67.7542
1903     67.5663      67.751
1904     67.5663     67.7475
1905     67.5663      67.746
1906     67.5663      67.744
1907     67.5663      67.738
1908     67.5663     67.7346
1909     67.5663     67.7322
1910     67.5663     67.7291
1911     67.5663     67.7253
1912     67.5663     67.7238
1913     67.5663     67.7187
1914     67.5663     67.7138
1915     67.5663     67.7101
1916     67.5663     67.7172
1917     67.5663     67.7062
1918     67.5663     67.7026
1919     67.5663     67.6987
1920     67.5663     67.6936
1921     67.5663     67.6884
1922     67.5663       67.68
1923     67.5663     67.6754
1924     67.5663     67.6715
1925     67.5663      67.667
1926     67.5663     67.6612
1927     67.5663     67.6573
1928     67.5663     67.6544
1929     67.5663     67.6502
1930     67.5663     67.6444
1931     67.5663     67.6418
1932     67.5663     67.6392
1933     67.5663     67.6327
1934     67.5663     67.6291
1935     67.5663     67.6233
1936     67.5663     67.6168
1937     67.5663     67.6113
1938     67.5663     67.6062
1939     67.5663     67.6023
1940     67.5663      67.599
1941     67.5663     67.5974
1942     67.5663     67.5955
1943     67.5663     67.5948
1944     67.5663     67.5906
1945     67.5663     67.5848
1946     67.5663     67.5825
1947     67.5663     67.5783
1948     67.5663     67.5729
1949     67.5663     67.5684
1950     67.5663     67.5677
1951     67.3194     67.5654
1952     67.3194     67.5649
1953     67.3194     67.5644
1954     67.3194     67.5644
1955     67.3194     67.5634
1956     67.3194     67.5624
1957     67.3194     67.5609
1958     67.3194     67.5595
1959     67.3194      67.559
1960     67.3194     67.5577
1961     67.3194     67.5558
1962     67.0461      67.552
1963     67.0461     67.5484
1964     67.0461     67.5454
1965     67.0461     67.5393
1966     67.0461      67.535
1967     67.0461     67.5305
1968     67.0461     67.5226
1969     67.0461     67.5132
1970     67.0461     67.5011
1971     67.0461     67.4933
1972     67.0461     67.4806
1973     67.0461     67.4768
1974     67.0461     67.4713
1975     67.0461     67.4613
1976     67.0461     67.4586
1977     67.0461     67.4491
1978     67.0461     67.4456
1979     67.0461     67.4321
1980     67.0461     67.4242
1981     67.0461     67.4185
1982     67.0461     67.4123
1983     67.0461     67.4044
1984     67.0461     67.3921
1985     67.0461      67.385
1986     67.0461      67.372
1987     67.0461     67.3591
1988     67.0461     67.3508
1989     67.0461     67.3315
1990     67.0461     67.3106
1991     67.0461     67.2873
1992     67.0461     67.2688
1993     67.0461     67.2665
1994     67.0461      67.255
1995     67.0461     67.2467
1996     67.0461     67.2305
1997     67.0461     67.2076
1998     67.0461     67.1857
1999     67.0461     67.1732
