T:   H:   H_ERR:   MU:   SIGMA:
        3.94    0.219131   0.0117588    0.906836    0.954708
      3.8809     0.59774   0.0150107    0.984817    0.986494
     3.82269     0.59774   0.0150107    0.984817    0.986494
     3.76535    0.466521   0.0138694    0.942698    0.997525
     3.70887    0.100676  0.00901741    0.890438    0.929448
     3.65323   -0.183601   0.0052184    0.837966    0.837515
     3.59843     0.10199  0.00870264    0.924584     0.89494
     3.54446  0.00155389  0.00661302    0.967291    0.818936
     3.49129   -0.135242  0.00660782    0.890728    0.821027
     3.43892   -0.338274  0.00384018    0.853324    0.737564
     3.38734   -0.235954  0.00601007    0.865884    0.796542
     3.33653   -0.382384  0.00249751    0.805929    0.720982
     3.28648   -0.359831  0.00289931    0.777649    0.748712
     3.23718   -0.345847  0.00345648    0.689993    0.764836
     3.18863   -0.363747   0.0019434    0.662931    0.726896
      3.1408    -0.31441  0.00241332    0.597972    0.789613
     3.09368   -0.278413   0.0048667    0.677641    0.849718
     3.04728   -0.305213  0.00333872    0.626168    0.817559
     3.00157   -0.342465  0.00267039    0.701048    0.774992
     2.95655   -0.365129  0.00234806    0.696152    0.738332
      2.9122   -0.322328  0.00403171    0.769042    0.784006
     2.86851   -0.379094  0.00210803     0.76252    0.730786
     2.82549   -0.308005  0.00376124    0.747011     0.79973
      2.7831   -0.354825  0.00242128    0.697289    0.761577
     2.74136    -0.29933  0.00343102     0.63703    0.840834
     2.70024   -0.203159   0.0060875    0.707814    0.902312
     2.65973   -0.302955  0.00327857    0.647308    0.824194
     2.61984   -0.329246  0.00250094     0.61649    0.764238
     2.58054   -0.294235   0.0022319     0.55565    0.735021
     2.54183   -0.232919  0.00174356     0.49776    0.688789
      2.5037   -0.222248  0.00217493    0.502225    0.667715
     2.46615   -0.190936  0.00183045    0.511756    0.598179
     2.42916   -0.268016  0.00179989    0.575468    0.576667
     2.39272   -0.331644  0.00152679    0.620561    0.594425
     2.35683    -0.36213   0.0016893    0.686321    0.545158
     2.32148   -0.348806  0.00179472    0.658184    0.554404
     2.28665   -0.413695  0.00104185     0.70682    0.608326
     2.25235   -0.420486  0.00119956    0.722781    0.614251
     2.21857   -0.411616  0.00128274    0.701273     0.62592
     2.18529   -0.382918  0.00167604    0.677619    0.684299
     2.15251   -0.368148  0.00112563    0.647151    0.633838
     2.12022   -0.316315  0.00165725    0.589742    0.692408
     2.08842   -0.280359  0.00137838    0.568343    0.621839
     2.05709   -0.300328  0.00157843    0.585557     0.62194
     2.02624   -0.334165  0.00153857    0.610524    0.644689
     1.99584   -0.327001  0.00164436    0.601925    0.648349
     1.96591   -0.361561  0.00139147    0.642241    0.675017
     1.93642   -0.323097  0.00114034    0.596615    0.666986
     1.90737   -0.247586  0.00168713    0.535826    0.632466
     1.87876    -0.19716  0.00222987    0.493835    0.642813
     1.85058   -0.184122  0.00201667     0.51742    0.578407
     1.82282   -0.276225  0.00159538    0.565607    0.624962
     1.79548   -0.225397  0.00227546    0.509553    0.655678
     1.76855   -0.223393  0.00181268     0.47052    0.721593
     1.74202   -0.258353  0.00207919    0.533034    0.665159
     1.71589   -0.198763  0.00212192    0.492599    0.643133
     1.69015   -0.215048  0.00179236    0.523333    0.611625
      1.6648   -0.231052  0.00178026    0.507526    0.669457
     1.63983   -0.248714  0.00187224     0.49706    0.727856
     1.61523   -0.213772   0.0019424    0.454001    0.723135
       1.591   -0.204731  0.00246656    0.415093     0.75982
     1.56713   -0.181963  0.00245541    0.412791    0.728482
     1.54363   -0.139909  0.00227988    0.389863    0.706079
     1.52047  -0.0278621  0.00253457    0.332371    0.665477
     1.49767  -0.0396585  0.00269911    0.344496    0.667576
      1.4752   -0.152833  0.00241507    0.402968    0.705067
     1.45307   -0.164955  0.00209863    0.386592    0.736063
     1.43128  -0.0938552  0.00270992    0.347119    0.700081
     1.40981    -0.10978  0.00233166    0.395564    0.675769
     1.38866   -0.103056   0.0026146    0.435587    0.624337
     1.36783  -0.0657061  0.00231915     0.43167    0.595244
     1.34731   -0.131514   0.0020472    0.470852    0.599959
      1.3271   -0.119699  0.00207503    0.491224    0.552901
      1.3072  -0.0753439  0.00240558    0.471967    0.543727
     1.28759  -0.0985427  0.00207039    0.476561    0.556368
     1.26828  -0.0554427  0.00262955    0.422796    0.598372
     1.24925   -0.114496  0.00220973    0.465947    0.589172
     1.23051   -0.190533  0.00179514    0.505622    0.609966
     1.21205    -0.19512  0.00188605    0.487155    0.655215
     1.19387   -0.207233  0.00200339    0.459055    0.709615
     1.17597   -0.246469  0.00245644    0.486239    0.738705
     1.15833   -0.263431  0.00233053     0.51379    0.740743
     1.14095   -0.261372  0.00215264    0.484816    0.786142
     1.12384   -0.243069  0.00232987    0.469959    0.762579
     1.10698   -0.225045  0.00169884    0.473394    0.716076
     1.09037   -0.218824  0.00181091    0.433165    0.752225
     1.07402   -0.218824  0.00181091    0.433165    0.752225
     1.05791   -0.171689  0.00206997    0.422014     0.70835
     1.04204   -0.112368  0.00255637    0.407057    0.663386
     1.02641  -0.0994421   0.0024578    0.415641    0.644979
     1.01101   -0.143813  0.00202165    0.462127    0.627766
    0.995848  -0.0926175  0.00249565    0.444649    0.596005
    0.980911  -0.0573143  0.00243612    0.395785    0.629745
    0.966197  -0.0454913  0.00227361    0.365498     0.65325
    0.951704  -0.0365612  0.00309028    0.325451    0.674095
    0.937428  -0.0488093  0.00245034    0.366875    0.652102
    0.923367  -0.0418928  0.00241254    0.392828    0.623473
    0.909516  -0.0418928  0.00241254    0.392828    0.623473
    0.895874  -0.0671606  0.00242183    0.395342    0.640336
    0.882436  -0.0532888  0.00265706    0.401221    0.624164
    0.869199   0.0378349  0.00340116    0.375008    0.588242
    0.856161   0.0738638  0.00255218    0.390926    0.545708
    0.843319   0.0738638  0.00255218    0.390926    0.545708
    0.830669   0.0397955  0.00289582    0.436271    0.507089
    0.818209    0.181349  0.00350005    0.394422    0.476087
    0.805936    0.155952   0.0029879    0.420009    0.452663
    0.793847    0.165172  0.00337662    0.460882    0.412843
    0.781939    0.229037  0.00360899    0.436118    0.406966
     0.77021   0.0744992  0.00268262    0.465263    0.446791
    0.758657   0.0786603   0.0028622    0.433916    0.481487
    0.747277 -0.00089963  0.00245981    0.465895    0.487618
    0.736068 -0.00110953  0.00299733     0.44432    0.525238
    0.725027  -0.0826982  0.00225693    0.482129    0.534696
    0.714151   -0.102684  0.00243992    0.509709    0.505769
    0.703439     -0.1337  0.00246005    0.513748    0.527425
    0.692888   -0.165328  0.00231006    0.550858    0.501694
    0.682494  -0.0826155  0.00259536    0.531123    0.473292
    0.672257  -0.0993881  0.00230199    0.505129    0.509077
    0.662173   -0.119479  0.00227625     0.52218    0.500225
     0.65224   -0.132695  0.00221805    0.548889    0.483174
    0.642457   -0.123308  0.00217262    0.511283    0.521172
     0.63282   -0.122434  0.00242524    0.520167    0.510911
    0.623328    -0.14876  0.00269493    0.546694    0.496918
    0.613978   -0.154548  0.00203537    0.577334    0.478626
    0.604768   -0.115373  0.00314253    0.590757    0.458783
    0.595696   -0.042564  0.00387764    0.582222    0.439679
    0.586761   -0.173936  0.00306098    0.619577    0.471834
     0.57796   -0.171846  0.00241725    0.611662    0.474222
     0.56929   -0.152995  0.00293641    0.618485    0.465278
    0.560751   -0.149538  0.00360071    0.617041    0.462591
     0.55234   -0.150039  0.00393553    0.625619    0.462637
    0.544055   -0.150039  0.00393553    0.625619    0.462637
    0.535894    -0.15639  0.00383248    0.661139    0.460234
    0.527855   -0.128395   0.0034831    0.650259     0.45434
    0.519937   -0.192946  0.00294667    0.641131    0.474008
    0.512138  -0.0681196  0.00413075    0.612349    0.441426
    0.504456   -0.125922  0.00310087    0.624242    0.455136
    0.496889    -0.13346  0.00377629    0.643646    0.454911
    0.489436  -0.0526869   0.0044798    0.673836    0.438833
    0.482095   -0.189146   0.0030153    0.677483    0.467489
    0.474863   -0.260588  0.00273374    0.702949    0.487841
     0.46774   -0.252379  0.00320145    0.713767    0.486656
    0.460724   -0.314637  0.00279295    0.733309    0.506404
    0.453813   -0.242706  0.00309646    0.739519    0.484981
    0.447006   -0.241243  0.00330348        0.71    0.484527
    0.440301   -0.103528  0.00468245    0.732493    0.451575
    0.433696   -0.207566  0.00348014    0.704927    0.473608
    0.427191   -0.244912  0.00267581    0.677493       0.486
    0.420783   -0.318186  0.00229891    0.693591    0.513636
    0.414471   -0.379455  0.00164954    0.719848    0.543609
    0.408254   -0.329282  0.00284244    0.713727    0.514196
    0.402131   -0.281966  0.00293342    0.684345    0.499677
    0.396099   -0.205764  0.00333377    0.672516    0.473935
    0.390157   -0.265415  0.00216309     0.64238    0.504723
    0.384305   -0.288294  0.00227034    0.649454    0.512249
     0.37854   -0.288294  0.00227034    0.649454    0.512249
    0.372862   -0.270645  0.00262276    0.667502    0.498851
    0.367269   -0.325013  0.00207956    0.679376    0.520899
     0.36176   -0.355743  0.00170554    0.688233     0.53948
    0.356334    -0.34386  0.00179179    0.663811    0.546303
    0.350989    -0.35616  0.00164368    0.677357     0.54749
    0.345724   -0.386471  0.00131111    0.686679    0.573883
    0.340538   -0.369541  0.00175393     0.67679    0.561219
     0.33543   -0.372528  0.00123305    0.666529    0.588824
    0.330398    -0.38207   0.0011924    0.691718    0.560366
    0.325442   -0.392287  0.00156059     0.69862    0.568827
    0.320561   -0.383842  0.00147297    0.681298    0.575243
    0.315752   -0.398025  0.00114705    0.704696    0.574613
    0.311016   -0.397475  0.00121239    0.696928    0.576763
    0.306351   -0.387933 0.000970311    0.675426    0.595002
    0.301756   -0.379382   0.0010923    0.663543     0.60578
    0.297229   -0.397532 0.000957947    0.683215    0.608007
    0.292771   -0.411787  0.00102535    0.702398    0.633414
    0.288379   -0.404304  0.00101883    0.690774     0.62077
    0.284054   -0.418435 0.000968319     0.71601    0.604355
    0.279793   -0.402463  0.00132946    0.698911    0.585641
    0.275596   -0.386014  0.00137018    0.673324    0.592434
    0.271462   -0.381739  0.00131479    0.685206    0.569906
     0.26739   -0.403938  0.00111171    0.699601    0.593825
    0.263379   -0.407683 0.000876391    0.711334    0.587628
    0.259429   -0.427071  0.00100163    0.735521    0.601366
    0.255537   -0.415485  0.00115745    0.724709    0.582795
    0.251704    -0.40715  0.00110592    0.707974    0.583237
    0.247928   -0.396152  0.00125256    0.684939     0.59881
     0.24421   -0.375323  0.00146047    0.672126    0.574102
    0.240546   -0.389631  0.00123324    0.689857    0.577564
    0.236938   -0.384448  0.00131129    0.683601    0.573095
    0.233384   -0.374392  0.00127283    0.663925    0.595096
    0.229883   -0.378995  0.00116237    0.663042    0.605888
    0.226435   -0.362987  0.00124111    0.650342    0.589103
    0.223039   -0.352111  0.00108994    0.636441     0.60101
    0.219693   -0.338019  0.00118534    0.620774    0.609884
    0.216398   -0.330708  0.00134509    0.613951    0.613722
    0.213152   -0.352042  0.00143005    0.630913    0.623901
    0.209954   -0.370002  0.00126626    0.647949    0.627738
    0.206805   -0.373916  0.00100721    0.653472    0.637174
    0.203703    -0.36674  0.00123826    0.644847    0.654329
    0.200647   -0.374411  0.00142323    0.655192    0.662291
    0.197638   -0.383385  0.00130221    0.667461    0.654957
    0.194673   -0.388612  0.00136793    0.677663    0.674873
    0.191753   -0.390239  0.00122895    0.673751    0.654446
    0.188877   -0.375218  0.00124967    0.656499    0.648962
    0.186044   -0.373632  0.00119846    0.649598    0.638809
    0.183253    -0.36888  0.00118926    0.648967    0.619472
    0.180504   -0.347895  0.00153071    0.633803    0.598386
    0.177797   -0.344396  0.00118337    0.629079    0.601256
     0.17513   -0.361408  0.00132784    0.642221     0.61779
    0.172503    -0.36035  0.00127812    0.638282    0.628132
    0.169915   -0.351183 0.000901172    0.626946    0.637792
    0.167366   -0.367026  0.00111747    0.644445      0.6526
    0.164856   -0.350946  0.00149129    0.627752    0.650598
    0.162383   -0.347163   0.0013527    0.621965    0.645165
    0.159947   -0.341876  0.00131338    0.618857    0.648743
    0.157548   -0.353824   0.0013933    0.631339    0.634323
    0.155185   -0.349785  0.00142349    0.631676    0.626232
    0.152857    -0.34563  0.00140606    0.626235    0.614772
    0.150564   -0.341668  0.00152876    0.620818    0.626059
    0.148306    -0.35249  0.00148293    0.628629    0.644955
    0.146081   -0.358902  0.00134489    0.635623    0.639855
     0.14389   -0.351445  0.00141259    0.632176    0.621652
    0.141732   -0.349107  0.00123354    0.626028    0.635041
    0.139606   -0.351116  0.00146398    0.630612    0.622967
    0.137512   -0.344361  0.00127201    0.623202    0.627431
    0.135449   -0.334554  0.00126664    0.614864    0.624646
    0.133417   -0.316559  0.00144939    0.601461    0.607611
    0.131416   -0.321701   0.0013856    0.612028    0.590952
    0.129445   -0.336583  0.00138742    0.627821    0.589561
    0.127503   -0.327654  0.00141932    0.621383    0.584198
     0.12559   -0.346336  0.00154348     0.63302     0.59288
    0.123707   -0.345461   0.0013831    0.630447    0.608928
    0.121851   -0.359338  0.00135936    0.643761    0.597893
    0.120023   -0.352962  0.00120397    0.637534    0.597037
    0.118223   -0.348429  0.00129161     0.64135    0.580453
     0.11645   -0.353312  0.00149817    0.643361    0.589542
    0.114703   -0.366617  0.00145391    0.657768    0.586454
    0.112982   -0.363169  0.00113943    0.649912    0.592014
    0.111288   -0.369333  0.00116703    0.652958     0.60619
    0.109618   -0.380062  0.00137689    0.664318     0.59683
    0.107974   -0.366837  0.00128338    0.654357    0.597526
    0.106354   -0.357843  0.00134294    0.643933    0.594533
    0.104759    -0.35319    0.001543     0.64763    0.579087
    0.103188   -0.346463   0.0014125    0.643527    0.575811
     0.10164   -0.354325  0.00173566    0.658279    0.563294
    0.100115   -0.360496  0.00148588    0.671852     0.55547
   0.0986135   -0.355975  0.00192668    0.658398    0.564499
   0.0971343   -0.347107  0.00188833    0.658073    0.554431
   0.0956773   -0.342936  0.00142254    0.656308    0.551121
   0.0942421   -0.342936  0.00142254    0.656308    0.551121
   0.0928285   -0.335357  0.00170669     0.66285     0.53751
   0.0914361   -0.344594  0.00172407    0.665893    0.541736
   0.0900645   -0.353043  0.00161241    0.669597    0.547138
   0.0887136   -0.348569  0.00187926    0.669296    0.543332
   0.0873829   -0.345257  0.00158776    0.668322    0.541836
   0.0860721   -0.357951     0.00159    0.682589    0.542621
    0.084781   -0.354631  0.00158203    0.670014    0.550907
   0.0835093   -0.369663  0.00128803    0.671949    0.564987
   0.0822567   -0.369206  0.00142133    0.664389    0.574683
   0.0810228   -0.374647  0.00130166    0.667664    0.579535
   0.0798075   -0.379986  0.00131804    0.674215    0.578808
   0.0786104   -0.378704  0.00147754    0.677945    0.572049
   0.0774312   -0.387129  0.00129631     0.68428    0.579055
   0.0762698   -0.394986   0.0013044    0.696856    0.577204
   0.0751257   -0.406304  0.00106918    0.704333    0.588327
   0.0739988   -0.413285  0.00120599    0.716885    0.591139
   0.0728888   -0.413458 0.000954472    0.710276    0.600069
   0.0717955   -0.416886  0.00128243    0.718005     0.59052
   0.0707186   -0.416886  0.00128243    0.718005     0.59052
   0.0696578   -0.411668  0.00117848    0.719176    0.580556
   0.0686129   -0.405921  0.00132741    0.720625    0.574284
   0.0675837   -0.401464  0.00136402    0.708164    0.575229
     0.06657   -0.397708  0.00153632    0.708403    0.567263
   0.0655714   -0.392776   0.0016316    0.718783    0.555528
   0.0645879   -0.385672  0.00150661    0.721296    0.548143
    0.063619   -0.376818  0.00191279    0.721192    0.540258
   0.0626648   -0.369835  0.00206746    0.729946    0.533779
   0.0617248   -0.353869  0.00206011    0.740179    0.525014
   0.0607989   -0.341516  0.00193277    0.737805    0.519247
   0.0598869   -0.370662  0.00177763    0.745346    0.530318
   0.0589886   -0.361114  0.00211821    0.744906     0.52546
   0.0581038   -0.349839  0.00227436    0.747019    0.518802
   0.0572322   -0.366907  0.00187468    0.755326    0.527819
   0.0563738   -0.360589  0.00235902    0.746166     0.52555
   0.0555282   -0.335219  0.00224816    0.752471    0.514522
   0.0546952   -0.338833  0.00255554     0.76242    0.514334
   0.0538748   -0.349036  0.00229405    0.761926    0.520917
   0.0530667   -0.349036  0.00229405    0.761926    0.520917
   0.0522707   -0.331947  0.00200802    0.753852    0.512132
   0.0514866   -0.304606  0.00230698    0.758371    0.501825
   0.0507143   -0.300304  0.00303794    0.754588    0.500938
   0.0499536   -0.322238  0.00287122     0.74391    0.509254
   0.0492043   -0.337693  0.00247043    0.753901    0.513269
   0.0484662   -0.328067  0.00256047    0.748989    0.508649
   0.0477392   -0.323144  0.00190963    0.754187    0.509801
   0.0470232   -0.325018  0.00246622    0.744716    0.511036
   0.0463178   -0.340234  0.00229039    0.738526    0.516348
    0.045623   -0.339572  0.00234249    0.737089    0.513753
   0.0449387    -0.32336   0.0026315    0.729391    0.509777
   0.0442646   -0.303776  0.00275309    0.731512    0.502251
   0.0436006   -0.312038  0.00321135    0.731146    0.505566
   0.0429466   -0.315775  0.00268622    0.724099    0.508673
   0.0423024   -0.315775  0.00268622    0.724099    0.508673
   0.0416679   -0.308457  0.00264424    0.730067    0.505599
   0.0410429   -0.317535  0.00269263    0.732876    0.506131
   0.0404272   -0.292175  0.00316692    0.732536     0.49743
   0.0398208   -0.292675  0.00311226    0.724504    0.497611
   0.0392235   -0.271348  0.00300827    0.719211    0.492494
   0.0386352   -0.286502  0.00280928    0.723137    0.495648
   0.0380556   -0.290269  0.00264962     0.71866    0.498653
   0.0374848   -0.289812  0.00281011     0.71672    0.497249
   0.0369225   -0.296471   0.0029791     0.72185    0.500365
   0.0363687   -0.296471   0.0029791     0.72185    0.500365
   0.0358232   -0.311361  0.00245904    0.713276    0.508545
   0.0352858   -0.329801  0.00222143    0.718939     0.51515
   0.0347565   -0.336332  0.00218921     0.71526    0.518342
   0.0342352   -0.341941  0.00246906    0.709531    0.520305
   0.0337217   -0.341941  0.00246906    0.709531    0.520305
   0.0332158   -0.342799  0.00234039    0.709125    0.522775
   0.0327176   -0.359329  0.00198872    0.711343    0.531525
   0.0322268   -0.369679  0.00214002    0.714461    0.540229
   0.0317434   -0.379361  0.00183694    0.720218    0.545001
   0.0312673   -0.388616  0.00165664     0.72178    0.551472
   0.0307983   -0.387724   0.0013936    0.716468    0.549838
   0.0303363   -0.393456  0.00149506    0.721595    0.552277
   0.0298812   -0.395751  0.00184344    0.721019    0.557444
    0.029433    -0.38747  0.00149456    0.713988    0.554012
   0.0289915    -0.38992  0.00134721    0.722453     0.55022
   0.0285567   -0.385547  0.00158703     0.72182    0.549425
   0.0281283   -0.383847   0.0018009    0.713636    0.546799
   0.0277064   -0.384048  0.00143812    0.714462    0.551834
   0.0272908    -0.39368  0.00168572    0.711244    0.558425
   0.0268814    -0.39368  0.00168572    0.711244    0.558425
   0.0264782   -0.397126  0.00113292    0.710488    0.566205
    0.026081   -0.405232  0.00121765    0.717833    0.570785
   0.0256898   -0.408694  0.00112895    0.718313    0.578485
   0.0253045   -0.415632  0.00108557    0.725826    0.580826
   0.0249249   -0.411916  0.00119442    0.722928    0.579292
    0.024551   -0.414618  0.00101115    0.723378    0.581428
   0.0241828   -0.414618  0.00101115    0.723378    0.581428
     0.02382   -0.418407   0.0012001    0.730517     0.58411
   0.0234627   -0.422087  0.00128486    0.730063    0.589908
   0.0231108   -0.418914   0.0010592    0.730686    0.584948
   0.0227641    -0.41851  0.00124938    0.736158    0.577485
   0.0224227    -0.41851  0.00124938    0.736158    0.577485
   0.0220863   -0.422199  0.00113537     0.74271    0.579929
    0.021755   -0.422199  0.00113537     0.74271    0.579929
   0.0214287   -0.423316  0.00121202    0.746008    0.577394
   0.0211073   -0.417098  0.00138677    0.745522    0.571374
