#     BLOCK:   ACTUAL_M:     M_AVE:       ERROR:
           1    0.872612    0.872612           0
           2    0.887403    0.880007  0.00522934
           3    0.907728    0.889247  0.00831102
           4    0.916266    0.896002   0.0085483
           5    0.911835    0.899169  0.00740195
           6     0.88034    0.896031  0.00680103
           7    0.893876    0.895723  0.00583641
           8    0.899431    0.896186  0.00512524
           9    0.884966     0.89494  0.00470496
          10    0.884511    0.893897  0.00434851
          11    0.887023    0.893272  0.00399784
          12     0.92077    0.895563  0.00427122
          13    0.883399    0.894628  0.00404387
          14    0.889773    0.894281  0.00376986
          15    0.903045    0.894865  0.00356352
          16    0.857534    0.892532  0.00403295
          17    0.899865    0.892963  0.00381871
          18      0.9134    0.894099  0.00377156
          19    0.939054    0.896465  0.00425094
          20    0.806682    0.891976  0.00595429
           1    0.727806    0.727806           0
           2     0.74827    0.738038  0.00723512
           3     0.76328    0.746452  0.00839409
           4    0.768083     0.75186  0.00784645
           5     0.67462    0.736412   0.0151761
           6    0.759932    0.740332   0.0131433
           7    0.688194    0.732883   0.0132086
           8    0.698553    0.728592   0.0122348
           9    0.762018    0.732306   0.0114252
          10    0.734348     0.73251   0.0102845
          11    0.709102    0.730382  0.00956714
          12    0.782852    0.734755  0.00971781
          13    0.750162     0.73594  0.00904228
          14    0.783799    0.739358  0.00901949
          15    0.753341    0.740291  0.00846622
          16    0.729969    0.739645  0.00796162
          17      0.6935    0.736931  0.00794255
          18    0.756944    0.738043  0.00757872
          19    0.714829    0.736821  0.00727766
          20    0.733728    0.736666  0.00691542
           1    0.524702    0.524702           0
           2    0.550078     0.53739  0.00897177
           3     0.52805    0.534277  0.00649891
           4    0.556582    0.539853  0.00686135
           5    0.571032    0.546089  0.00782548
           6    0.553957      0.5474   0.0066302
           7    0.519813    0.543459  0.00675347
           8    0.556385    0.545075  0.00609951
           9    0.526574    0.543019  0.00575779
          10    0.566554    0.545373  0.00564252
          11    0.523574    0.543391  0.00546649
          12    0.527786    0.542091   0.0051633
          13    0.560488    0.543506  0.00495627
          14    0.539802    0.543241  0.00460931
          15    0.588668     0.54627  0.00520266
          16    0.561147    0.547199  0.00495989
          17    0.545103    0.547076  0.00466967
          18    0.544503    0.546933  0.00441243
          19    0.530388    0.546062  0.00426526
          20    0.565882    0.547053  0.00416553
           1    0.423564    0.423564           0
           2    0.389305    0.406434   0.0121125
           3    0.388908    0.400592  0.00937858
           4     0.40824    0.402504  0.00722617
           5     0.41759    0.405521   0.0063798
           6    0.421263    0.408145  0.00583105
           7    0.386889    0.405108  0.00573446
           8    0.407416    0.405397   0.0050249
           9    0.426064    0.407693  0.00496365
          10    0.422913    0.409215  0.00469484
          11    0.392236    0.407672  0.00451465
          12    0.398561    0.406912  0.00420178
          13    0.391852    0.405754  0.00403511
          14    0.383782    0.404185  0.00404059
          15    0.400871    0.403964  0.00377726
          16    0.397254    0.403544  0.00356438
          17    0.417694    0.404377  0.00345052
          18    0.398262    0.404037   0.0032755
          19    0.367878    0.402134  0.00361391
          20    0.382811    0.401168  0.00356002
           1    0.314669    0.314669           0
           2    0.289397    0.302033    0.008935
           3    0.278177    0.294081  0.00881117
           4    0.277206    0.289862  0.00755109
           5    0.282542    0.288398  0.00618118
           6    0.289198    0.288531  0.00515242
           7    0.289917    0.288729  0.00442016
           8    0.298564    0.289959  0.00403499
           9    0.286064    0.289526  0.00360978
          10    0.298159    0.290389  0.00335045
          11    0.303932     0.29162  0.00326425
          12    0.282296    0.290843  0.00308333
          13    0.289108     0.29071  0.00284904
          14    0.269475    0.289193  0.00302244
          15    0.282467    0.288745  0.00285401
          16    0.281805    0.288311  0.00270839
          17    0.284872    0.288109  0.00255662
          18    0.280284    0.287674  0.00245126
          19    0.290239    0.287809  0.00232596
          20    0.290901    0.287964   0.0022148
           1    0.203729    0.203729           0
           2    0.221242    0.212485  0.00619171
           3    0.208724    0.211231  0.00425284
           4    0.208514    0.210552  0.00324343
           5    0.211382    0.210718  0.00259899
           6     0.22541    0.213167  0.00311248
           7    0.226956    0.215137   0.0032316
           8    0.215369    0.215166  0.00282778
           9    0.210392    0.214635  0.00256284
          10     0.23595    0.216767  0.00306738
          11    0.228591    0.217842  0.00297092
          12    0.223844    0.218342  0.00276513
          13    0.211968    0.217852  0.00259554
          14    0.222392    0.218176  0.00243032
          15    0.217604    0.218138  0.00226859
          16    0.203516    0.217224  0.00230354
          17    0.232214    0.218106   0.0023307
          18    0.214011    0.217878  0.00221229
          19    0.212483    0.217594    0.002114
          20    0.207908     0.21711  0.00206304
           1    0.167922    0.167922           0
           2    0.184541    0.176231  0.00587563
           3     0.17964    0.177367  0.00402542
           4    0.174764    0.176717  0.00307122
           5    0.164828    0.174339  0.00324956
           6    0.167502      0.1732  0.00290086
           7    0.170578    0.172825  0.00251051
           8    0.166441    0.172027  0.00232005
           9    0.164747    0.171218  0.00219877
          10    0.163376    0.170434  0.00211414
          11    0.167922    0.170206  0.00193423
          12    0.170305    0.170214  0.00177306
          13     0.16927    0.170141  0.00163816
          14    0.167726    0.169969  0.00153021
          15    0.164053    0.169574  0.00147814
          16    0.168446    0.169504  0.00138744
          17    0.175412    0.169851  0.00134865
          18    0.174414    0.170105  0.00129733
          19    0.165996    0.169889  0.00124694
          20    0.176331    0.170211  0.00122549
           1     0.14201     0.14201           0
           2    0.133695    0.137853  0.00294001
           3    0.139799    0.138501  0.00203035
           4    0.130903    0.136602  0.00224167
           5    0.131555    0.135592  0.00200778
           6     0.12773    0.134282   0.0020568
           7    0.137171    0.134695  0.00180391
           8    0.141542    0.135551  0.00176986
           9    0.129839    0.134916  0.00168314
          10    0.136734    0.135098  0.00152461
          11    0.124243    0.134111  0.00167521
          12    0.149614    0.135403  0.00197183
          13     0.13978     0.13574  0.00184867
          14    0.141354    0.136141  0.00175958
          15    0.126617    0.135506  0.00175309
          16    0.133885    0.135404  0.00164645
          17     0.14459    0.135945  0.00163585
          18    0.128784    0.135547  0.00159261
          19    0.137546    0.135652  0.00151226
          20    0.142557    0.135997  0.00147552
           1     0.11453     0.11453           0
           2    0.111413    0.112972  0.00110196
           3    0.106078    0.110674   0.0020148
           4    0.111473    0.110874  0.00152098
           5    0.119159    0.112531  0.00191758
           6    0.105953    0.111434  0.00188548
           7     0.11164    0.111464  0.00161635
           8    0.114838    0.111886  0.00146831
           9    0.118775    0.112651  0.00149142
          10    0.113182    0.112704  0.00134323
          11    0.115933    0.112998  0.00125277
          12    0.112764    0.112978  0.00114853
          13    0.121549    0.113638    0.001235
          14    0.113956     0.11366    0.001147
          15    0.116846    0.113873  0.00109001
          16    0.118392    0.114155  0.00105785
          17    0.120475    0.114527  0.00105894
          18     0.11632    0.114627  0.00100479
          19    0.111394    0.114456 0.000966203
          20    0.118766    0.114672 0.000941615
           1    0.101697    0.101697           0
           2   0.0952172    0.098457  0.00229088
           3   0.0860908   0.0943349  0.00369596
           4    0.090622   0.0934067  0.00288618
           5    0.092708    0.093267  0.00231232
           6   0.0860544   0.0920649  0.00221749
           7    0.098458   0.0929782   0.0020803
           8   0.0995404   0.0937984  0.00197538
           9   0.0834332   0.0926468   0.0020645
          10   0.0876724   0.0921493  0.00191704
          11   0.0858264   0.0915745  0.00182691
          12   0.0916744   0.0915828  0.00167469
          13   0.0882356   0.0913254  0.00156553
          14    0.092176   0.0913861  0.00145489
          15    0.089322   0.0912485  0.00136439
          16    0.093554   0.0913926   0.0012867
          17    0.080614   0.0907586  0.00135827
          18     0.08981   0.0907059  0.00128384
          19   0.0866592   0.0904929   0.0012338
          20   0.0965004   0.0907933  0.00120813
           1   0.0738496   0.0738496           0
           2    0.079508   0.0766788  0.00200055
           3    0.085232   0.0795299  0.00268287
           4   0.0844696   0.0807648  0.00227872
           5    0.079626    0.080537  0.00183432
           6   0.0760088   0.0797823  0.00167669
           7    0.077548   0.0794631  0.00146723
           8   0.0787172   0.0793699  0.00128678
           9   0.0781128   0.0792302  0.00115136
          10   0.0764744   0.0789546   0.0010687
          11   0.0766232   0.0787427 0.000992339
          12   0.0796032   0.0788144 0.000912231
          13    0.075832    0.078585 0.000870429
          14   0.0763336   0.0784242 0.000822977
          15   0.0759856   0.0782616 0.000784005
          16   0.0805108   0.0784022 0.000747501
          17   0.0834308    0.078698 0.000759807
          18   0.0787192   0.0786992 0.000717596
          19   0.0845792   0.0790086 0.000743573
          20   0.0761964    0.078868 0.000719567
           1   0.0705124   0.0705124           0
           2   0.0685752   0.0695438 0.000684904
           3   0.0755052   0.0715309  0.00168551
           4   0.0648104   0.0698508  0.00192748
           5    0.070362    0.069953  0.00154469
           6   0.0619204   0.0686143  0.00177499
           7   0.0635272   0.0678875  0.00166355
           8     0.07156   0.0683466  0.00151762
           9   0.0717324   0.0687228  0.00139485
          10   0.0706928   0.0689198   0.0012692
          11   0.0711336   0.0691211  0.00116966
          12    0.063354   0.0686405  0.00116675
          13   0.0708736   0.0688122  0.00108958
          14   0.0613244   0.0682774  0.00113546
          15   0.0695212   0.0683603  0.00106278
          16   0.0669688   0.0682733 0.000999911
          17   0.0679976   0.0682571 0.000941224
          18   0.0659896   0.0681312 0.000897325
          19   0.0680052   0.0681245 0.000850122
          20   0.0639136    0.067914  0.00083328
           1    0.053686    0.053686           0
           2   0.0534708   0.0535784 7.60847e-05
           3   0.0588756   0.0553441  0.00144261
           4   0.0585312   0.0561409  0.00128326
           5   0.0604424   0.0570012  0.00128297
           6    0.052226   0.0562053  0.00129263
           7   0.0566308   0.0562661   0.0011094
           8   0.0588512   0.0565892   0.0010167
           9   0.0569216   0.0566262 0.000904401
          10   0.0612888   0.0570924 0.000926387
          11   0.0561892   0.0570103 0.000845801
          12    0.061804   0.0574098 0.000864522
          13   0.0617912   0.0577468 0.000861213
          14   0.0601308   0.0579171 0.000816359
          15   0.0580008   0.0579227 0.000761954
          16   0.0571176   0.0578724 0.000715992
          17   0.0604688   0.0580251 0.000689972
          18    0.060014   0.0581356 0.000660428
          19     0.05707   0.0580795 0.000628046
          20   0.0584648   0.0580988 0.000596939
           1    0.051488    0.051488           0
           2    0.053162    0.052325 0.000591848
           3    0.053548   0.0527327 0.000516214
           4   0.0546828   0.0532202 0.000572852
           5    0.051824    0.052941 0.000521922
           6   0.0498876   0.0524321 0.000636379
           7   0.0563292   0.0529888 0.000750472
           8   0.0553504    0.053284  0.00071236
           9   0.0498384   0.0529012 0.000728861
          10    0.053014   0.0529124 0.000656062
          11   0.0550912   0.0531105 0.000625605
          12    0.049198   0.0527845 0.000652927
          13   0.0524252   0.0527568 0.000603287
          14   0.0511184   0.0526398 0.000571433
          15    0.050456   0.0524942 0.000551572
          16    0.055574   0.0526867  0.00054966
          17   0.0525116   0.0526764 0.000517424
          18   0.0525004   0.0526666 0.000488771
          19   0.0514984   0.0526051 0.000466897
          20   0.0495748   0.0524536 0.000467491
           1   0.0468292   0.0468292           0
           2   0.0475864   0.0472078 0.000267711
           3   0.0496128   0.0480095 0.000678454
           4   0.0466864   0.0476787 0.000583929
           5   0.0477008   0.0476831  0.00046716
           6   0.0389444   0.0462267  0.00138538
           7   0.0462372   0.0462282  0.00118747
           8   0.0466408   0.0462797  0.00104015
           9   0.0465872   0.0463139 0.000925141
          10   0.0479244    0.046475 0.000846529
          11     0.04826   0.0466372 0.000784971
          12     0.04817    0.046765 0.000729875
          13     0.04568   0.0466815 0.000678486
          14   0.0410596   0.0462799 0.000739368
          15   0.0456728   0.0462395 0.000691183
          16   0.0461824   0.0462359 0.000647994
          17   0.0469696   0.0462791 0.000611312
          18   0.0457396   0.0462491 0.000578084
          19    0.044178   0.0461401 0.000557841
          20   0.0481252   0.0462393 0.000538707
           1   0.0436716   0.0436716           0
           2   0.0436916   0.0436816 7.07107e-06
           3   0.0454688   0.0442773 0.000486437
           4   0.0392048   0.0430092  0.00115725
           5   0.0442516   0.0432577   0.0009521
           6   0.0419676   0.0430427 0.000817335
           7    0.044756   0.0432874  0.00073631
           8    0.043616   0.0433285 0.000645416
           9   0.0414332   0.0431179 0.000607087
          10   0.0428044   0.0430866 0.000547187
          11   0.0442684    0.043194 0.000507882
          12   0.0437584    0.043241 0.000467731
          13   0.0421252   0.0431552 0.000439557
          14   0.0405564   0.0429696 0.000445636
          15   0.0417916    0.042891 0.000422789
          16   0.0442864   0.0429782  0.00040526
          17   0.0457644   0.0431421 0.000413234
          18   0.0431672   0.0431435 0.000390279
          19   0.0438648   0.0431815 0.000371579
          20   0.0433268   0.0431888 0.000353072
           1   0.0368304   0.0368304           0
           2   0.0357784   0.0363044 0.000371938
           3   0.0354492   0.0360193 0.000340087
           4   0.0370012   0.0362648 0.000332037
           5   0.0392204   0.0368559  0.00059169
           6   0.0392904   0.0372617 0.000616697
           7   0.0361072   0.0370967 0.000550208
           8   0.0349688   0.0368307 0.000541927
           9   0.0371876   0.0368704 0.000483162
          10   0.0332396   0.0365073 0.000554739
          11     0.03695   0.0365476 0.000505765
          12   0.0395808   0.0368003 0.000522982
          13    0.039268   0.0369902 0.000516052
          14   0.0380464   0.0370656 0.000484675
          15   0.0382376   0.0371437 0.000458618
          16   0.0360224   0.0370736 0.000435276
          17   0.0373232   0.0370883 0.000409919
          18   0.0403024   0.0372669 0.000424257
          19    0.036992   0.0372524 0.000402175
          20    0.038774   0.0373285 0.000389195
           1   0.0341892   0.0341892           0
           2    0.032758   0.0334736 0.000506006
           3   0.0305384   0.0324952 0.000867164
           4   0.0332996   0.0326963 0.000673288
           5   0.0330808   0.0327732 0.000543004
           6    0.036016   0.0333137 0.000669462
           7   0.0332872   0.0333099 0.000573835
           8    0.033768   0.0333671 0.000504955
           9   0.0341252   0.0334514  0.00045582
          10    0.035894   0.0336956 0.000471161
          11   0.0342888   0.0337496 0.000431403
          12   0.0350352   0.0338567 0.000408539
          13      0.0312   0.0336523 0.000425165
          14     0.03573   0.0338007 0.000419899
          15    0.037432   0.0340428 0.000456385
          16   0.0360888   0.0341707 0.000445415
          17   0.0345496    0.034193 0.000419772
          18   0.0302592   0.0339744 0.000449757
          19   0.0353668   0.0340477 0.000432014
          20   0.0331396   0.0340023 0.000412793
           1   0.0312512   0.0312512           0
           2    0.031394   0.0313226 5.04874e-05
           3   0.0303248     0.03099 0.000273645
           4   0.0324436   0.0313534  0.00037572
           5   0.0334116    0.031765 0.000475293
           6   0.0323864   0.0318686 0.000407204
           7   0.0339732   0.0321693 0.000446435
           8    0.031182   0.0320458  0.00040733
           9   0.0322108   0.0320642 0.000362484
          10   0.0312432   0.0319821 0.000335403
          11     0.03265   0.0320428  0.00031036
          12   0.0283436   0.0317345 0.000409936
          13   0.0310188   0.0316795 0.000382082
          14   0.0311996   0.0316452 0.000356324
          15   0.0308652   0.0315932 0.000336342
          16   0.0356376    0.031846  0.00039916
          17   0.0303612   0.0317586 0.000385117
          18   0.0309812   0.0317154 0.000366136
          19   0.0306136   0.0316575 0.000351428
          20   0.0328792   0.0317185 0.000339124
           1   0.0285752   0.0285752           0
           2   0.0332072   0.0308912  0.00163766
           3   0.0288404   0.0302076  0.00122618
           4   0.0296148   0.0300594 0.000928545
           5   0.0335348   0.0307545 0.000968666
           6   0.0290668   0.0304732 0.000847077
           7   0.0282192   0.0301512 0.000784884
           8   0.0313232   0.0302977 0.000700313
           9    0.029166    0.030172 0.000633689
          10   0.0327092   0.0304257 0.000619034
          11   0.0292708   0.0303207 0.000571592
          12   0.0283436   0.0301559 0.000547189
          13   0.0292764   0.0300883 0.000509263
          14   0.0322056   0.0302395 0.000494835
          15   0.0266852   0.0300026 0.000515467
          16   0.0282712   0.0298943 0.000494478
          17   0.0291732   0.0298519 0.000467207
          18   0.0326772   0.0300089 0.000466872
          19   0.0293052   0.0299719 0.000443767
          20   0.0232756    0.029637 0.000533126
           1     0.02657     0.02657           0
           2   0.0301792   0.0283746  0.00127604
           3   0.0265276   0.0277589  0.00098812
           4   0.0265456   0.0274556 0.000786272
           5   0.0260544   0.0271754 0.000677119
           6    0.027324   0.0272001 0.000564719
           7   0.0268936   0.0271563  0.00048574
           8   0.0285016   0.0273245 0.000453195
           9   0.0269552   0.0272835 0.000404694
          10   0.0276936   0.0273245 0.000366297
          11   0.0257092   0.0271776 0.000361234
          12   0.0278536    0.027234 0.000335494
          13   0.0261944    0.027154 0.000319075
          14    0.028998   0.0272857 0.000322325
          15   0.0257376   0.0271825  0.00031693
          16   0.0243536   0.0270057 0.000342911
          17   0.0268176   0.0269946 0.000322918
          18   0.0265388   0.0269693  0.00030597
          19    0.027686    0.027007 0.000292182
          20   0.0270604   0.0270097 0.000277585
