# VELOCITY:     AVE_POFV:        ERROR:
           1   0.0699206   0.0209511           0
           1    0.209762    0.148226           0
           1    0.349603    0.401772           0
           1    0.489444    0.680158           0
           1    0.629285     1.02817           0
           1    0.769126     1.17288           0
           1    0.908968     1.36082           0
           1     1.04881     1.47975           0
           1     1.18865     1.31684           0
           1     1.32849     1.32469           0
           1     1.46833     1.11147           0
           1     1.60817    0.912627           0
           1     1.74801     0.77519           0
           1     1.88786    0.610279           0
           1      2.0277    0.421154           0
           1     2.16754    0.267597           0
           1     2.30738    0.189062           0
           1     2.44722    0.116297           0
           1     2.58706   0.0892617           0
           1      2.7269   0.0506841           0
           1     2.86674   0.0303603           0
           1     3.00659   0.0162465           0
           1     3.14643  0.00928371           0
           1     3.28627  0.00301093           0
           1     3.42611  0.00150547           0
           1     3.56595  0.00238366           0
           1     3.70579   0.0022582           0
           1     3.84563  0.00263457           0
           1     3.98547 0.000188183           0
           1     4.12531 0.000250911           0
           2   0.0699206   0.0129777  0.00135776
           2    0.209762   0.0788593 0.000444785
           2    0.349603     0.19988  0.00860307
           2    0.489444    0.357102  0.00132265
           2    0.629285     0.54402 0.000971503
           2    0.769126    0.646765   0.0196173
           2    0.908968    0.743618    0.017967
           2     1.04881    0.791837  0.00767839
           2     1.18865    0.736947   0.0296601
           2     1.32849    0.708029  0.00628551
           2     1.46833    0.571664   0.0105695
           2     1.60817    0.480721 0.000667177
           2     1.74801     0.39428   0.0104993
           2     1.88786     0.30625   0.0112015
           2      2.0277    0.205607   0.0117868
           2     2.16754     0.13706  0.00294962
           2     2.30738   0.0886588  0.00786567
           2     2.44722   0.0534336  0.00561833
           2     2.58706   0.0405056  0.00467024
           2      2.7269   0.0235386  0.00227074
           2     2.86674   0.0126963  0.00235268
           2     3.00659  0.00872352 0.000105344
           2     3.14643  0.00372446 0.000831045
           2     3.28627 0.000794552 0.000561833
           2     3.42611 0.000397276 0.000280917
           2     3.56595  0.00062902 0.000444785
           2     3.70579 0.000595914 0.000421375
           2     3.84563 0.000695233 0.000491604
           2     3.98547 4.96595e-05 3.51146e-05
           2     4.12531 6.62127e-05 4.68194e-05
           3   0.0699206   0.0114107  0.00156729
           3    0.209762    0.079091 0.000351752
           3    0.349603    0.200282   0.0057448
           3    0.489444    0.352792  0.00362737
           3    0.629285    0.519527   0.0200091
           3    0.769126    0.637661   0.0150432
           3    0.908968    0.747508   0.0123919
           3     1.04881    0.779963   0.0109636
           3     1.18865    0.736859   0.0197735
           3     1.32849     0.70383  0.00541417
           3     1.46833    0.588542   0.0154783
           3     1.60817    0.504927   0.0197693
           3     1.74801    0.407098   0.0125905
           3     1.88786    0.312579  0.00908126
           3      2.0277    0.210744  0.00890722
           3     2.16754    0.138627  0.00234603
           3     2.30738   0.0848515  0.00609594
           3     2.44722   0.0519438  0.00393812
           3     2.58706   0.0353576  0.00523087
           3      2.7269   0.0213426  0.00234665
           3     2.86674   0.0126466  0.00156898
           3     3.00659  0.00728339  0.00117795
           3     3.14643  0.00338788 0.000618445
           3     3.28627 0.000529701 0.000432499
           3     3.42611 0.000264851  0.00021625
           3     3.56595 0.000419347 0.000342395
           3     3.70579 0.000397276 0.000324375
           3     3.84563 0.000463489 0.000378437
           3     3.98547 3.31063e-05 2.70312e-05
           3     4.12531 4.41418e-05 3.60416e-05
           4   0.0699206   0.0099319  0.00173832
           4    0.209762   0.0752755  0.00331484
           4    0.349603    0.199962  0.00431751
           4    0.489444    0.356464    0.004185
           4    0.629285    0.520937   0.0150564
           4    0.769126    0.640244   0.0115019
           4    0.908968    0.751233  0.00983774
           4     1.04881    0.789396   0.0115906
           4     1.18865    0.751307   0.0194035
           4     1.32849    0.692452   0.0106572
           4     1.46833    0.591569   0.0119009
           4     1.60817    0.504168   0.0148415
           4     1.74801    0.401878   0.0104691
           4     1.88786    0.303511   0.0103955
           4      2.0277    0.210672   0.0066807
           4     2.16754    0.138103  0.00181714
           4     2.30738   0.0856544  0.00462452
           4     2.44722     0.05129  0.00300738
           4     2.58706   0.0335947  0.00420975
           4      2.7269   0.0195162  0.00236628
           4     2.86674   0.0118852  0.00134891
           4     3.00659  0.00711786  0.00089502
           4     3.14643  0.00277266 0.000706413
           4     3.28627 0.000397276 0.000344051
           4     3.42611 0.000198638 0.000172026
           4     3.56595  0.00031451 0.000272374
           4     3.70579 0.000297957 0.000258038
           4     3.84563 0.000347617 0.000301045
           4     3.98547 2.48298e-05 2.15032e-05
           4     4.12531 3.31063e-05 2.86709e-05
           5   0.0699206  0.00964719  0.00141378
           5    0.209762   0.0759724  0.00272414
           5    0.349603    0.199201  0.00352051
           5    0.489444    0.354377  0.00383337
           5    0.629285    0.527795    0.013517
           5    0.769126    0.650705   0.0131234
           5    0.908968    0.754202  0.00830632
           5     1.04881     0.78313   0.0108343
           5     1.18865    0.754162   0.0157315
           5     1.32849    0.689572  0.00890644
           5     1.46833    0.586254   0.0106417
           5     1.60817    0.502177   0.0120061
           5     1.74801    0.395396   0.0101863
           5     1.88786    0.302479  0.00836736
           5      2.0277    0.210311   0.0053543
           5     2.16754    0.138954  0.00164086
           5     2.30738   0.0864473  0.00376698
           5     2.44722   0.0504607  0.00251766
           5     2.58706   0.0333248  0.00337644
           5      2.7269     0.02091  0.00226663
           5     2.86674   0.0124414  0.00118827
           5     3.00659  0.00786607 0.000980064
           5     3.14643  0.00276769 0.000565148
           5     3.28627  0.00110575 0.000690875
           5     3.42611  0.00015891 0.000142134
           5     3.56595 0.000251608 0.000225045
           5     3.70579 0.000238366 0.000213201
           5     3.84563 0.000278093 0.000248734
           5     3.98547 1.98638e-05 1.77667e-05
           5     4.12531 2.64851e-05  2.3689e-05
           6   0.0699206  0.00941324  0.00119735
           6    0.209762   0.0751679  0.00238595
           6    0.349603    0.196773  0.00367679
           6    0.489444     0.35138  0.00420604
           6    0.629285    0.526617   0.0113154
           6    0.769126    0.651433   0.0109564
           6    0.908968    0.755851  0.00708367
           6     1.04881    0.791457    0.011802
           6     1.18865    0.757473   0.0134534
           6     1.32849    0.694477  0.00866821
           6     1.46833    0.589359  0.00931016
           6     1.60817    0.504794   0.0102865
           6     1.74801    0.392625  0.00885749
           6     1.88786    0.299336  0.00753999
           6      2.0277    0.202881  0.00811879
           6     2.16754    0.135631  0.00332722
           6     2.30738   0.0855523  0.00324372
           6     2.44722   0.0512541  0.00221956
           6     2.58706   0.0332388   0.0028148
           6      2.7269   0.0211384  0.00190034
           6     2.86674   0.0123321 0.000995234
           6     3.00659  0.00748755 0.000886807
           6     3.14643  0.00297405 0.000507236
           6     3.28627  0.00100423 0.000583141
           6     3.42611 0.000253815 0.000146748
           6     3.56595  0.00031451 0.000196132
           6     3.70579 0.000198638 0.000181331
           6     3.84563 0.000231744 0.000211553
           6     3.98547 1.65532e-05 1.51109e-05
           6     4.12531 2.20709e-05 2.01479e-05
           7   0.0699206  0.00920356   0.0010445
           7    0.209762   0.0745697  0.00211878
           7    0.349603    0.194888  0.00360269
           7    0.489444    0.353912  0.00430021
           7    0.629285    0.527218  0.00971485
           7    0.769126    0.652114  0.00941232
           7    0.908968     0.75377  0.00637005
           7     1.04881    0.787439   0.0107782
           7     1.18865    0.758041   0.0115435
           7     1.32849    0.698312  0.00823458
           7     1.46833    0.593128  0.00870983
           7     1.60817    0.505316   0.0088302
           7     1.74801    0.392154  0.00760462
           7     1.88786    0.302989  0.00729416
           7      2.0277    0.201428  0.00708775
           7     2.16754    0.134161  0.00316003
           7     2.30738   0.0851637  0.00280351
           7     2.44722   0.0517878  0.00196558
           7     2.58706   0.0312666  0.00302571
           7      2.7269   0.0199773  0.00195159
           7     2.86674    0.011696   0.0010366
           7     3.00659   0.0069476 0.000909768
           7     3.14643  0.00303632 0.000438579
           7     3.28627  0.00131952 0.000578832
           7     3.42611 0.000217556 0.000130186
           7     3.56595  0.00026958 0.000173183
           7     3.70579 0.000170261 0.000157631
           7     3.84563 0.000198638 0.000183903
           7     3.98547 1.41884e-05 1.31359e-05
           7     4.12531 1.89179e-05 1.75146e-05
           8   0.0699206  0.00937323 0.000927614
           8    0.209762    0.074692  0.00185747
           8    0.349603    0.196987  0.00371396
           8    0.489444    0.354594  0.00381642
           8    0.629285    0.523982  0.00902342
           8    0.769126    0.647022  0.00951418
           8    0.908968    0.751622  0.00592501
           8     1.04881    0.785402  0.00962143
           8     1.18865     0.75881   0.0101261
           8     1.32849    0.695419  0.00769658
           8     1.46833    0.592579  0.00763844
           8     1.60817    0.507636  0.00802536
           8     1.74801    0.396349  0.00772495
           8     1.88786    0.305137  0.00669113
           8      2.0277    0.203985  0.00664679
           8     2.16754    0.134639  0.00280098
           8     2.30738   0.0868669  0.00292504
           8     2.44722   0.0521673  0.00175615
           8     2.58706   0.0321049  0.00276119
           8      2.7269   0.0191603  0.00187086
           8     2.86674   0.0110244  0.00110333
           8     3.00659  0.00636056 0.000967076
           8     3.14643  0.00291336 0.000400624
           8     3.28627  0.00115458 0.000529457
           8     3.42611 0.000190361 0.000116719
           8     3.56595 0.000235883 0.000154779
           8     3.70579 0.000148979 0.000139357
           8     3.84563 0.000173808 0.000162583
           8     3.98547 1.24149e-05 1.16131e-05
           8     4.12531 1.65532e-05 1.54841e-05
           9   0.0699206   0.0094022 0.000824998
           9    0.209762   0.0753243  0.00175539
           9    0.349603     0.19827  0.00351603
           9    0.489444    0.354311   0.0034028
           9    0.629285    0.524243  0.00802457
           9    0.769126    0.647266  0.00846017
           9    0.908968    0.752415  0.00531956
           9     1.04881    0.788961  0.00918689
           9     1.18865    0.756741  0.00920989
           9     1.32849     0.69989  0.00803564
           9     1.46833    0.597327  0.00813259
           9     1.60817    0.503941  0.00793885
           9     1.74801    0.393289  0.00744825
           9     1.88786    0.300091  0.00761653
           9      2.0277    0.202817  0.00600999
           9     2.16754    0.134566  0.00249072
           9     2.30738   0.0866981   0.0026049
           9     2.44722   0.0523043  0.00156635
           9     2.58706   0.0317048   0.0024832
           9      2.7269   0.0191355  0.00166315
           9     2.86674   0.0105977  0.00106005
           9     3.00659  0.00604007 0.000911182
           9     3.14643  0.00303475 0.000374049
           9     3.28627  0.00128379 0.000486138
           9     3.42611 0.000327385 0.000165691
           9     3.56595 0.000389919 0.000200048
           9     3.70579 0.000231744 0.000146402
           9     3.84563 0.000154496  0.00014566
           9     3.98547 1.10354e-05 1.04043e-05
           9     4.12531 1.47139e-05 1.38724e-05
          10   0.0699206  0.00972333 0.000802568
          10    0.209762   0.0761313   0.0017556
          10    0.349603    0.199105  0.00326199
          10    0.489444    0.355608  0.00330047
          10    0.629285    0.522216  0.00747361
          10    0.769126    0.649437  0.00788789
          10    0.908968    0.752249   0.0047902
          10     1.04881    0.788487  0.00828041
          10     1.18865    0.754672  0.00851808
          10     1.32849    0.701182  0.00733524
          10     1.46833    0.597656  0.00732598
          10     1.60817    0.503574  0.00715344
          10     1.74801    0.393254  0.00670351
          10     1.88786    0.299506  0.00687724
          10      2.0277    0.203521  0.00545012
          10     2.16754    0.138308  0.00419858
          10     2.30738   0.0860699  0.00241899
          10     2.44722   0.0510732  0.00183072
          10     2.58706   0.0305075  0.00250698
          10      2.7269   0.0181886  0.00174568
          10     2.86674   0.0098392  0.00119499
          10     3.00659  0.00558835 0.000925283
          10     3.14643  0.00273127 0.000442964
          10     3.28627  0.00115541 0.000454159
          10     3.42611 0.000294646 0.000152322
          10     3.56595 0.000350927 0.000183804
          10     3.70579  0.00020857 0.000133583
          10     3.84563 0.000139047 0.000131911
          10     3.98547  9.9319e-06 9.42223e-06
          10     4.12531 1.32425e-05  1.2563e-05
          11   0.0699206  0.00968511 0.000730517
          11    0.209762   0.0759339  0.00160706
          11    0.349603    0.197208  0.00347322
          11    0.489444    0.353705  0.00350654
          11    0.629285    0.519562   0.0072502
          11    0.769126    0.651638  0.00747157
          11    0.908968    0.750003  0.00485271
          11     1.04881    0.787061  0.00764945
          11     1.18865    0.758189  0.00843863
          11     1.32849     0.70583  0.00800663
          11     1.46833    0.600633  0.00723991
          11     1.60817    0.502425  0.00659478
          11     1.74801    0.393505  0.00609881
          11     1.88786    0.299131  0.00626229
          11      2.0277    0.204113  0.00498664
          11     2.16754    0.138011  0.00382739
          11     2.30738   0.0856642  0.00223285
          11     2.44722   0.0506948  0.00170294
          11     2.58706   0.0300034  0.00232921
          11      2.7269   0.0177751  0.00163522
          11     2.86674   0.0100734  0.00110905
          11     3.00659  0.00542944 0.000854703
          11     3.14643  0.00256725 0.000431997
          11     3.28627  0.00105037 0.000424845
          11     3.42611  0.00026786  0.00014081
          11     3.56595 0.000319025 0.000169841
          11     3.70579 0.000189609 0.000122778
          11     3.84563 0.000126406 0.000120523
          11     3.98547   9.029e-06 8.60882e-06
          11     4.12531 1.20387e-05 1.14784e-05
          12   0.0699206  0.00959256 0.000675478
          12    0.209762   0.0754852   0.0015345
          12    0.349603    0.199424  0.00382588
          12    0.489444    0.357571  0.00490186
          12    0.629285    0.519891  0.00665348
          12    0.769126    0.650592  0.00692179
          12    0.908968    0.747676  0.00497494
          12     1.04881     0.78241   0.0083063
          12     1.18865    0.761976  0.00854266
          12     1.32849    0.709954   0.0083342
          12     1.46833    0.600491  0.00663798
          12     1.60817    0.501848  0.00607039
          12     1.74801    0.392227  0.00572283
          12     1.88786    0.297047  0.00607737
          12      2.0277    0.205353  0.00472286
          12     2.16754    0.137441  0.00355068
          12     2.30738   0.0856489  0.00204683
          12     2.44722   0.0502885  0.00160876
          12     2.58706   0.0294729  0.00219468
          12      2.7269   0.0175188  0.00151891
          12     2.86674  0.00962291  0.00110433
          12     3.00659   0.0050901 0.000848171
          12     3.14643  0.00239745 0.000428068
          12     3.28627 0.000962843 0.000398356
          12     3.42611 0.000245539 0.000130833
          12     3.56595 0.000292439 0.000157754
          12     3.70579 0.000173808 0.000113558
          12     3.84563 0.000115872 0.000110939
          12     3.98547 8.27658e-06 7.92423e-06
          12     4.12531 1.10354e-05 1.05656e-05
          13   0.0699206  0.00971544 0.000634595
          13    0.209762   0.0752507  0.00143427
          13    0.349603    0.199601  0.00353565
          13    0.489444    0.358002  0.00454372
          13    0.629285    0.520618  0.00618123
          13    0.769126    0.651673  0.00647318
          13    0.908968    0.748962  0.00475552
          13     1.04881    0.779619  0.00812297
          13     1.18865    0.760659  0.00798635
          13     1.32849    0.709838  0.00769392
          13     1.46833    0.602813  0.00652082
          13     1.60817    0.502511  0.00563952
          13     1.74801    0.391398  0.00534231
          13     1.88786    0.293946  0.00635174
          13      2.0277    0.203968   0.0045581
          13     2.16754    0.138237  0.00336555
          13     2.30738   0.0872174  0.00241677
          13     2.44722   0.0508106  0.00156743
          13     2.58706   0.0294672  0.00202586
          13      2.7269    0.017335  0.00141315
          13     2.86674  0.00965686   0.0010199
          13     3.00659  0.00508564 0.000782938
          13     3.14643  0.00242695 0.000396154
          13     3.28627  0.00124785 0.000458472
          13     3.42611 0.000226651 0.000122124
          13     3.56595 0.000269944 0.000147215
          13     3.70579 0.000160438 0.000105607
          13     3.84563 0.000106959 0.000102763
          13     3.98547 7.63992e-06  7.3402e-06
          13     4.12531 1.01866e-05 9.78694e-06
          14   0.0699206  0.00969779 0.000589512
          14    0.209762   0.0750828  0.00134161
          14    0.349603    0.201076  0.00357772
          14    0.489444    0.360909  0.00506442
          14    0.629285     0.52243  0.00599951
          14    0.769126    0.650414  0.00613194
          14    0.908968    0.747045  0.00478689
          14     1.04881    0.780368  0.00757728
          14     1.18865    0.760606  0.00741606
          14     1.32849    0.707641  0.00745149
          14     1.46833    0.603782  0.00612657
          14     1.60817    0.501317   0.0053615
          14     1.74801    0.388517  0.00568488
          14     1.88786    0.293677  0.00590375
          14      2.0277    0.204479  0.00426105
          14     2.16754    0.137916  0.00314038
          14     2.30738   0.0879139  0.00234236
          14     2.44722   0.0511682  0.00149571
          14     2.58706   0.0300322  0.00195836
          14      2.7269   0.0176149  0.00133965
          14     2.86674  0.00956064 0.000951578
          14     3.00659  0.00499906 0.000731786
          14     3.14643  0.00233873 0.000377553
          14     3.28627  0.00129824 0.000428484
          14     3.42611  0.00026958 0.000120711
          14     3.56595 0.000271945 0.000136713
          14     3.70579 0.000172626 9.87645e-05
          14     3.84563 0.000122966 9.66613e-05
          14     3.98547   4.493e-05 3.65744e-05
          14     4.12531 8.27658e-05 7.05271e-05
          15   0.0699206  0.00955008 0.000568418
          15    0.209762   0.0753191  0.00127281
          15    0.349603    0.201092  0.00333924
          15    0.489444    0.360784  0.00472833
          15    0.629285    0.519721  0.00618092
          15    0.769126    0.647937  0.00620323
          15    0.908968     0.74706  0.00446779
          15     1.04881    0.781872  0.00721985
          15     1.18865    0.763841   0.0075942
          15     1.32849    0.710038  0.00733024
          15     1.46833    0.604661  0.00578087
          15     1.60817     0.49899  0.00548613
          15     1.74801    0.387688  0.00536593
          15     1.88786    0.293441  0.00551486
          15      2.0277    0.204862  0.00399416
          15     2.16754    0.138921  0.00308751
          15     2.30738   0.0880276  0.00218896
          15     2.44722   0.0510831  0.00139842
          15     2.58706   0.0298178   0.0018395
          15      2.7269   0.0172131  0.00130922
          15     2.86674  0.00934702 0.000911801
          15     3.00659  0.00509838 0.000689707
          15     3.14643  0.00229317 0.000355122
          15     3.28627  0.00124259 0.000403516
          15     3.42611 0.000306785 0.000118258
          15     3.56595 0.000253815 0.000128795
          15     3.70579 0.000161118 9.28483e-05
          15     3.84563 0.000114769 9.05642e-05
          15     3.98547 4.19347e-05 3.42585e-05
          15     4.12531 7.72481e-05 6.60408e-05
          16   0.0699206  0.00970843 0.000554512
          16    0.209762   0.0756294  0.00123049
          16    0.349603    0.203691  0.00401632
          16    0.489444    0.363394  0.00510244
          16    0.629285    0.522503  0.00639005
          16    0.769126    0.647262  0.00585218
          16    0.908968    0.743914   0.0051791
          16     1.04881    0.783542  0.00695902
          16     1.18865    0.763484  0.00712793
          16     1.32849    0.707571  0.00727535
          16     1.46833    0.602097  0.00596116
          16     1.60817    0.498395  0.00517536
          16     1.74801    0.386208  0.00523075
          16     1.88786    0.291706  0.00543631
          16      2.0277    0.205361  0.00377553
          16     2.16754    0.139258  0.00291286
          16     2.30738   0.0887912  0.00218129
          16     2.44722   0.0515838   0.0013978
          16     2.58706   0.0300357   0.0017374
          16      2.7269   0.0178629  0.00137928
          16     2.86674  0.00916632 0.000872537
          16     3.00659  0.00506734 0.000647299
          16     3.14643  0.00231537  0.00033362
          16     3.28627  0.00126425 0.000378877
          16     3.42611 0.000444866 0.000173684
          16     3.56595 0.000237952 0.000121719
          16     3.70579 0.000151048 8.75896e-05
          16     3.84563 0.000107596 8.51875e-05
          16     3.98547 3.93138e-05 3.22174e-05
          16     4.12531 7.24201e-05 6.20895e-05
          17   0.0699206  0.00984427 0.000538273
          17    0.209762   0.0762692  0.00131398
          17    0.349603    0.204747  0.00391649
          17    0.489444    0.362191    0.004942
          17    0.629285    0.523326  0.00606689
          17    0.769126    0.649176  0.00581261
          17    0.908968    0.746188  0.00535033
          17     1.04881    0.784303   0.0065911
          17     1.18865    0.761687  0.00693137
          17     1.32849    0.705514  0.00713248
          17     1.46833    0.600087  0.00593947
          17     1.60817    0.497974  0.00488805
          17     1.74801    0.386162  0.00492327
          17     1.88786    0.291776  0.00511697
          17      2.0277     0.20509  0.00356314
          17     2.16754    0.137931  0.00302871
          17     2.30738    0.089132  0.00207943
          17     2.44722   0.0523294  0.00150133
          17     2.58706   0.0305163  0.00170035
          17      2.7269   0.0175055  0.00134367
          17     2.86674  0.00931262 0.000833386
          17     3.00659  0.00515096 0.000614599
          17     3.14643  0.00232329 0.000314089
          17     3.28627   0.0012522 0.000356781
          17     3.42611 0.000510227 0.000175335
          17     3.56595 0.000223955 0.000115361
          17     3.70579 0.000142163 8.28867e-05
          17     3.84563 0.000101266 8.04113e-05
          17     3.98547 3.70012e-05 3.04052e-05
          17     4.12531 6.81601e-05 5.85831e-05
          18   0.0699206  0.00972223 0.000522021
          18    0.209762   0.0768674  0.00137039
          18    0.349603    0.205383   0.0037501
          18    0.489444    0.364293  0.00509483
          18    0.629285    0.526696  0.00660005
          18    0.769126    0.651193  0.00582886
          18    0.908968    0.745205  0.00514249
          18     1.04881    0.782176  0.00655913
          18     1.18865    0.758766  0.00713538
          18     1.32849    0.703528  0.00700714
          18     1.46833    0.601413  0.00575561
          18     1.60817    0.497239  0.00467143
          18     1.74801    0.386866   0.0046998
          18     1.88786    0.289721  0.00522908
          18      2.0277    0.204189  0.00347724
          18     2.16754    0.137851  0.00286149
          18     2.30738   0.0892473   0.0019671
          18     2.44722   0.0526244   0.0014466
          18     2.58706   0.0309949   0.0016719
          18      2.7269   0.0175114  0.00126904
          18     2.86674  0.00929552 0.000787262
          18     3.00659  0.00516827 0.000580699
          18     3.14643  0.00231193 0.000296845
          18     3.28627  0.00137207  0.00035653
          18     3.42611 0.000538898 0.000167922
          18     3.56595 0.000231744 0.000109214
          18     3.70579 0.000160014 8.01812e-05
          18     3.84563 0.000123229 7.88863e-05
          18     3.98547 6.80519e-05 4.16556e-05
          18     4.12531 0.000119551 7.45353e-05
          19   0.0699206   0.0098413 0.000507943
          19    0.209762   0.0767684  0.00130184
          19    0.349603    0.205202  0.00355708
          19    0.489444     0.36433  0.00482681
          19    0.629285    0.528808  0.00658176
          19    0.769126    0.652698  0.00571331
          19    0.908968    0.746668  0.00507564
          19     1.04881    0.779916  0.00659185
          19     1.18865    0.757308  0.00690729
          19     1.32849    0.704712  0.00673761
          19     1.46833    0.600038  0.00561452
          19     1.60817     0.49729  0.00442585
          19     1.74801     0.38732   0.0044743
          19     1.88786    0.289792  0.00495435
          19      2.0277    0.204928  0.00337192
          19     2.16754    0.137886   0.0027111
          19     2.30738   0.0883782  0.00204657
          19     2.44722   0.0515971  0.00169644
          19     2.58706    0.030545  0.00164333
          19      2.7269   0.0173042  0.00121905
          19     2.86674   0.0093325 0.000746695
          19     3.00659  0.00530224 0.000565379
          19     3.14643  0.00232616 0.000281563
          19     3.28627  0.00132251 0.000341193
          19     3.42611 0.000538414 0.000159085
          19     3.56595 0.000282275 0.000114561
          19     3.70579 0.000151592 7.64022e-05
          19     3.84563 0.000116743 7.50005e-05
          19     3.98547 6.44702e-05 3.96169e-05
          19     4.12531 0.000113259 7.08775e-05
          20   0.0699206   0.0102199 0.000607491
          20    0.209762   0.0772205  0.00131293
          20    0.349603    0.206327  0.00355273
          20    0.489444     0.36457  0.00459145
          20    0.629285    0.529273  0.00626909
          20    0.769126    0.654039  0.00558268
          20    0.908968    0.748298  0.00507667
          20     1.04881    0.779568  0.00627141
          20     1.18865    0.758033  0.00659987
          20     1.32849    0.703725  0.00647264
          20     1.46833    0.599379  0.00537242
          20     1.60817    0.495435  0.00457706
          20     1.74801    0.386439  0.00433646
          20     1.88786    0.289389  0.00472298
          20      2.0277    0.204006  0.00332699
          20     2.16754    0.137974  0.00257697
          20     2.30738   0.0874984  0.00212497
          20     2.44722   0.0517386   0.0016175
          20     2.58706   0.0307194  0.00157039
          20      2.7269   0.0172136  0.00116146
          20     2.86674   0.0092764 0.000711465
          20     3.00659   0.0053384 0.000538265
          20     3.14643  0.00264851 0.000412629
          20     3.28627  0.00135405 0.000325588
          20     3.42611 0.000511493 0.000153391
          20     3.56595 0.000268161 0.000109699
          20     3.70579 0.000144013 7.29571e-05
          20     3.84563 0.000110906 7.14773e-05
          20     3.98547 6.12467e-05  3.7767e-05
          20     4.12531 0.000107596 6.75594e-05
