#     BLOCK:   ACTUAL_KE:    KE_AVE:      ERROR:
           1    0.318297    0.318297           0
           2    0.334145    0.326221  0.00560319
           3    0.279747     0.31073   0.0131888
           4    0.334078    0.316567   0.0111085
           5    0.324526    0.318159  0.00900009
           6    0.320948    0.318623  0.00751207
           7    0.327397    0.319877  0.00654265
           8    0.311679    0.318852  0.00580451
           9    0.335368    0.320687  0.00544191
          10    0.306905    0.319309  0.00506924
          11    0.347602    0.321881  0.00522028
          12      0.3357    0.323033  0.00491063
          13    0.344707      0.3247   0.0048076
          14    0.302924    0.323145  0.00470909
          15    0.343432    0.324497  0.00458527
          16    0.319443    0.324181  0.00430955
          17    0.324982    0.324228  0.00405631
          18    0.317044    0.323829  0.00385054
          19    0.322245    0.323746  0.00364879
          20    0.325203    0.323819  0.00346708
          21    0.312151    0.323263   0.0033462
          22    0.329974    0.323568  0.00320797
          23    0.284712    0.321879  0.00348506
          24     0.34171    0.322705  0.00343641
          25    0.330512    0.323017  0.00331311
          26    0.324572    0.323077  0.00318623
          27    0.299057    0.322187     0.00319
          28    0.328446    0.322411  0.00308389
          29    0.321536    0.322381  0.00297769
          30    0.341206    0.323008  0.00294382
          31    0.325981    0.323104  0.00285042
          32     0.30655    0.322587   0.0028079
          33    0.308487     0.32216  0.00275512
          34    0.304695    0.321646  0.00272155
          35    0.324067    0.321715  0.00264467
          36    0.341877    0.322275  0.00262984
          37    0.307651     0.32188   0.0025883
          38    0.320476    0.321843  0.00252045
          39    0.343317    0.322394  0.00251525
          40    0.334318    0.322692  0.00246997
          41    0.339591    0.323104  0.00244388
          42    0.308081    0.322746  0.00241173
          43    0.330843    0.322934  0.00236298
          44    0.342852    0.323387  0.00235223
          45    0.326969    0.323467  0.00230131
          46    0.314378    0.323269  0.00225975
          47    0.322022    0.323243  0.00221182
          48    0.320929    0.323194  0.00216627
          49    0.336851    0.323473  0.00213991
          50    0.353779    0.324079  0.00218127
          51    0.331762     0.32423  0.00214369
          52    0.350328    0.324732  0.00216042
          53    0.320678    0.324655  0.00212101
          54    0.346322    0.325057  0.00211934
          55    0.336439    0.325263  0.00209089
          56    0.309326    0.324979  0.00207283
          57    0.327186    0.325018  0.00203682
          58    0.314674    0.324839   0.0020095
          59    0.340076    0.325098  0.00199197
          60    0.333578    0.325239  0.00196378
          61    0.333444    0.325373  0.00193618
          62    0.332241    0.325484  0.00190812
          63    0.299304    0.325069  0.00192255
          64    0.330875    0.325159  0.00189465
          65    0.335027    0.325311  0.00187157
          66     0.33968    0.325529  0.00185584
          67    0.316721    0.325397  0.00183279
          68    0.338225    0.325586  0.00181552
          69    0.333508    0.325701  0.00179283
          70    0.326617    0.325714  0.00176727
          71    0.330508    0.325781  0.00174367
          72    0.344811    0.326046  0.00173936
          73    0.330265    0.326104   0.0017165
          74    0.332521     0.32619  0.00169549
          75    0.314997    0.326041  0.00167944
          76    0.308127    0.325805   0.0016738
          77    0.311363    0.325618  0.00166254
          78    0.340091    0.325803  0.00165155
          79    0.320345    0.325734  0.00163209
          80    0.321994    0.325687  0.00161235
          81    0.328476    0.325722  0.00159282
          82    0.342662    0.325928  0.00158673
          83    0.320195    0.325859  0.00156912
          84    0.313524    0.325713  0.00155729
          85    0.315147    0.325588  0.00154393
          86    0.315515    0.325471  0.00153041
          87    0.310242    0.325296   0.0015228
          88     0.32244    0.325264  0.00150584
          89    0.304062    0.325025  0.00150764
          90    0.330683    0.325088   0.0014922
          91    0.322674    0.325062  0.00147604
          92    0.323073     0.32504  0.00146015
          93    0.333477    0.325131  0.00144727
          94    0.332981    0.325214  0.00143428
          95    0.336837    0.325337  0.00142439
          96    0.317749    0.325258  0.00141175
          97    0.316172    0.325164  0.00140029
          98    0.355923    0.325478  0.00142075
          99    0.325896    0.325482   0.0014064
         100    0.328002    0.325507  0.00139256
         101    0.324967    0.325502  0.00137879
         102    0.329138    0.325538  0.00136573
         103    0.352547      0.3258  0.00137741
         104    0.317417    0.325719  0.00136653
         105    0.312657    0.325595  0.00135916
         106    0.314653    0.325492  0.00135025
         107    0.338504    0.325613   0.0013431
         108    0.350013    0.325839  0.00134953
         109    0.321991    0.325804  0.00133761
         110    0.327499    0.325819  0.00132554
         111    0.318778    0.325756  0.00131512
         112    0.325571    0.325754  0.00130337
         113    0.308826    0.325604  0.00130042
         114     0.31421    0.325504  0.00129285
         115    0.325056      0.3255  0.00128161
         116    0.335231    0.325584  0.00127331
         117    0.331017    0.325631  0.00126327
         118    0.322511    0.325604  0.00125284
         119    0.322818    0.325581  0.00124253
         120    0.348475    0.325772  0.00124674
         121    0.304175    0.325593  0.00124915
         122    0.339088    0.325704  0.00124379
         123    0.302216    0.325513  0.00124825
         124    0.311808    0.325402  0.00124307
         125     0.31904    0.325351  0.00123417
         126     0.33225    0.325406  0.00122559
         127     0.32912    0.325435  0.00121629
         128    0.275237    0.325043  0.00126843
         129    0.333957    0.325112  0.00126048
         130    0.311304    0.325006  0.00125525
         131    0.313488    0.324918  0.00124875
         132    0.319353    0.324876     0.00124
         133    0.340615    0.324994  0.00123631
         134    0.310365    0.324885  0.00123189
         135    0.331875    0.324937  0.00122386
         136    0.316364    0.324874  0.00121648
         137    0.334767    0.324946  0.00120974
         138    0.327532    0.324965  0.00120112
         139    0.337397    0.325054   0.0011958
         140    0.329943    0.325089  0.00118777
         141    0.295512     0.32488  0.00119773
         142    0.329757    0.324914  0.00118979
         143    0.321242    0.324888  0.00118174
         144    0.329574    0.324921  0.00117399
         145    0.328681    0.324947  0.00116618
         146    0.344472     0.32508  0.00116583
         147    0.326297    0.325089  0.00115793
         148    0.326668    0.325099  0.00115016
         149    0.315667    0.325036  0.00114418
         150    0.339928    0.325135  0.00114085
         151    0.335375    0.325203  0.00113531
         152    0.317238    0.325151  0.00112905
         153    0.304853    0.325018  0.00112943
         154    0.315091    0.324954  0.00112394
         155    0.318932    0.324915  0.00111736
         156    0.321282    0.324891  0.00111044
         157    0.311087    0.324804  0.00110684
         158    0.320091    0.324774  0.00110024
         159      0.3052    0.324651  0.00110018
         160    0.309627    0.324557  0.00109731
         161    0.302161    0.324418  0.00109927
         162    0.341018     0.32452  0.00109725
         163    0.328049    0.324542  0.00109073
         164    0.326624    0.324554  0.00108416
         165    0.338645     0.32464  0.00108094
         166    0.317037    0.324594   0.0010754
         167    0.325607      0.3246  0.00106898
         168    0.331801    0.324643  0.00106348
         169     0.33872    0.324726  0.00106044
         170    0.323027    0.324716  0.00105425
         171    0.340903    0.324811  0.00105233
         172    0.322008    0.324795  0.00104633
         173    0.313545     0.32473   0.0010423
         174    0.315667    0.324678  0.00103761
         175    0.315718    0.324626  0.00103295
         176    0.348024    0.324759   0.0010356
         177    0.323197     0.32475  0.00102978
         178     0.33951    0.324833  0.00102733
         179    0.335744    0.324894   0.0010234
         180    0.309409    0.324808  0.00102132
         181    0.315801    0.324759  0.00101689
         182     0.34298    0.324859  0.00101622
         183    0.322281    0.324845  0.00101077
         184    0.309988    0.324764  0.00100849
         185     0.33017    0.324793  0.00100346
         186    0.323058    0.324784 0.000998112
         187    0.336587    0.324847 0.000994769
         188    0.331512    0.324882 0.000990109
         189    0.333832     0.32493 0.000986002
         190    0.317725    0.324892 0.000981542
         191    0.323504    0.324884  0.00097643
         192    0.322741    0.324873 0.000971408
         193    0.312399    0.324809 0.000968522
         194    0.351351    0.324945 0.000973145
         195    0.322775    0.324934 0.000968219
         196      0.3128    0.324872 0.000965256
         197    0.314944    0.324822 0.000961671
         198     0.34308    0.324914 0.000961225
         199    0.330094     0.32494 0.000956747
         200    0.340002    0.325016 0.000954923
         201    0.313892     0.32496 0.000951774
         202    0.318394    0.324928 0.000947617
         203    0.339065    0.324997 0.000945505
         204    0.350194    0.325121 0.000948903
         205    0.311653    0.325055 0.000946546
         206    0.330461    0.325081 0.000942315
         207    0.313635    0.325026 0.000939383
         208    0.322844    0.325016 0.000934926
         209    0.321014    0.324996 0.000930648
         210    0.313102     0.32494 0.000927939
         211    0.305631    0.324848 0.000928042
         212    0.341454    0.324927 0.000926964
         213    0.324092    0.324923 0.000922621
         214    0.327995    0.324937 0.000918421
         215     0.32662    0.324945 0.000914183
         216    0.337332    0.325002 0.000911747
         217    0.323054    0.324993  0.00090759
         218    0.337643    0.325051  0.00090528
         219    0.332055    0.325083 0.000901711
         220    0.336426    0.325135 0.000899085
         221    0.331646    0.325164 0.000895499
         222    0.323141    0.325155 0.000891512
         223    0.315621    0.325112 0.000888538
         224    0.327017    0.325121 0.000884612
         225     0.34272    0.325199 0.000884132
         226    0.340966    0.325269 0.000882968
         227    0.338797    0.325329 0.000881087
         228     0.31766    0.325295 0.000877865
         229    0.335458    0.325339 0.000875152
         230    0.327741     0.32535  0.00087141
         231    0.312246    0.325293 0.000869482
         232    0.314787    0.325248 0.000866912
         233    0.335759    0.325293 0.000864365
         234     0.32034    0.325272  0.00086093
         235    0.321639    0.325256 0.000857405
         236    0.312605    0.325203 0.000855446
         237    0.308016     0.32513 0.000854905
         238    0.301588    0.325031 0.000857016
         239    0.341158    0.325099 0.000856083
         240    0.321266    0.325083 0.000852665
         241    0.324228    0.325079 0.000849134
         242    0.320469     0.32506 0.000845839
         243    0.311355    0.325004 0.000844236
         244    0.318093    0.324975 0.000841251
         245    0.311671    0.324921 0.000839568
         246      0.3333    0.324955 0.000836846
         247    0.327589    0.324966 0.000833526
         248    0.299671    0.324864 0.000836382
         249     0.30699    0.324792 0.000836098
         250     0.32367    0.324788 0.000832766
         251    0.315267     0.32475 0.000830311
         252     0.31486     0.32471 0.000827943
         253    0.327148     0.32472 0.000824727
         254      0.3342    0.324757 0.000822324
         255    0.331929    0.324785  0.00081958
         256    0.329303    0.324803 0.000816568
         257    0.367234    0.324968 0.000829914
         258    0.305159    0.324891 0.000830241
         259    0.335388    0.324932 0.000828024
         260    0.336351    0.324976 0.000826003
         261    0.322573    0.324967  0.00082289
         262     0.32615    0.324971 0.000819762
         263    0.326958    0.324979 0.000816679
         264    0.330918    0.325001 0.000813896
         265    0.297247    0.324896 0.000817535
         266    0.324795    0.324896 0.000814462
         267    0.319602    0.324876 0.000811653
         268    0.318193    0.324851 0.000809007
         269    0.351948    0.324952 0.000812247
         270     0.30856    0.324891 0.000811504
         271    0.297832    0.324791 0.000814629
         272    0.340171    0.324848 0.000813594
         273     0.32525     0.32485 0.000810615
         274    0.326396    0.324855 0.000807676
         275    0.322319    0.324846 0.000804792
         276    0.333204    0.324876 0.000802446
         277    0.320514     0.32486 0.000799703
         278    0.330797    0.324882 0.000797112
         279    0.320849    0.324867 0.000794386
         280    0.313119    0.324825 0.000792656
         281    0.316809    0.324797 0.000790348
         282    0.307351    0.324735 0.000789963
         283    0.308253    0.324677 0.000789316
         284     0.33519    0.324714 0.000787404
         285    0.293362    0.324604 0.000792288
         286     0.29919    0.324515 0.000794485
         287    0.317595    0.324491 0.000792083
         288    0.331726    0.324516 0.000789731
         289    0.331979    0.324542  0.00078742
         290    0.321978    0.324533 0.000784755
         291    0.336395    0.324574 0.000783116
         292     0.30735    0.324515 0.000782652
         293    0.349954    0.324602 0.000784782
         294    0.322165    0.324593 0.000782157
         295    0.318112    0.324571 0.000779814
         296    0.344537    0.324639 0.000780091
         297     0.31935    0.324621 0.000777668
         298    0.331393    0.324644  0.00077539
         299    0.335193    0.324679 0.000773599
         300    0.323297    0.324674 0.000771034
         301     0.33135    0.324696 0.000768791
         302    0.301202    0.324619 0.000770172
         303    0.307994    0.324564 0.000769582
         304    0.338221    0.324609 0.000768361
         305    0.336617    0.324648  0.00076685
         306    0.322353    0.324641  0.00076438
         307    0.323825    0.324638 0.000761895
         308    0.313141    0.324601 0.000760335
         309    0.337542    0.324643 0.000759027
         310    0.328269    0.324654 0.000756669
         311    0.315362    0.324624 0.000754826
         312    0.332615     0.32465 0.000752841
         313     0.31657    0.324624 0.000750878
         314    0.318703    0.324605 0.000748723
         315    0.288162     0.32449 0.000755232
         316    0.306698    0.324433 0.000754938
         317    0.334996    0.324467 0.000753291
         318    0.312803     0.32443 0.000751815
         319    0.330209    0.324448 0.000749676
         320    0.311293    0.324407  0.00074846
         321    0.307277    0.324354 0.000748028
         322    0.301593    0.324283 0.000749037
         323    0.319119    0.324267 0.000746889
         324    0.311189    0.324227 0.000745673
         325    0.329329    0.324242 0.000743544
         326    0.329839    0.324259 0.000741462
         327    0.318095    0.324241 0.000739434
         328     0.29944    0.324165 0.000741035
         329    0.321219    0.324156 0.000738837
         330     0.33072    0.324176 0.000736866
         331    0.303251    0.324113 0.000737346
         332    0.328705    0.324126 0.000735255
         333    0.315439      0.3241  0.00073351
         334     0.31577    0.324075 0.000731737
         335    0.316307    0.324052 0.000729921
         336    0.319399    0.324038 0.000727879
         337    0.331093    0.324059 0.000726021
         338    0.326718    0.324067 0.000723915
         339     0.31372    0.324037 0.000722423
         340    0.309685    0.323994  0.00072153
         341    0.313863    0.323965 0.000720026
         342    0.339928    0.324011 0.000719432
         343    0.280647    0.323885 0.000728358
         344    0.318017    0.323868 0.000726441
         345    0.312932    0.323836 0.000725026
         346    0.313462    0.323806 0.000723551
         347    0.306571    0.323757 0.000723168
         348    0.333787    0.323785 0.000721664
         349     0.30811    0.323741 0.000720993
         350    0.307391    0.323694 0.000720445
         351    0.330554    0.323713 0.000718657
         352    0.338579    0.323756 0.000717855
         353    0.324832    0.323759 0.000715828
         354    0.318493    0.323744 0.000713961
         355    0.321492    0.323737 0.000711978
         356    0.322355    0.323734 0.000709988
         357    0.316639    0.323714 0.000708278
         358    0.335631    0.323747 0.000707081
         359    0.330365    0.323765 0.000705352
         360    0.345775    0.323827 0.000706037
         361    0.346214    0.323889   0.0007068
         362    0.316912    0.323869  0.00070511
         363    0.329725    0.323885 0.000703352
         364    0.332257    0.323908 0.000701795
         365     0.34477    0.323966 0.000702196
         366    0.298883    0.323897 0.000703614
         367    0.308435    0.323855 0.000702957
         368     0.33907    0.323896 0.000702262
         369    0.317114    0.323878 0.000700599
         370    0.328397     0.32389 0.000698812
         371    0.317575    0.323873 0.000697136
         372    0.317552    0.323856 0.000695469
         373    0.332315    0.323879 0.000693974
         374    0.334302    0.323907 0.000692678
         375    0.307049    0.323862 0.000692288
         376     0.30442     0.32381 0.000692375
         377    0.286451    0.323711 0.000697594
         378    0.316473    0.323692 0.000696011
         379    0.342588    0.323742 0.000695958
         380    0.319944    0.323732 0.000694199
         381    0.306303    0.323686 0.000693882
         382    0.329295    0.323701 0.000692221
         383    0.310505    0.323666 0.000691271
         384    0.311262    0.323634 0.000690225
         385    0.312305    0.323604 0.000689059
         386    0.308998    0.323566 0.000688312
         387    0.327219    0.323576 0.000686598
         388    0.325172     0.32358 0.000684841
         389    0.329853    0.323596  0.00068327
         390      0.2959    0.323525 0.000685198
         391    0.305556    0.323479 0.000684985
         392     0.31384    0.323455 0.000683679
         393    0.329092    0.323469  0.00068209
         394    0.334972    0.323498 0.000680983
         395    0.331497    0.323518  0.00067956
         396    0.310565    0.323486 0.000678631
         397    0.310986    0.323454 0.000677652
         398     0.31987    0.323445 0.000676009
         399    0.308822    0.323409 0.000675307
         400    0.309939    0.323375 0.000674458
         401     0.34008    0.323417 0.000674062
         402    0.302945    0.323366 0.000674306
         403    0.322854    0.323364 0.000672634
         404    0.327614    0.323375 0.000671051
         405    0.305755    0.323331 0.000670803
         406    0.314551     0.32331 0.000669499
         407    0.326123    0.323317  0.00066789
         408    0.319786    0.323308 0.000666309
         409    0.312168    0.323281 0.000665236
         410    0.329219    0.323295 0.000663771
         411    0.297477    0.323232 0.000665122
         412    0.330797    0.323251 0.000663761
         413    0.314501     0.32323 0.000662492
         414    0.324602    0.323233   0.0006609
         415     0.31275    0.323208  0.00065979
         416    0.320096      0.3232 0.000658247
         417    0.311012    0.323171 0.000657317
         418    0.289183     0.32309 0.000660754
         419    0.332005    0.323111  0.00065952
         420    0.321252    0.323106 0.000657964
         421     0.32445     0.32311 0.000656409
         422    0.316421    0.323094 0.000655045
         423    0.335611    0.323123 0.000654164
         424    0.332479    0.323145 0.000652993
         425     0.32408    0.323148 0.000651461
         426    0.334837    0.323175 0.000650509
         427    0.349442    0.323237 0.000651888
         428    0.304496    0.323193 0.000651833
         429    0.309181     0.32316 0.000651132
         430    0.323009     0.32316 0.000649618
         431    0.330393    0.323177 0.000648327
         432    0.338943    0.323213 0.000647853
         433    0.288393    0.323133 0.000651328
         434     0.33881    0.323169 0.000650829
         435    0.324127    0.323171 0.000649336
         436    0.343388    0.323217   0.0006495
         437    0.337397     0.32325 0.000648824
         438       0.306     0.32321 0.000648537
         439    0.328729    0.323223 0.000647182
         440    0.347639    0.323279 0.000648085
         441    0.317039    0.323264  0.00064677
         442    0.328333    0.323276 0.000645408
         443    0.325039     0.32328 0.000643964
         444     0.28371    0.323191 0.000648651
         445     0.31703    0.323177 0.000647341
         446    0.342317     0.32322 0.000647311
         447    0.311269    0.323193 0.000646414
         448    0.304426    0.323151 0.000646327
         449    0.315504    0.323134 0.000645112
         450     0.32819    0.323145 0.000643777
         451    0.324462    0.323148 0.000642356
         452     0.31816    0.323137 0.000641029
         453     0.32941    0.323151 0.000639764
         454    0.319766    0.323144 0.000638398
         455    0.328468    0.323155 0.000637102
         456    0.313798    0.323135 0.000636036
         457    0.316889    0.323121 0.000634791
         458    0.349905     0.32318 0.000636093
         459     0.32146    0.323176 0.000634718
         460    0.324759    0.323179 0.000633347
         461    0.332085    0.323199 0.000632268
         462    0.339239    0.323233 0.000631852
         463    0.308188    0.323201 0.000631322
         464    0.315122    0.323183 0.000630202
         465    0.312807    0.323161 0.000629242
         466    0.314074    0.323142 0.000628193
         467    0.326798    0.323149 0.000626897
         468    0.322313    0.323148  0.00062556
         469    0.313468    0.323127 0.000624567
         470    0.325894    0.323133 0.000623265
         471    0.321468    0.323129 0.000621952
         472     0.32956    0.323143 0.000620784
         473    0.316664    0.323129 0.000619622
         474    0.339965    0.323165 0.000619332
         475    0.319759    0.323158  0.00061807
         476    0.325347    0.323162 0.000616789
         477    0.332409    0.323182   0.0006158
         478    0.346292     0.32323 0.000616407
         479    0.326026    0.323236 0.000615148
         480    0.330053     0.32325  0.00061403
         481    0.309718    0.323222 0.000613398
         482    0.337035    0.323251 0.000612794
         483    0.332001    0.323269 0.000611793
         484    0.315541    0.323253 0.000610737
         485    0.342313    0.323292 0.000610741
         486    0.311098    0.323267     0.00061
         487    0.337263    0.323296 0.000609424
         488    0.325682    0.323301 0.000608194
         489    0.280797    0.323214  0.00061313
         490    0.300416    0.323167 0.000613642
         491     0.31063    0.323142 0.000612923
         492    0.313524    0.323122 0.000611989
         493    0.325413    0.323127 0.000610765
         494     0.30572    0.323091 0.000610544
         495      0.3238    0.323093 0.000609313
         496    0.361767    0.323171 0.000613053
         497    0.320983    0.323166 0.000611835
         498    0.339935      0.3232 0.000611532
         499    0.342356    0.323238 0.000611511
         500    0.320069    0.323232  0.00061032
         501    0.319906    0.323226 0.000609138
         502    0.311391    0.323202 0.000608381
         503    0.338255    0.323232 0.000607907
         504    0.310857    0.323207 0.000607196
         505    0.318538    0.323198 0.000606064
         506    0.287688    0.323128 0.000608916
         507    0.316916    0.323116 0.000607838
         508    0.321082    0.323112 0.000606655
         509    0.324267    0.323114 0.000605467
         510    0.330842    0.323129  0.00060447
         511    0.301519    0.323087 0.000604764
         512     0.31658    0.323074 0.000603717
         513    0.340956    0.323109 0.000603545
         514    0.327289    0.323117 0.000602426
         515    0.321109    0.323113 0.000601269
         516    0.320666    0.323108 0.000600122
         517    0.294124    0.323052 0.000601574
         518    0.327895    0.323062 0.000600486
         519    0.317813    0.323052 0.000599414
         520    0.332328    0.323069 0.000598527
         521     0.32257    0.323068 0.000597379
         522    0.293969    0.323013  0.00059883
         523    0.331717    0.323029 0.000597916
         524    0.343079    0.323068 0.000597998
         525    0.339457    0.323099 0.000597673
         526     0.32158    0.323096 0.000596544
         527    0.343402    0.323134 0.000596655
         528    0.334373    0.323156 0.000595904
         529    0.336612    0.323181 0.000595321
         530    0.325704    0.323186 0.000594216
         531    0.323485    0.323187 0.000593098
         532    0.320303    0.323181 0.000592007
         533    0.324099    0.323183 0.000590899
         534    0.325761    0.323188 0.000589812
         535     0.31903     0.32318 0.000588761
         536    0.299545    0.323136 0.000589312
         537    0.340439    0.323168 0.000589095
         538    0.348735    0.323216 0.000589913
         539    0.327891    0.323224 0.000588883
         540    0.346552    0.323267 0.000589375
         541    0.339558    0.323298 0.000589054
         542    0.330776    0.323311 0.000588129
         543    0.322863     0.32331 0.000587046
         544    0.319051    0.323303 0.000586019
         545    0.335285    0.323325 0.000585356
         546    0.334077    0.323344 0.000584615
         547    0.341496    0.323378 0.000584488
         548    0.349713    0.323426 0.000585393
         549    0.319121    0.323418  0.00058438
         550    0.309272    0.323392 0.000583883
         551    0.321953    0.323389 0.000582829
         552    0.338571    0.323417 0.000582422
         553    0.355265    0.323475 0.000584209
         554    0.339186    0.323503 0.000583842
         555    0.312735    0.323483 0.000583113
         556    0.305319    0.323451 0.000582978
         557    0.326752    0.323457 0.000581962
         558    0.333512    0.323475 0.000581198
         559    0.295876    0.323425 0.000582251
         560    0.326043     0.32343 0.000581231
         561    0.322376    0.323428 0.000580197
         562    0.321813    0.323425 0.000579172
         563    0.319927    0.323419 0.000578177
         564    0.305581    0.323387 0.000578016
         565    0.314346    0.323371 0.000577215
         566    0.322157    0.323369 0.000576199
         567    0.349401    0.323415 0.000577009
         568    0.304346    0.323382 0.000576969
         569    0.318203    0.323373 0.000576026
         570    0.319125    0.323365 0.000575064
         571    0.328745    0.323375 0.000574134
         572    0.329345    0.323385 0.000573225
         573    0.333055    0.323402 0.000572473
         574    0.333019    0.323419 0.000571721
         575    0.333978    0.323437 0.000571022
         576    0.336421    0.323459 0.000570475
         577    0.317455    0.323449 0.000569581
         578    0.326233    0.323454 0.000568616
         579    0.337946    0.323479 0.000568185
         580    0.328064    0.323487  0.00056726
         581    0.315557    0.323473 0.000566448
         582    0.312457    0.323454 0.000565791
         583    0.321128     0.32345 0.000564834
         584    0.330743    0.323463 0.000564005
         585    0.324127    0.323464 0.000563042
         586     0.32042    0.323459 0.000562105
         587    0.326422    0.323464  0.00056117
         588    0.308163    0.323438 0.000560819
         589    0.323269    0.323437 0.000559867
         590    0.341717    0.323468 0.000559775
         591    0.334098    0.323486 0.000559116
         592    0.322993    0.323486 0.000558173
         593    0.295705    0.323439 0.000559194
         594     0.33559    0.323459 0.000558626
         595    0.329318    0.323469 0.000557774
         596    0.329251    0.323479 0.000556923
         597    0.323548    0.323479  0.00055599
         598    0.317046    0.323468 0.000555164
         599    0.321614    0.323465 0.000554246
         600    0.308863    0.323441 0.000553856
         601    0.299412    0.323401 0.000554376
         602    0.333554    0.323418 0.000553712
         603     0.32588    0.323422 0.000552808
         604    0.328491     0.32343 0.000551957
         605    0.323125     0.32343 0.000551045
         606    0.316383    0.323418 0.000550258
         607    0.317735    0.323409 0.000549431
         608     0.33932    0.323435 0.000549151
         609    0.325543    0.323438  0.00054826
         610    0.308071    0.323413 0.000547939
         611    0.327794     0.32342  0.00054709
         612    0.324916    0.323423 0.000546201
         613    0.304735    0.323392  0.00054616
         614     0.32135    0.323389 0.000545281
         615     0.31132    0.323369 0.000544747
         616    0.327393    0.323376 0.000543902
         617    0.334245    0.323393 0.000543306
         618    0.321055    0.323389  0.00054244
         619    0.343817    0.323422 0.000542566
         620    0.354117    0.323472 0.000543945
         621    0.296194    0.323428  0.00054484
         622    0.322123    0.323426 0.000543968
         623    0.324357    0.323427 0.000543097
         624    0.323751    0.323428 0.000542227
         625    0.334322    0.323445 0.000541639
         626    0.336801    0.323467 0.000541194
         627    0.322701    0.323466 0.000540333
         628    0.311754    0.323447 0.000539794
         629    0.328005    0.323454 0.000538984
         630    0.318828    0.323447 0.000538179
         631    0.327219    0.323453 0.000537359
         632    0.302158    0.323419 0.000537564
         633    0.320788    0.323415 0.000536731
         634    0.341341    0.323443 0.000536629
         635    0.296937    0.323401 0.000537405
         636    0.308777    0.323378 0.000537051
         637    0.327592    0.323385 0.000536249
         638    0.319115    0.323378  0.00053545
         639    0.322463    0.323377 0.000534614
         640    0.324894    0.323379 0.000533784
         641     0.33648      0.3234 0.000533342
         642    0.322686    0.323399 0.000532513
         643     0.32731    0.323405 0.000531719
         644    0.305519    0.323377 0.000531619
         645    0.336017    0.323397 0.000531155
         646    0.302319    0.323364 0.000531334
         647    0.342186    0.323393 0.000531309
         648    0.312333    0.323376 0.000530763
         649    0.309694    0.323355 0.000530364
         650    0.319325    0.323349 0.000529584
         651    0.323107    0.323348 0.000528771
         652    0.320615    0.323344 0.000527976
         653    0.322872    0.323343 0.000527168
         654    0.335392    0.323362 0.000526684
         655    0.328849     0.32337 0.000525947
         656    0.313929    0.323356 0.000525342
         657    0.323294    0.323356 0.000524542
         658    0.314358    0.323342 0.000523923
         659    0.325447    0.323345 0.000523138
         660    0.324293    0.323347 0.000522347
         661    0.323965    0.323348 0.000521558
         662    0.321786    0.323345 0.000520775
         663    0.326021    0.323349 0.000520006
         664    0.336142    0.323369 0.000519579
         665    0.327205    0.323374  0.00051883
         666    0.307934    0.323351 0.000518569
         667    0.335807     0.32337 0.000518127
         668    0.306715    0.323345 0.000517951
         669    0.335505    0.323363 0.000517496
         670    0.295252    0.323321 0.000518421
         671    0.310219    0.323302 0.000518016
         672    0.305408    0.323275  0.00051793
         673    0.324105    0.323276 0.000517161
         674    0.320413    0.323272 0.000516412
         675      0.3348    0.323289 0.000515929
         676    0.328889    0.323297 0.000515232
         677    0.332365    0.323311 0.000514645
         678    0.336546     0.32333 0.000514256
         679    0.308714    0.323309 0.000513949
         680    0.325733    0.323312 0.000513206
         681    0.312984    0.323297 0.000512676
         682    0.323372    0.323297 0.000511924
         683    0.327945    0.323304  0.00051122
         684    0.322184    0.323302 0.000510475
         685    0.316381    0.323292  0.00050983
         686    0.325623    0.323296 0.000509098
         687    0.338924    0.323318 0.000508865
         688     0.30987    0.323299 0.000508501
         689    0.328853    0.323307 0.000507827
         690     0.34255    0.323335 0.000507856
         691    0.304466    0.323307 0.000507855
         692    0.280113    0.323245 0.000510942
         693    0.328087    0.323252 0.000510253
         694    0.318509    0.323245 0.000509563
         695    0.330101    0.323255 0.000508926
         696    0.310328    0.323237 0.000508533
         697     0.34933    0.323274  0.00050918
         698    0.344717    0.323305 0.000509376
         699    0.317795    0.323297 0.000508708
         700    0.331788    0.323309 0.000508126
         701    0.326515    0.323313 0.000507422
         702    0.323064    0.323313 0.000506699
         703    0.332793    0.323327 0.000506158
         704    0.319284    0.323321 0.000505472
         705    0.344634    0.323351 0.000505658
         706    0.339146    0.323373 0.000505436
         707      0.3379    0.323394 0.000505139
         708    0.327141    0.323399 0.000504453
         709     0.33289    0.323413 0.000503919
         710     0.33799    0.323433 0.000503628
         711    0.305265    0.323408 0.000503567
         712    0.316736    0.323398 0.000502947
         713    0.304705    0.323372 0.000502924
         714    0.319306    0.323366 0.000502252
         715    0.331128    0.323377 0.000501667
         716    0.312976    0.323363 0.000501177
         717    0.330052    0.323372 0.000500565
         718    0.329096     0.32338 0.000499931
         719    0.310276    0.323362 0.000499568
         720    0.315882    0.323351 0.000498982
         721    0.342054    0.323377 0.000498964
         722    0.302614    0.323349   0.0004991
         723    0.324372     0.32335 0.000498412
         724    0.333361    0.323364 0.000497916
         725     0.31363     0.32335  0.00049741
         726    0.320674    0.323347 0.000496738
         727    0.305644    0.323322 0.000496651
         728    0.315687    0.323312  0.00049608
         729     0.31929    0.323306  0.00049543
         730    0.311344     0.32329 0.000495022
         731     0.30895     0.32327 0.000494734
         732    0.307493    0.323249 0.000494527
         733    0.344392    0.323278 0.000494693
         734     0.31373    0.323265  0.00049419
         735    0.316833    0.323256 0.000493595
         736    0.330088    0.323265 0.000493012
         737    0.328898    0.323273 0.000492402
         738    0.341755    0.323298 0.000492371
         739    0.321571    0.323296 0.000491711
         740    0.339624    0.323318 0.000491541
         741    0.308616    0.323298 0.000491278
         742     0.33143    0.323309 0.000490738
         743    0.317503    0.323301  0.00049014
         744    0.308033     0.32328  0.00048991
         745    0.318636    0.323274 0.000489292
         746    0.328139    0.323281  0.00048868
         747    0.313439    0.323267 0.000488203
         748    0.336379    0.323285 0.000487865
         749    0.317742    0.323278  0.00048727
         750    0.302628     0.32325 0.000487398
         751    0.320327    0.323246 0.000486764
         752    0.332847    0.323259 0.000486284
         753    0.315157    0.323248 0.000485757
         754    0.339423     0.32327 0.000485587
         755    0.349086    0.323304 0.000486146
         756    0.306832    0.323282 0.000485991
         757    0.313032    0.323269 0.000485538
         758    0.321659    0.323266 0.000484902
         759    0.325662     0.32327 0.000484273
         760    0.336223    0.323287 0.000483936
         761    0.340046    0.323309 0.000483801
         762    0.328762    0.323316 0.000483219
         763    0.293815    0.323277  0.00048413
         764    0.281969    0.323223 0.000486506
         765    0.332675    0.323235 0.000486027
         766    0.302382    0.323208 0.000486154
         767    0.323543    0.323209  0.00048552
         768    0.313046    0.323195 0.000485069
         769    0.328707    0.323203 0.000484491
         770    0.335349    0.323218 0.000484118
         771    0.317317    0.323211 0.000483551
         772    0.329713    0.323219 0.000482998
         773    0.319247    0.323214   0.0004824
         774    0.322662    0.323213 0.000481778
         775    0.344809    0.323241 0.000481961
         776    0.316699    0.323233 0.000481414
         777    0.315563    0.323223 0.000480895
         778    0.334485    0.323237 0.000480495
         779    0.320333    0.323234 0.000479893
         780    0.316644    0.323225 0.000479352
         781    0.318641    0.323219 0.000478774
         782    0.330486    0.323229 0.000478252
         783    0.350604    0.323263 0.000478917
         784    0.337804    0.323282 0.000478666
         785    0.313411    0.323269 0.000478221
         786    0.325929    0.323273 0.000477624
         787    0.317167    0.323265 0.000477081
         788    0.322256    0.323264 0.000476477
         789    0.300031    0.323234 0.000476782
         790    0.347366    0.323265 0.000477156
         791    0.319488     0.32326 0.000476577
         792    0.330745     0.32327 0.000476069
         793    0.335387    0.323285 0.000475713
         794    0.336312    0.323301 0.000475397
         795    0.338126     0.32332 0.000475165
         796    0.337841    0.323338 0.000474918
         797    0.343384    0.323363 0.000474988
         798    0.327531    0.323369 0.000474421
         799    0.312974    0.323356 0.000474006
         800     0.30323     0.32333  0.00047408
         801    0.328831    0.323337 0.000473538
         802    0.320137    0.323333 0.000472965
         803    0.336824     0.32335 0.000472674
         804    0.301109    0.323322 0.000472895
         805    0.322624    0.323322 0.000472308
         806    0.331697    0.323332 0.000471836
         807    0.314255    0.323321 0.000471386
         808    0.322896     0.32332 0.000470803
         809    0.324068    0.323321 0.000470222
         810    0.316382    0.323312 0.000469719
         811     0.31031    0.323296 0.000469413
         812    0.307775    0.323277 0.000469224
         813    0.342676    0.323301 0.000469254
         814    0.351707    0.323336 0.000469973
         815    0.312605    0.323323 0.000469581
         816    0.330752    0.323332 0.000469093
         817    0.318596    0.323326 0.000468555
         818    0.328194    0.323332  0.00046802
         819    0.330805    0.323341 0.000467537
         820     0.31966    0.323337 0.000466989
         821    0.332502    0.323348 0.000466553
         822    0.328059    0.323354 0.000466021
         823    0.324094    0.323355 0.000465456
         824    0.315161    0.323345 0.000464997
         825    0.310154    0.323329 0.000464708
         826    0.314017    0.323317 0.000464282
         827     0.30561    0.323296 0.000464214
         828     0.32511    0.323298 0.000463659
         829    0.321427    0.323296 0.000463105
         830    0.315288    0.323286 0.000462648
         831    0.315635    0.323277 0.000462182
         832    0.323559    0.323277 0.000461627
         833    0.316679    0.323269 0.000461141
         834    0.311399    0.323255 0.000460808
         835    0.290289    0.323216 0.000461944
         836    0.305478    0.323195 0.000461878
         837    0.317799    0.323188 0.000461372
         838    0.346252    0.323216 0.000461641
         839    0.334334    0.323229 0.000461281
         840    0.357024    0.323269 0.000462483
         841    0.332568     0.32328 0.000462065
         842     0.32432    0.323281 0.000461518
         843    0.321819     0.32328 0.000460974
         844    0.321439    0.323278 0.000460433
         845    0.307744    0.323259 0.000460255
         846     0.32353    0.323259 0.000459711
         847    0.331161    0.323269 0.000459263
         848    0.314203    0.323258 0.000458846
         849    0.319285    0.323253 0.000458329
         850    0.326716    0.323257 0.000457808
         851     0.32954    0.323265  0.00045733
         852    0.337254    0.323281 0.000457087
         853    0.322832    0.323281 0.000456552
         854     0.32953    0.323288 0.000456076
         855    0.333065    0.323299 0.000455686
         856    0.308941    0.323283 0.000455462
         857    0.326964    0.323287 0.000454951
         858    0.319879    0.323283 0.000454438
         859    0.321391    0.323281 0.000453914
         860    0.335105    0.323295 0.000453595
         861    0.330196    0.323303 0.000453139
         862    0.323307    0.323303 0.000452613
         863    0.330887    0.323311 0.000452174
         864    0.315663    0.323303 0.000451737
         865    0.338742     0.32332 0.000451567
         866    0.354534    0.323356 0.000452482
         867    0.298509    0.323328 0.000452867
         868    0.319855    0.323324 0.000452363
         869    0.312061    0.323311 0.000452028
         870    0.336143    0.323326 0.000451749
         871    0.320783    0.323323  0.00045124
         872    0.320415    0.323319 0.000450734
         873    0.303606    0.323297 0.000450783
         874    0.306318    0.323277 0.000450686
         875    0.344195    0.323301 0.000450805
         876     0.34136    0.323322 0.000450761
         877     0.30677    0.323303 0.000450642
         878    0.308583    0.323286 0.000450441
         879    0.320637    0.323283 0.000449938
         880    0.300576    0.323257 0.000450166
         881    0.326373    0.323261 0.000449669
         882    0.325843    0.323264 0.000449169
         883    0.324471    0.323265 0.000448662
         884    0.332228    0.323275 0.000448269
         885    0.307136    0.323257 0.000448134
         886    0.324479    0.323258  0.00044763
         887    0.338313    0.323275 0.000447447
         888    0.313818    0.323265  0.00044707
         889    0.303365    0.323242 0.000447127
         890    0.327225    0.323247 0.000446647
         891    0.320032    0.323243  0.00044616
         892    0.338454     0.32326 0.000445986
         893    0.310446    0.323246 0.000445717
         894    0.296478    0.323216 0.000446223
         895    0.303337    0.323194 0.000446277
         896      0.3085    0.323177  0.00044608
         897    0.298113     0.32315 0.000446457
         898     0.32281    0.323149  0.00044596
         899    0.333714    0.323161 0.000445619
         900    0.311907    0.323148 0.000445299
         901    0.314775    0.323139 0.000444902
         902    0.285826    0.323098 0.000446328
         903     0.30463    0.323077 0.000446302
         904    0.306859    0.323059 0.000446168
         905    0.306233    0.323041 0.000446063
         906    0.316974    0.323034 0.000445621
         907    0.297352    0.323006 0.000446028
         908    0.335835     0.32302 0.000445761
         909     0.33787    0.323036 0.000445569
         910    0.326569     0.32304 0.000445097
         911    0.309505    0.323025 0.000444856
         912    0.320672    0.323023 0.000444376
         913    0.329762     0.32303  0.00044395
         914    0.357008    0.323067 0.000445018
         915    0.294063    0.323035 0.000445659
         916    0.305733    0.323017 0.000445573
         917     0.32959    0.323024 0.000445145
         918    0.338343     0.32304 0.000444973
         919    0.326846    0.323045 0.000444508
         920    0.298132    0.323018 0.000444848
         921    0.323194    0.323018 0.000444366
         922    0.329146    0.323024 0.000443933
         923    0.317136    0.323018 0.000443498
         924    0.321798    0.323017  0.00044302
         925    0.319459    0.323013 0.000442558
         926    0.316484    0.323006 0.000442136
         927    0.313333    0.322995 0.000441782
         928    0.324963    0.322997 0.000441311
         929    0.317757    0.322992 0.000440872
         930    0.323121    0.322992 0.000440398
         931    0.327599    0.322997 0.000439953
         932    0.316639     0.32299 0.000439534
         933     0.32278     0.32299 0.000439063
         934    0.341147    0.323009 0.000439023
         935    0.311323    0.322997 0.000438731
         936    0.328017    0.323002 0.000438295
         937    0.319048    0.322998 0.000437848
         938    0.305818     0.32298 0.000437764
         939    0.307536    0.322963 0.000437607
         940    0.346041    0.322988 0.000437829
         941    0.323551    0.322988 0.000437364
         942    0.317049    0.322982 0.000436945
         943    0.326191    0.322985 0.000436495
         944    0.314758    0.322977  0.00043612
         945    0.312299    0.322965 0.000435805
         946    0.326739    0.322969 0.000435362
         947    0.324209    0.322971 0.000434905
         948    0.323166    0.322971 0.000434446
         949    0.319691    0.322967 0.000434002
         950    0.326264    0.322971 0.000433559
         951    0.307268    0.322954 0.000433417
         952    0.299729     0.32293 0.000433648
         953    0.318185    0.322925 0.000433222
         954    0.312784    0.322914 0.000432898
         955    0.320806    0.322912  0.00043245
         956    0.324559    0.322914 0.000432001
         957     0.33022    0.322922 0.000431617
         958    0.306244    0.322904 0.000431518
         959    0.330099    0.322912 0.000431133
         960     0.34045     0.32293 0.000431071
         961    0.331117    0.322938 0.000430706
         962    0.307519    0.322922 0.000430557
         963    0.327468    0.322927 0.000430136
         964    0.294054    0.322897 0.000430731
         965    0.300912    0.322874 0.000430887
         966    0.328826    0.322881 0.000430485
         967    0.328211    0.322886 0.000430075
         968    0.309723    0.322872 0.000429845
         969    0.312003    0.322861 0.000429548
         970    0.334554    0.322873 0.000429274
         971    0.302795    0.322853  0.00042933
         972    0.316371    0.322846  0.00042894
         973    0.326864     0.32285 0.000428519
         974    0.349621    0.322878  0.00042896
         975    0.320041    0.322875  0.00042853
         976    0.333942    0.322886 0.000428241
         977    0.301523    0.322864  0.00042836
         978    0.325078    0.322866 0.000427928
         979    0.342217    0.322886 0.000427947
         980    0.335265    0.322899 0.000427697
         981    0.316771    0.322893 0.000427307
         982     0.30493    0.322874 0.000427263
         983    0.323825    0.322875 0.000426829
         984    0.311783    0.322864 0.000426544
         985    0.325911    0.322867 0.000426123
         986    0.318868    0.322863  0.00042571
         987    0.325003    0.322865 0.000425284
         988    0.310286    0.322852 0.000425044
         989    0.311095    0.322841  0.00042478
         990    0.315081    0.322833 0.000424424
         991      0.3318    0.322842 0.000424092
         992    0.322258    0.322841 0.000423665
         993     0.31755    0.322836 0.000423272
         994    0.341528    0.322855 0.000423263
         995    0.327502    0.322859 0.000422864
         996    0.319938    0.322856 0.000422449
         997    0.303943    0.322837 0.000422451
         998    0.314192    0.322829 0.000422117
         999     0.32823    0.322834 0.000421729
        1000    0.323138    0.322834 0.000421307
        1001    0.328994    0.322841 0.000420931
        1002    0.333372    0.322851 0.000420642
        1003    0.315911    0.322844  0.00042028
        1004    0.317813    0.322839 0.000419891
        1005     0.32123    0.322838 0.000419476
        1006    0.319617    0.322834 0.000419072
        1007    0.324196    0.322836 0.000418658
        1008    0.332471    0.322845 0.000418352
        1009    0.330104    0.322852 0.000417999
        1010    0.323347    0.322853 0.000417585
        1011    0.317091    0.322847 0.000417211
        1012    0.315244     0.32284 0.000416866
        1013    0.317919    0.322835 0.000416483
        1014    0.328109     0.32284 0.000416105
        1015     0.31836    0.322836 0.000415718
        1016    0.317371     0.32283 0.000415344
        1017    0.310975    0.322819 0.000415099
        1018    0.300556    0.322797 0.000415267
        1019    0.287685    0.322762 0.000416287
        1020    0.314551    0.322754 0.000415956
        1021    0.317041    0.322749 0.000415587
        1022    0.311224    0.322737 0.000415333
        1023    0.333851    0.322748 0.000415069
        1024    0.306372    0.322732 0.000414972
        1025    0.317117    0.322727 0.000414603
        1026    0.309273    0.322714 0.000414406
        1027    0.320342    0.322711 0.000414009
        1028    0.294016    0.322683 0.000414546
        1029    0.329848     0.32269 0.000414202
        1030    0.318255    0.322686 0.000413822
        1031    0.335015    0.322698 0.000413594
        1032    0.300513    0.322677 0.000413751
        1033    0.297359    0.322652 0.000414076
        1034    0.312973    0.322643 0.000413781
        1035    0.330023     0.32265 0.000413443
        1036    0.315531    0.322643 0.000413101
        1037    0.324135    0.322644 0.000412705
        1038    0.335814    0.322657 0.000412502
        1039    0.309963    0.322645 0.000412286
        1040      0.3295    0.322651 0.000411942
        1041    0.328626    0.322657 0.000411587
        1042    0.334593    0.322669 0.000411351
        1043    0.317912    0.322664 0.000410982
        1044     0.31394    0.322656 0.000410673
        1045    0.341804    0.322674 0.000410689
        1046    0.307118    0.322659 0.000410565
        1047    0.289836    0.322628 0.000411368
        1048    0.312378    0.322618 0.000411092
        1049    0.349028    0.322643  0.00041147
        1050    0.317846    0.322639 0.000411104
        1051    0.319986    0.322636 0.000410721
        1052    0.332074    0.322645 0.000410428
        1053    0.329148    0.322651 0.000410085
        1054    0.318282    0.322647 0.000409717
        1055    0.344726    0.322668 0.000409862
        1056    0.340306    0.322685 0.000409814
        1057    0.330726    0.322692 0.000409497
        1058    0.323541    0.322693 0.000409111
        1059    0.332651    0.322703 0.000408833
        1060    0.321307    0.322701 0.000408449
        1061    0.330474    0.322709  0.00040813
        1062    0.326822    0.322712 0.000407764
        1063    0.307452    0.322698 0.000407633
        1064    0.305593    0.322682 0.000407567
        1065    0.310306     0.32267  0.00040735
        1066    0.320733    0.322669 0.000406972
        1067    0.333814    0.322679 0.000406724
        1068    0.321845    0.322678 0.000406344
        1069    0.309687    0.322666 0.000406146
        1070      0.3186    0.322662 0.000405784
        1071    0.351805     0.32269 0.000406316
        1072    0.328951    0.322695 0.000405979
        1073    0.330731    0.322703  0.00040567
        1074    0.307767    0.322689 0.000405531
        1075    0.322257    0.322689 0.000405154
        1076    0.301947    0.322669 0.000405235
        1077    0.330507    0.322677 0.000404925
        1078    0.333583    0.322687 0.000404675
        1079    0.324674    0.322689 0.000404304
        1080    0.342118    0.322707  0.00040433
        1081    0.305812    0.322691 0.000404258
        1082    0.336166    0.322703 0.000404076
        1083    0.324112    0.322705 0.000403705
        1084    0.313439    0.322696 0.000403423
        1085    0.340917    0.322713 0.000403401
        1086    0.324177    0.322714 0.000403032
        1087    0.319976    0.322712 0.000402669
        1088    0.319789    0.322709 0.000402308
        1089    0.327161    0.322713 0.000401959
        1090    0.299425    0.322692 0.000402158
        1091    0.315346    0.322685 0.000401845
        1092    0.334259    0.322696 0.000401617
        1093    0.304836    0.322679 0.000401582
        1094     0.34677    0.322701 0.000401818
        1095    0.322308    0.322701 0.000401451
        1096    0.318327    0.322697 0.000401105
        1097    0.308174    0.322684 0.000400958
        1098    0.337722    0.322697 0.000400826
        1099    0.321235    0.322696 0.000400464
        1100     0.34563    0.322717 0.000400642
        1101    0.322095    0.322716 0.000400279
        1102    0.327577    0.322721  0.00039994
        1103    0.333086     0.32273 0.000399687
        1104    0.339792    0.322746 0.000399624
        1105    0.323486    0.322746 0.000399263
        1106    0.295011    0.322721 0.000399689
        1107    0.331407    0.322729 0.000399405
        1108    0.343095    0.322747 0.000399467
        1109    0.318025    0.322743 0.000399129
        1110    0.347372    0.322765 0.000399386
        1111    0.344728    0.322785 0.000399516
        1112    0.319543    0.322782 0.000399167
        1113    0.328254    0.322787 0.000398839
        1114    0.333326    0.322797 0.000398593
        1115    0.297044    0.322773 0.000398904
        1116    0.332523    0.322782 0.000398642
        1117    0.308952     0.32277 0.000398477
        1118     0.33522    0.322781 0.000398277
        1119    0.330174    0.322788 0.000397975
        1120    0.332724    0.322796 0.000397719
        1121    0.327783    0.322801 0.000397389
        1122    0.310538     0.32279 0.000397185
        1123    0.314973    0.322783 0.000396892
        1124    0.342163      0.3228 0.000396914
        1125    0.344451     0.32282 0.000397027
        1126    0.316627    0.322814 0.000396713
        1127    0.338509    0.322828 0.000396605
        1128    0.342397    0.322845 0.000396633
        1129    0.335126    0.322856 0.000396431
        1130    0.315294    0.322849 0.000396136
        1131    0.333644    0.322859 0.000395901
        1132    0.290211     0.32283   0.0003966
        1133    0.324667    0.322832 0.000396254
        1134    0.303509    0.322815  0.00039627
        1135    0.302026    0.322796 0.000396344
        1136    0.319547    0.322794 0.000396006
        1137    0.300882    0.322774 0.000396126
        1138    0.325462    0.322777 0.000395785
        1139    0.324141    0.322778 0.000395439
        1140    0.314121     0.32277 0.000395165
        1141    0.318379    0.322766 0.000394838
        1142    0.306823    0.322752 0.000394739
        1143    0.315086    0.322746  0.00039445
        1144    0.318374    0.322742 0.000394124
        1145    0.329954    0.322748  0.00039383
        1146    0.309214    0.322736 0.000393664
        1147    0.329771    0.322743 0.000393368
        1148    0.334637    0.322753 0.000393162
        1149    0.334821    0.322763  0.00039296
        1150    0.313969    0.322756 0.000392693
        1151    0.346702    0.322777 0.000392902
        1152    0.328945    0.322782 0.000392598
        1153    0.316241    0.322776 0.000392298
        1154    0.294582    0.322752 0.000392718
        1155    0.330633    0.322759 0.000392438
        1156    0.328596    0.322764 0.000392131
        1157    0.320412    0.322762 0.000391797
        1158     0.32055     0.32276 0.000391463
        1159    0.324306    0.322761 0.000391128
        1160    0.315061    0.322754 0.000390847
        1161    0.331983    0.322762 0.000390591
        1162    0.359174    0.322794  0.00039151
        1163    0.330098      0.3228 0.000391224
        1164    0.316492    0.322795 0.000390925
        1165    0.351119    0.322819 0.000391345
        1166    0.319488    0.322816  0.00039102
        1167    0.337389    0.322829 0.000390884
        1168    0.329676    0.322834 0.000390593
        1169    0.344101    0.322853 0.000390682
        1170    0.343143     0.32287 0.000390733
        1171     0.31436    0.322863 0.000390467
        1172    0.337507    0.322875 0.000390334
        1173     0.32938    0.322881  0.00039004
        1174    0.317221    0.322876 0.000389738
        1175    0.306999    0.322862  0.00038964
        1176    0.307758     0.32285 0.000389521
        1177    0.299141    0.322829  0.00038971
        1178    0.337001    0.322841 0.000389565
        1179    0.333435     0.32285 0.000389338
        1180    0.334173     0.32286 0.000389127
        1181      0.3275    0.322864 0.000388817
        1182    0.307813    0.322851 0.000388696
        1183    0.320074    0.322849 0.000388375
        1184    0.312865     0.32284 0.000388138
        1185    0.327897    0.322845 0.000387834
        1186    0.304877     0.32283 0.000387803
        1187    0.305251    0.322815 0.000387759
        1188    0.319908    0.322812  0.00038744
        1189    0.328282    0.322817 0.000387142
        1190    0.321391    0.322816 0.000386818
        1191    0.329825    0.322822 0.000386538
        1192    0.341355    0.322837 0.000386527
        1193    0.330291    0.322843 0.000386253
        1194    0.309942    0.322833 0.000386081
        1195     0.34532    0.322851 0.000386216
        1196    0.320165    0.322849   0.0003859
        1197    0.340559    0.322864 0.000385861
        1198    0.316565    0.322859 0.000385575
        1199    0.341495    0.322874 0.000385566
        1200    0.309833    0.322863 0.000385398
        1201    0.317967    0.322859 0.000385099
        1202    0.307681    0.322847 0.000384985
        1203    0.321941    0.322846 0.000384666
        1204    0.338403    0.322859 0.000384563
        1205    0.308655    0.322847 0.000384425
        1206    0.313703    0.322839 0.000384181
        1207    0.329741    0.322845 0.000383905
        1208    0.297718    0.322824  0.00038415
        1209    0.313621    0.322817 0.000383908
        1210    0.302259      0.3228 0.000383967
        1211    0.330644    0.322806 0.000383704
        1212     0.31854    0.322803 0.000383404
        1213    0.317871    0.322799 0.000383109
        1214    0.329975    0.322805 0.000382839
        1215    0.343794    0.322822 0.000382914
        1216     0.32634    0.322825  0.00038261
        1217    0.353157     0.32285 0.000383106
        1218    0.324505    0.322851 0.000382794
        1219    0.312473    0.322842 0.000382575
        1220    0.333049    0.322851 0.000382353
        1221    0.320879    0.322849 0.000382043
        1222    0.335504     0.32286 0.000381871
        1223    0.348356     0.32288 0.000382127
        1224     0.32944    0.322886 0.000381852
        1225    0.307424    0.322873 0.000381749
        1226    0.327076    0.322877 0.000381453
        1227    0.354565    0.322902 0.000382016
        1228    0.350556    0.322925 0.000382368
        1229    0.322757    0.322925 0.000382057
        1230    0.309081    0.322914 0.000381912
        1231    0.316308    0.322908 0.000381639
        1232    0.299392    0.322889 0.000381806
        1233    0.318918    0.322886  0.00038151
        1234    0.309116    0.322875 0.000381364
        1235    0.327437    0.322878 0.000381074
        1236    0.320141    0.322876 0.000380772
        1237    0.318965    0.322873 0.000380477
        1238    0.342886    0.322889 0.000380513
        1239    0.330216    0.322895 0.000380252
        1240    0.313427    0.322887 0.000380022
        1241    0.309815    0.322877 0.000379861
        1242    0.301744     0.32286 0.000379936
        1243    0.338738    0.322873 0.000379845
        1244    0.303504    0.322857 0.000379859
        1245    0.328184    0.322861 0.000379578
        1246    0.312515    0.322853 0.000379364
        1247    0.287694    0.322825 0.000380106
        1248    0.331124    0.322832  0.00037986
        1249    0.309973    0.322821 0.000379695
        1250    0.357706    0.322849 0.000380416
        1251    0.303459    0.322834 0.000380427
        1252    0.298357    0.322814 0.000380625
        1253    0.331671    0.322821 0.000380387
        1254    0.339852    0.322835 0.000380326
        1255     0.34587    0.322853 0.000380466
        1256    0.323299    0.322853 0.000380163
        1257     0.30173    0.322837 0.000380232
        1258    0.332575    0.322844 0.000380009
        1259    0.315552    0.322839 0.000379751
        1260    0.364297    0.322872 0.000380872
        1261    0.300684    0.322854 0.000380976
        1262    0.341159    0.322868 0.000380951
        1263    0.334777    0.322878 0.000380766
        1264    0.330583    0.322884 0.000380513
        1265    0.327039    0.322887 0.000380226
        1266    0.316461    0.322882  0.00037996
        1267    0.315104    0.322876  0.00037971
        1268    0.324812    0.322878 0.000379413
        1269     0.31659    0.322873 0.000379147
        1270    0.278868    0.322838 0.000380428
        1271     0.31861    0.322835 0.000380143
        1272    0.309839    0.322824 0.000379982
        1273    0.326175    0.322827 0.000379692
        1274    0.331321    0.322834 0.000379453
        1275     0.33805    0.322846 0.000379343
        1276    0.318694    0.322842  0.00037906
        1277    0.342621    0.322858 0.000379079
        1278    0.317738    0.322854 0.000378804
        1279    0.303434    0.322839 0.000378812
        1280    0.323836    0.322839 0.000378516
        1281    0.322661    0.322839 0.000378221
        1282    0.332652    0.322847 0.000378003
        1283    0.314794    0.322841 0.000377761
        1284    0.317811    0.322837 0.000377487
        1285    0.327949    0.322841 0.000377214
        1286     0.32729    0.322844 0.000376937
        1287    0.340349    0.322858 0.000376889
        1288    0.318787    0.322855  0.00037661
        1289    0.314072    0.322848 0.000376379
        1290    0.338102     0.32286 0.000376273
        1291    0.286463    0.322832 0.000377036
        1292    0.300012    0.322814 0.000377158
        1293    0.292678    0.322791 0.000377586
        1294    0.332955    0.322798 0.000377376
        1295    0.304576    0.322784 0.000377347
        1296    0.331886    0.322791 0.000377121
        1297    0.304714    0.322777 0.000377088
        1298    0.353556    0.322801 0.000377542
        1299    0.332204    0.322808 0.000377321
        1300     0.31926    0.322806  0.00037704
        1301    0.306438    0.322793  0.00037696
        1302    0.335259    0.322803 0.000376792
        1303    0.318006    0.322799 0.000376521
        1304    0.336137    0.322809 0.000376371
        1305    0.325964    0.322812 0.000376091
        1306    0.291981    0.322788 0.000376543
        1307    0.332194    0.322795 0.000376323
        1308    0.328713      0.3228 0.000376063
        1309    0.314238    0.322793 0.000375833
        1310    0.310699    0.322784 0.000375659
        1311    0.303146    0.322769 0.000375671
        1312    0.313396    0.322762 0.000375453
        1313    0.318837    0.322759 0.000375179
        1314    0.331419    0.322765 0.000374951
        1315    0.323334    0.322766 0.000374666
        1316    0.327614     0.32277 0.000374399
        1317    0.312573    0.322762 0.000374195
        1318    0.324134    0.322763 0.000373913
        1319    0.303529    0.322748 0.000373913
        1320    0.320752    0.322747 0.000373633
        1321    0.328297    0.322751 0.000373374
        1322    0.321444     0.32275 0.000373093
        1323     0.34988     0.32277 0.000373374
        1324    0.315714    0.322765  0.00037313
        1325    0.304584    0.322751 0.000373101
        1326    0.313515    0.322744 0.000372884
        1327    0.320607    0.322743 0.000372607
        1328    0.328193    0.322747 0.000372349
        1329    0.328692    0.322751 0.000372095
        1330    0.319021    0.322749 0.000371826
        1331    0.328295    0.322753  0.00037157
        1332    0.305643     0.32274 0.000371513
        1333    0.332496    0.322747 0.000371307
        1334    0.317223    0.322743 0.000371051
        1335    0.323251    0.322743 0.000370774
        1336    0.314454    0.322737 0.000370548
        1337    0.336115    0.322747 0.000370406
        1338    0.308184    0.322736 0.000370289
        1339    0.329026    0.322741 0.000370042
        1340    0.310293    0.322732 0.000369883
        1341    0.314027    0.322725 0.000369664
        1342    0.329525     0.32273 0.000369423
        1343    0.327887    0.322734 0.000369168
        1344    0.336631    0.322745 0.000369038
        1345    0.317364    0.322741 0.000368785
        1346    0.311049    0.322732 0.000368614
        1347    0.336237    0.322742 0.000368476
        1348    0.320182     0.32274 0.000368208
        1349    0.320201    0.322738  0.00036794
        1350    0.299028    0.322721 0.000368086
        1351    0.330817    0.322727 0.000367863
        1352    0.312349    0.322719 0.000367671
        1353    0.349284    0.322738 0.000367923
        1354    0.313158    0.322731 0.000367719
        1355    0.295614    0.322711 0.000367992
        1356    0.333682    0.322719 0.000367809
        1357     0.29835    0.322702 0.000367976
        1358    0.327538    0.322705 0.000367723
        1359    0.327105    0.322708 0.000367466
        1360    0.327122    0.322712  0.00036721
        1361     0.31809    0.322708 0.000366956
        1362    0.319433    0.322706 0.000366695
        1363    0.314006    0.322699 0.000366481
        1364    0.329841    0.322705  0.00036625
        1365    0.315866      0.3227 0.000366016
        1366    0.312416    0.322692 0.000365825
        1367    0.302886    0.322678 0.000365845
        1368    0.312859     0.32267 0.000365648
        1369    0.336328     0.32268 0.000365517
        1370    0.306539    0.322669  0.00036544
        1371    0.319517    0.322666  0.00036518
        1372    0.324985    0.322668 0.000364918
        1373    0.326796    0.322671 0.000364665
        1374    0.304365    0.322658 0.000364643
        1375      0.3209    0.322656  0.00036438
        1376    0.327839     0.32266 0.000364134
        1377    0.320779    0.322659 0.000363872
        1378     0.33197    0.322666 0.000363671
        1379    0.338695    0.322677 0.000363593
        1380    0.306659    0.322666 0.000363515
        1381    0.314459     0.32266   0.0003633
        1382    0.329134    0.322664 0.000363068
        1383    0.341678    0.322678 0.000363065
        1384    0.321984    0.322678 0.000362803
        1385    0.320567    0.322676 0.000362544
        1386    0.335995    0.322686  0.00036241
        1387    0.329532    0.322691 0.000362183
        1388    0.308225     0.32268 0.000362072
        1389    0.311124    0.322672 0.000361906
        1390    0.311575    0.322664 0.000361734
        1391    0.308542    0.322654 0.000361617
        1392    0.321837    0.322653 0.000361357
        1393    0.327961    0.322657 0.000361118
        1394    0.317207    0.322653  0.00036088
        1395    0.305652    0.322641 0.000360827
        1396    0.306566    0.322629 0.000360752
        1397    0.337961     0.32264 0.000360661
        1398    0.322254     0.32264 0.000360403
        1399    0.345044    0.322656 0.000360501
        1400     0.32595    0.322658 0.000360251
        1401     0.31197    0.322651 0.000360075
        1402     0.31659    0.322646 0.000359844
        1403    0.319506    0.322644 0.000359594
        1404    0.349796    0.322664 0.000359858
        1405    0.326316    0.322666 0.000359611
        1406    0.319284    0.322664 0.000359364
        1407    0.310201    0.322655 0.000359217
        1408    0.328126    0.322659 0.000358983
        1409    0.327838    0.322662 0.000358747
        1410    0.328753    0.322667 0.000358519
        1411     0.31226    0.322659 0.000358341
        1412    0.328984    0.322664 0.000358115
        1413    0.298321    0.322647 0.000358275
        1414    0.319579    0.322644 0.000358029
        1415    0.313792    0.322638  0.00035783
        1416     0.31674    0.322634 0.000357602
        1417    0.354529    0.322657 0.000358057
        1418    0.335431    0.322666 0.000357918
        1419    0.328576     0.32267  0.00035769
        1420    0.332946    0.322677 0.000357511
        1421    0.322477    0.322677  0.00035726
        1422    0.343623    0.322692 0.000357312
        1423    0.326562    0.322694 0.000357071
        1424    0.324703    0.322696 0.000356823
        1425    0.313038    0.322689 0.000356637
        1426    0.313884    0.322683 0.000356441
        1427    0.308645    0.322673 0.000356327
        1428    0.362266    0.322701 0.000357154
        1429    0.337611    0.322711 0.000357057
        1430    0.334593    0.322719 0.000356904
        1431    0.297265    0.322702 0.000357097
        1432    0.325412    0.322703 0.000356853
        1433    0.337227    0.322714 0.000356748
        1434    0.317138     0.32271  0.00035652
        1435    0.313357    0.322703 0.000356331
        1436    0.312006    0.322696 0.000356161
        1437    0.327562    0.322699 0.000355929
        1438    0.316447    0.322695 0.000355708
        1439    0.342571    0.322709 0.000355729
        1440    0.326558    0.322711 0.000355492
        1441     0.32917    0.322716 0.000355274
        1442    0.309517    0.322707 0.000355145
        1443    0.316076    0.322702 0.000354929
        1444    0.339608    0.322714 0.000354876
        1445    0.323954    0.322715 0.000354631
        1446    0.316774     0.32271  0.00035441
        1447    0.329041    0.322715 0.000354192
        1448    0.319601    0.322713 0.000353954
        1449    0.325118    0.322714 0.000353714
        1450     0.31469    0.322709 0.000353513
        1451     0.32989    0.322714 0.000353304
        1452    0.320397    0.322712 0.000353064
        1453    0.328753    0.322716 0.000352846
        1454    0.330374    0.322722 0.000352642
        1455    0.311878    0.322714 0.000352479
        1456    0.326803    0.322717 0.000352248
        1457    0.320627    0.322716 0.000352009
        1458    0.326419    0.322718 0.000351777
        1459    0.324479    0.322719 0.000351538
        1460    0.311129    0.322711 0.000351387
        1461    0.324853    0.322713 0.000351149
        1462    0.327976    0.322716 0.000350927
        1463    0.306851    0.322706 0.000350855
        1464    0.311652    0.322698 0.000350697
        1465    0.309733    0.322689 0.000350569
        1466    0.325825    0.322691 0.000350336
        1467    0.326515    0.322694 0.000350107
        1468    0.319952    0.322692 0.000349874
        1469    0.338754    0.322703 0.000349806
        1470    0.322268    0.322703 0.000349568
        1471    0.332731    0.322709 0.000349397
        1472    0.322682    0.322709  0.00034916
        1473    0.317251    0.322706 0.000348942
        1474     0.32896     0.32271 0.000348732
        1475    0.323503    0.322711 0.000348496
        1476    0.338317    0.322721  0.00034842
        1477    0.305665     0.32271 0.000348375
        1478    0.332888    0.322716 0.000348208
        1479    0.336771    0.322726 0.000348102
        1480    0.325724    0.322728 0.000347872
        1481    0.339953     0.32274 0.000347832
        1482    0.315475    0.322735 0.000347632
        1483    0.336378    0.322744 0.000347519
        1484    0.313451    0.322738 0.000347341
        1485     0.32034    0.322736 0.000347111
        1486    0.304686    0.322724  0.00034709
        1487    0.317411     0.32272 0.000346875
        1488    0.334119    0.322728 0.000346726
        1489    0.339324    0.322739 0.000346673
        1490    0.310757    0.322731 0.000346533
        1491    0.315952    0.322727 0.000346331
        1492    0.319286    0.322724 0.000346106
        1493    0.326719    0.322727 0.000345885
        1494    0.312235     0.32272 0.000345725
        1495    0.310376    0.322712 0.000345592
        1496    0.349982     0.32273 0.000345841
        1497    0.332487    0.322736 0.000345672
        1498    0.307613    0.322726 0.000345588
        1499    0.324643    0.322728  0.00034536
        1500    0.321248    0.322727 0.000345131
        1501    0.323244    0.322727 0.000344902
        1502    0.320925    0.322726 0.000344674
        1503    0.338393    0.322736 0.000344602
        1504    0.308586    0.322727 0.000344502
        1505    0.326098    0.322729  0.00034428
        1506    0.325597    0.322731 0.000344057
        1507    0.318841    0.322728 0.000343838
        1508    0.325942     0.32273 0.000343617
        1509    0.330345    0.322735 0.000343426
        1510    0.299533     0.32272 0.000343542
        1511    0.331233    0.322726 0.000343361
        1512    0.334518    0.322734 0.000343222
        1513    0.313247    0.322727 0.000343053
        1514    0.315315    0.322722 0.000342861
        1515    0.320521    0.322721 0.000342638
        1516     0.31223    0.322714 0.000342482
        1517    0.315077    0.322709 0.000342293
        1518    0.323881     0.32271 0.000342068
        1519     0.33873     0.32272 0.000342006
        1520    0.339314    0.322731 0.000341955
        1521    0.308695    0.322722 0.000341855
        1522    0.322938    0.322722  0.00034163
        1523      0.3567    0.322744 0.000342133
        1524    0.327583    0.322748 0.000341924
        1525    0.308394    0.322738 0.000341829
        1526    0.333275    0.322745 0.000341675
        1527    0.333494    0.322752 0.000341523
        1528    0.312401    0.322745 0.000341367
        1529    0.303395    0.322733 0.000341378
        1530    0.312688    0.322726 0.000341218
        1531    0.342591    0.322739 0.000341242
        1532    0.332119    0.322745 0.000341074
        1533    0.327514    0.322748 0.000340866
        1534     0.29821    0.322732 0.000341019
        1535    0.325424    0.322734 0.000340801
        1536    0.322678    0.322734 0.000340579
        1537    0.313848    0.322728 0.000340407
        1538    0.326415    0.322731 0.000340194
        1539    0.323283    0.322731 0.000339973
        1540     0.31676    0.322727 0.000339774
        1541    0.329024    0.322731 0.000339578
        1542    0.313808    0.322725 0.000339408
        1543    0.325346    0.322727 0.000339192
        1544    0.306453    0.322717 0.000339136
        1545    0.341897    0.322729 0.000339144
        1546    0.319076    0.322727 0.000338932
        1547      0.3091    0.322718 0.000338828
        1548    0.307795    0.322708 0.000338746
        1549    0.335841    0.322717 0.000338633
        1550    0.334056    0.322724 0.000338494
        1551    0.314987    0.322719 0.000338312
        1552    0.336239    0.322728 0.000338207
        1553    0.319675    0.322726 0.000337995
        1554    0.329153     0.32273 0.000337802
        1555     0.30354    0.322718  0.00033781
        1556    0.302801    0.322705 0.000337836
        1557    0.317312    0.322701 0.000337637
        1558    0.339574    0.322712 0.000337593
        1559    0.331991    0.322718 0.000337429
        1560    0.347999    0.322734 0.000337602
        1561    0.301611    0.322721 0.000337657
        1562    0.331018    0.322726 0.000337482
        1563     0.33673    0.322735 0.000337385
        1564    0.329165    0.322739 0.000337195
        1565    0.326413    0.322741 0.000336987
        1566    0.313822    0.322736  0.00033682
        1567    0.333502    0.322743 0.000336675
        1568    0.346796    0.322758  0.00033681
        1569    0.305134    0.322747 0.000336783
        1570    0.319303    0.322745 0.000336575
        1571    0.317161    0.322741  0.00033638
        1572    0.307102    0.322731 0.000336313
        1573    0.348742    0.322748 0.000336505
        1574    0.315553    0.322743 0.000336323
        1575    0.306345    0.322733  0.00033627
        1576    0.338728    0.322743  0.00033621
        1577    0.324415    0.322744 0.000335998
        1578     0.34185    0.322756 0.000336004
        1579    0.321929    0.322755 0.000335791
        1580    0.307148    0.322746 0.000335724
        1581    0.324846    0.322747 0.000335514
        1582    0.320417    0.322745 0.000335305
        1583    0.346206     0.32276 0.000335421
        1584    0.313916    0.322755 0.000335256
        1585    0.322729    0.322755 0.000335044
        1586    0.332205    0.322761 0.000334886
        1587    0.327331    0.322763 0.000334687
        1588    0.320328    0.322762  0.00033448
        1589    0.309677    0.322754 0.000334371
        1590    0.330673    0.322759 0.000334198
        1591    0.319658    0.322757 0.000333993
        1592    0.323023    0.322757 0.000333783
        1593    0.323553    0.322757 0.000333574
        1594    0.323082    0.322758 0.000333365
        1595    0.310564     0.32275 0.000333244
        1596    0.319669    0.322748 0.000333041
        1597    0.337014    0.322757 0.000332952
        1598    0.324001    0.322758 0.000332744
        1599    0.346893    0.322773 0.000332878
        1600    0.343831    0.322786  0.00033293
        1601    0.345075      0.3228 0.000333013
        1602     0.31626    0.322796 0.000332831
        1603    0.336744    0.322805 0.000332737
        1604     0.30401    0.322793 0.000332736
        1605    0.308469    0.322784 0.000332648
        1606    0.336671    0.322793 0.000332553
        1607    0.320425    0.322791 0.000332349
        1608    0.313321    0.322785 0.000332195
        1609    0.313783     0.32278 0.000332036
        1610    0.332653    0.322786 0.000331886
        1611    0.301816    0.322773 0.000331935
        1612    0.334253     0.32278 0.000331806
        1613     0.31975    0.322778 0.000331605
        1614    0.297875    0.322762 0.000331759
        1615    0.320773    0.322761 0.000331555
        1616    0.304667     0.32275 0.000331539
        1617    0.329676    0.322754 0.000331362
        1618    0.309034    0.322746 0.000331266
        1619    0.322778    0.322746 0.000331061
        1620    0.322348    0.322746 0.000330857
        1621    0.321897    0.322745 0.000330653
        1622    0.323878    0.322746  0.00033045
        1623    0.317228    0.322742 0.000330264
        1624    0.328801    0.322746 0.000330081
        1625    0.326291    0.322748 0.000329886
        1626    0.321001    0.322747 0.000329684
        1627    0.319952    0.322746 0.000329486
        1628    0.306338    0.322735 0.000329438
        1629    0.323377    0.322736 0.000329236
        1630    0.326281    0.322738 0.000329041
        1631    0.322687    0.322738 0.000328839
        1632    0.353902    0.322757 0.000329192
        1633    0.320165    0.322756 0.000328994
        1634     0.34331    0.322768 0.000329033
        1635    0.320672    0.322767 0.000328834
        1636    0.316863    0.322763 0.000328653
        1637    0.333682     0.32277  0.00032852
        1638    0.304728    0.322759 0.000328504
        1639    0.308106     0.32275 0.000328425
        1640    0.321076    0.322749 0.000328227
        1641    0.325139     0.32275  0.00032803
        1642    0.311234    0.322743 0.000327905
        1643    0.316709     0.32274 0.000327726
        1644    0.326659    0.322742 0.000327535
        1645     0.34759    0.322757 0.000327685
        1646    0.302793    0.322745  0.00032771
        1647    0.307452    0.322736 0.000327642
        1648     0.32335    0.322736 0.000327444
        1649    0.311922     0.32273 0.000327311
        1650    0.312704    0.322723 0.000327169
        1651    0.316988     0.32272 0.000326989
        1652    0.332208    0.322726 0.000326842
        1653    0.302784    0.322714 0.000326866
        1654    0.327872    0.322717 0.000326684
        1655    0.332051    0.322722 0.000326535
        1656    0.316264    0.322719 0.000326361
        1657    0.330707    0.322723   0.0003262
        1658    0.324157    0.322724 0.000326004
        1659      0.3413    0.322735    0.000326
        1660    0.343318    0.322748 0.000326039
        1661    0.310802    0.322741 0.000325922
        1662      0.3335    0.322747  0.00032579
        1663     0.34685    0.322762 0.000325917
        1664    0.314417    0.322757 0.000325759
        1665    0.316761    0.322753 0.000325584
        1666    0.331686    0.322758 0.000325432
        1667    0.331217    0.322763 0.000325277
        1668    0.316621     0.32276 0.000325103
        1669    0.307231     0.32275 0.000325041
        1670     0.32477    0.322752 0.000324849
        1671    0.305436    0.322741 0.000324819
        1672    0.316691    0.322738 0.000324645
        1673    0.339009    0.322747 0.000324597
        1674    0.297557    0.322732 0.000324752
        1675    0.335707     0.32274  0.00032465
        1676    0.317331    0.322737 0.000324472
        1677    0.323547    0.322737 0.000324279
        1678    0.341154    0.322748 0.000324272
        1679    0.301789    0.322736 0.000324319
        1680    0.341557    0.322747 0.000324319
        1681      0.3292    0.322751 0.000324149
        1682    0.308501    0.322742 0.000324067
        1683    0.308939    0.322734 0.000323978
        1684    0.318928    0.322732 0.000323794
        1685    0.333624    0.322738 0.000323666
        1686    0.310233    0.322731 0.000323559
        1687    0.331064    0.322736 0.000323405
        1688    0.331964    0.322741  0.00032326
        1689    0.325528    0.322743 0.000323072
        1690    0.335929    0.322751 0.000322975
        1691    0.306637    0.322741 0.000322925
        1692    0.326431    0.322743 0.000322741
        1693    0.341217    0.322754 0.000322735
        1694    0.310762    0.322747 0.000322622
        1695    0.326444     0.32275 0.000322439
        1696    0.296613    0.322734 0.000322617
        1697    0.302188    0.322722 0.000322654
        1698    0.321268    0.322721 0.000322465
        1699    0.316729    0.322718 0.000322295
        1700    0.344983    0.322731 0.000322371
        1701    0.319163    0.322729 0.000322189
        1702    0.312631    0.322723 0.000322054
        1703    0.320988    0.322722 0.000321866
        1704    0.322934    0.322722 0.000321678
        1705    0.326736    0.322724 0.000321498
        1706    0.323584    0.322725  0.00032131
        1707    0.330536    0.322729 0.000321154
        1708    0.312044    0.322723 0.000321027
        1709    0.336651    0.322731 0.000320942
        1710     0.32865    0.322735 0.000320773
        1711    0.327095    0.322737 0.000320596
        1712    0.331132    0.322742 0.000320446
        1713     0.31745    0.322739 0.000320274
        1714    0.319909    0.322737 0.000320091
        1715     0.34243    0.322749 0.000320111
        1716    0.295511    0.322733 0.000320317
        1717    0.335104     0.32274 0.000320212
        1718    0.328948    0.322744 0.000320046
        1719    0.330744    0.322748 0.000319894
        1720     0.32904    0.322752 0.000319728
        1721    0.340982    0.322763 0.000319718
        1722    0.333401    0.322769 0.000319592
        1723    0.324193     0.32277 0.000319408
        1724     0.32163    0.322769 0.000319223
        1725    0.343534    0.322781 0.000319265
        1726    0.333408    0.322787 0.000319139
        1727    0.341758    0.322798 0.000319144
        1728    0.335189    0.322805 0.000319039
        1729    0.294145    0.322789 0.000319285
        1730    0.328671    0.322792 0.000319119
        1731    0.328513    0.322795 0.000318952
        1732    0.305931    0.322786 0.000318916
        1733    0.324369    0.322787 0.000318733
        1734    0.319473    0.322785 0.000318555
        1735    0.341157    0.322795 0.000318548
        1736    0.341275    0.322806 0.000318542
        1737    0.328562    0.322809 0.000318376
        1738    0.295988    0.322794 0.000318566
        1739    0.326633    0.322796 0.000318391
        1740    0.326917    0.322798 0.000318217
        1741    0.329824    0.322802 0.000318059
        1742    0.335086    0.322809 0.000317955
        1743    0.338123    0.322818 0.000317894
        1744    0.320273    0.322817 0.000317715
        1745    0.321973    0.322816 0.000317533
        1746    0.306363    0.322807 0.000317491
        1747    0.309257    0.322799 0.000317404
        1748    0.324067      0.3228 0.000317223
        1749    0.314134    0.322795 0.000317081
        1750    0.317391    0.322792 0.000316915
        1751    0.335656    0.322799 0.000316819
        1752    0.335583    0.322806 0.000316722
        1753    0.334608    0.322813 0.000316613
        1754    0.326151    0.322815 0.000316438
        1755    0.326581    0.322817 0.000316265
        1756     0.29672    0.322802 0.000316434
        1757    0.343915    0.322814 0.000316482
        1758    0.309844    0.322807 0.000316388
        1759    0.347652    0.322821 0.000316523
        1760     0.29793    0.322807 0.000316659
        1761    0.309678      0.3228 0.000316567
        1762    0.319842    0.322798 0.000316392
        1763    0.320695    0.322797 0.000316215
        1764    0.305049    0.322787 0.000316195
        1765     0.31303    0.322781 0.000316064
        1766    0.334288    0.322788 0.000315953
        1767    0.344241      0.3228 0.000316007
        1768    0.330222    0.322804 0.000315856
        1769    0.300216    0.322791 0.000315936
        1770    0.305759    0.322782 0.000315904
        1771    0.334121    0.322788  0.00031579
        1772    0.305692    0.322778 0.000315759
        1773    0.296739    0.322764 0.000315923
        1774    0.336373    0.322771 0.000315838
        1775    0.345957    0.322784  0.00031593
        1776    0.324089    0.322785 0.000315753
        1777    0.293862    0.322769 0.000315994
        1778    0.324138     0.32277 0.000315817
        1779    0.315085    0.322765 0.000315669
        1780    0.300638    0.322753 0.000315737
        1781    0.315482    0.322749 0.000315586
        1782    0.349742    0.322764 0.000315772
        1783    0.307381    0.322755 0.000315713
        1784      0.3194    0.322753 0.000315541
        1785    0.324112    0.322754 0.000315366
        1786    0.310449    0.322747 0.000315264
        1787    0.303455    0.322736 0.000315273
        1788    0.324535    0.322737 0.000315098
        1789    0.322114    0.322737 0.000314922
        1790    0.320503    0.322736 0.000314748
        1791    0.328333    0.322739 0.000314588
        1792    0.322981    0.322739 0.000314413
        1793    0.331774    0.322744 0.000314278
        1794    0.342439    0.322755 0.000314294
        1795    0.341222    0.322765 0.000314287
        1796     0.32384    0.322766 0.000314113
        1797    0.339401    0.322775 0.000314075
        1798    0.311831    0.322769 0.000313959
        1799    0.330224    0.322773 0.000313812
        1800    0.298335     0.32276 0.000313931
        1801    0.331511    0.322765 0.000313794
        1802    0.326161    0.322767 0.000313626
        1803    0.348395    0.322781 0.000313774
        1804    0.313616    0.322776 0.000313641
        1805    0.327848    0.322778  0.00031348
        1806    0.317408    0.322775  0.00031332
        1807    0.339267    0.322785  0.00031328
        1808    0.315679    0.322781 0.000313131
        1809     0.33124    0.322785 0.000312993
        1810    0.310144    0.322778 0.000312898
        1811    0.322392    0.322778 0.000312725
        1812    0.316512    0.322775 0.000312572
        1813    0.309757    0.322768 0.000312482
        1814    0.321112    0.322767 0.000312311
        1815    0.346825     0.32278  0.00031242
        1816     0.33121    0.322785 0.000312282
        1817    0.309035    0.322777 0.000312202
        1818    0.319889    0.322775 0.000312035
        1819    0.320186    0.322774 0.000311866
        1820    0.313558    0.322769 0.000311736
        1821    0.325479     0.32277 0.000311568
        1822    0.320451    0.322769   0.0003114
        1823    0.328207    0.322772 0.000311243
        1824    0.313639    0.322767 0.000311113
        1825     0.35497    0.322785 0.000311443
        1826    0.333553    0.322791 0.000311328
        1827    0.308525    0.322783 0.000311255
        1828    0.314542    0.322778 0.000311118
        1829    0.300009    0.322766 0.000311197
        1830    0.322975    0.322766 0.000311027
        1831    0.315889    0.322762 0.000310879
        1832    0.314407    0.322758 0.000310743
        1833    0.343511    0.322769  0.00031078
        1834    0.313536    0.322764 0.000310651
        1835    0.327811    0.322767 0.000310494
        1836    0.332702    0.322772 0.000310372
        1837    0.313761    0.322767 0.000310242
        1838    0.335191    0.322774 0.000310147
        1839    0.318988    0.322772 0.000309985
        1840    0.317398    0.322769  0.00030983
        1841    0.295098    0.322754 0.000310026
        1842    0.308507    0.322746 0.000309954
        1843    0.331998    0.322751 0.000309827
        1844    0.337886    0.322759 0.000309768
        1845    0.327778    0.322762 0.000309612
        1846    0.321911    0.322762 0.000309444
        1847    0.352074    0.322778 0.000309683
        1848    0.330482    0.322782 0.000309544
        1849    0.337499     0.32279 0.000309479
        1850    0.315874    0.322786 0.000309334
        1851    0.308882    0.322778 0.000309258
        1852    0.320114    0.322777 0.000309095
        1853     0.30023    0.322765 0.000309167
        1854    0.332753     0.32277 0.000309047
        1855    0.336659    0.322778 0.000308971
        1856     0.32771     0.32278 0.000308816
        1857    0.330524    0.322785 0.000308678
        1858    0.318776    0.322782  0.00030852
        1859    0.326482    0.322784  0.00030836
        1860    0.328244    0.322787 0.000308208
        1861    0.325135    0.322789 0.000308045
        1862    0.317077    0.322785 0.000307895
        1863    0.315085    0.322781 0.000307758
        1864    0.297616    0.322768 0.000307888
        1865    0.318499    0.322766 0.000307732
        1866    0.305626    0.322756 0.000307704
        1867    0.326295    0.322758 0.000307545
        1868    0.322677    0.322758  0.00030738
        1869    0.320593    0.322757 0.000307218
        1870    0.347317     0.32277 0.000307334
        1871    0.322169     0.32277  0.00030717
        1872     0.31312    0.322765 0.000307049
        1873    0.337907    0.322773 0.000306992
        1874    0.319815    0.322771 0.000306832
        1875    0.335462    0.322778 0.000306743
        1876    0.328963    0.322781 0.000306597
        1877    0.330169    0.322785 0.000306459
        1878    0.301318    0.322774 0.000306509
        1879    0.335541    0.322781 0.000306421
        1880    0.327383    0.322783 0.000306268
        1881    0.298723     0.32277 0.000306372
        1882    0.341473     0.32278 0.000306371
        1883    0.340074    0.322789 0.000306346
        1884    0.314014    0.322785 0.000306218
        1885    0.315764    0.322781 0.000306079
        1886    0.332113    0.322786 0.000305956
        1887    0.333758    0.322792 0.000305849
        1888    0.309833    0.322785 0.000305764
        1889    0.326953    0.322787 0.000305611
        1890    0.310806    0.322781 0.000305515
        1891    0.310759    0.322774 0.000305419
        1892    0.309343    0.322767  0.00030534
        1893    0.310742    0.322761 0.000305245
        1894    0.308212    0.322753  0.00030518
        1895    0.314328    0.322749 0.000305052
        1896    0.299918    0.322737 0.000305129
        1897    0.351818    0.322752 0.000305353
        1898    0.343006    0.322763 0.000305378
        1899    0.331782    0.322768 0.000305254
        1900     0.31781    0.322765 0.000305105
        1901    0.322436    0.322765 0.000304944
        1902     0.32995    0.322769 0.000304807
        1903    0.301569    0.322757 0.000304851
        1904    0.291761    0.322741 0.000305125
        1905    0.315682    0.322737 0.000304987
        1906    0.320705    0.322736 0.000304829
        1907    0.330224     0.32274 0.000304694
        1908    0.329307    0.322744 0.000304554
        1909    0.316738    0.322741 0.000304411
        1910    0.335348    0.322747 0.000304323
        1911    0.300654    0.322736 0.000304383
        1912    0.328612    0.322739  0.00030424
        1913    0.345354    0.322751  0.00030431
        1914    0.338939    0.322759 0.000304269
        1915    0.298584    0.322746 0.000304372
        1916      0.3316    0.322751 0.000304248
        1917    0.326609    0.322753 0.000304096
        1918    0.354237    0.322769  0.00030438
        1919    0.327626    0.322772 0.000304232
        1920     0.32009    0.322771 0.000304077
        1921    0.311838    0.322765 0.000303972
        1922    0.320344    0.322764 0.000303816
        1923    0.325927    0.322765 0.000303663
        1924    0.338195    0.322773 0.000303611
        1925    0.311414    0.322767  0.00030351
        1926     0.32547    0.322769 0.000303356
        1927    0.288005    0.322751 0.000303734
        1928    0.331074    0.322755 0.000303608
        1929    0.308935    0.322748 0.000303535
        1930    0.335216    0.322754 0.000303446
        1931    0.306811    0.322746 0.000303401
        1932     0.34032    0.322755 0.000303381
        1933    0.319266    0.322753 0.000303229
        1934    0.314936    0.322749 0.000303099
        1935    0.329243    0.322753 0.000302961
        1936    0.330417    0.322757  0.00030283
        1937    0.347024    0.322769 0.000302933
        1938    0.332892    0.322774 0.000302822
        1939    0.317468    0.322772 0.000302678
        1940    0.341001    0.322781 0.000302668
        1941    0.332984    0.322786 0.000302558
        1942    0.331008    0.322791 0.000302431
        1943    0.308082    0.322783  0.00030237
        1944    0.337817    0.322791 0.000302314
        1945    0.325892    0.322792 0.000302163
        1946    0.317793     0.32279 0.000302018
        1947    0.334829    0.322796 0.000301926
        1948    0.336455    0.322803 0.000301853
        1949    0.306157    0.322794 0.000301819
        1950    0.340076    0.322803 0.000301794
        1951    0.320255    0.322802 0.000301642
        1952    0.334904    0.322808 0.000301551
        1953    0.314702    0.322804 0.000301426
        1954     0.30942    0.322797 0.000301349
        1955    0.299405    0.322785 0.000301432
        1956    0.316668    0.322782 0.000301295
        1957    0.328268    0.322785 0.000301154
        1958    0.334385    0.322791 0.000301058
        1959    0.330392    0.322795 0.000300929
        1960    0.342725    0.322805 0.000300948
        1961     0.32222    0.322805 0.000300794
        1962    0.320771    0.322803 0.000300643
        1963    0.316814      0.3228 0.000300505
        1964    0.316845    0.322797 0.000300367
        1965    0.318241    0.322795 0.000300223
        1966    0.316162    0.322792  0.00030009
        1967    0.335193    0.322798 0.000300003
        1968    0.307417     0.32279 0.000299953
        1969    0.299055    0.322778 0.000300043
        1970     0.32569     0.32278 0.000299894
        1971    0.309226    0.322773 0.000299821
        1972    0.324209    0.322773 0.000299669
        1973    0.330251    0.322777 0.000299541
        1974    0.320706    0.322776 0.000299392
        1975    0.323012    0.322776  0.00029924
        1976    0.344427    0.322787 0.000299289
        1977     0.31294    0.322782 0.000299179
        1978    0.316196    0.322779 0.000299046
        1979    0.357928    0.322797 0.000299422
        1980    0.294964    0.322783 0.000299601
        1981    0.332602    0.322788 0.000299491
        1982    0.322332    0.322787  0.00029934
        1983    0.317906    0.322785 0.000299199
        1984    0.317203    0.322782 0.000299061
        1985    0.344441    0.322793 0.000299109
        1986    0.337545      0.3228 0.000299051
        1987    0.329467    0.322804 0.000298919
        1988    0.318239    0.322802 0.000298778
        1989    0.307924    0.322794 0.000298721
        1990    0.317941    0.322792 0.000298581
        1991    0.328792    0.322795 0.000298446
        1992    0.332849      0.3228 0.000298339
        1993    0.314914    0.322796 0.000298216
        1994    0.333044    0.322801  0.00029811
        1995    0.321637      0.3228 0.000297962
        1996    0.348758    0.322813 0.000298096
        1997    0.357523    0.322831 0.000298453
        1998    0.329437    0.322834 0.000298322
        1999    0.314356     0.32283 0.000298203
        2000    0.334887    0.322836 0.000298115
