#     BLOCK:  ACTUAL_PE:     PE_AVE:      ERROR:
           1  -0.0978025  -0.0978025           0
           2    -0.17069   -0.134246   0.0257698
           3  0.00577035  -0.0875742   0.0418013
           4   -0.182137   -0.111215   0.0374439
           5     -0.1022   -0.109412   0.0299985
           6   -0.165948   -0.118835   0.0264372
           7   -0.208953   -0.131709   0.0256039
           8  -0.0959813   -0.127243   0.0227896
           9   -0.190025   -0.134219   0.0212983
          10    -0.17309   -0.138106   0.0195199
          11   -0.328709   -0.155433   0.0242456
          12   -0.201545   -0.159276   0.0225276
          13   -0.220843   -0.164012   0.0212867
          14 -0.00687616   -0.152788   0.0225318
          15   -0.201573    -0.15604   0.0212631
          16   -0.174608   -0.157201   0.0199658
          17    -0.20293   -0.159891   0.0189717
          18   -0.211022   -0.162731   0.0181292
          19   -0.199571    -0.16467   0.0172784
          20    -0.18695   -0.165784   0.0164503
          21   -0.211679    -0.16797   0.0158115
          22   -0.210453   -0.169901   0.0152102
          23   -0.037303   -0.164136   0.0156033
          24   -0.316093   -0.170467   0.0161869
          25   -0.168482   -0.170388   0.0155396
          26   -0.195616   -0.171358   0.0149722
          27 -0.00373944    -0.16515   0.0156519
          28   -0.132908   -0.163998   0.0151352
          29   -0.153543   -0.163638   0.0146176
          30   -0.261773   -0.166909   0.0144917
          31    -0.18133   -0.167374   0.0140317
          32   -0.163607   -0.167257   0.0135937
          33  -0.0717834   -0.164363   0.0134862
          34   -0.145758   -0.163816   0.0131006
          35   -0.163383   -0.163804   0.0127263
          36   -0.227591   -0.165576   0.0124955
          37   -0.139141   -0.164861   0.0121782
          38   -0.201796   -0.165833   0.0118965
          39   -0.193851   -0.166552   0.0116131
          40   -0.161262   -0.166419   0.0113235
          41   -0.193221   -0.167073   0.0110662
          42   -0.157194   -0.166838   0.0108052
          43  -0.0813737    -0.16485   0.0107352
          44   -0.233332   -0.166407   0.0106034
          45   -0.210401   -0.167384   0.0104128
          46   -0.156071   -0.167138   0.0101893
          47   -0.253594   -0.168978   0.0101372
          48   -0.156079   -0.168709  0.00992955
          49   -0.206135   -0.169473  0.00975624
          50   -0.255257   -0.171189  0.00971079
          51     -0.2839   -0.173399  0.00976863
          52   -0.142525   -0.172805   0.0095988
          53   -0.175087   -0.172848  0.00941779
          54   -0.225123   -0.173816  0.00929301
          55   -0.219971   -0.174655  0.00916185
          56   -0.130437   -0.173866  0.00903221
          57   -0.164357   -0.173699  0.00887529
          58   -0.254508   -0.175092  0.00883095
          59   -0.280037   -0.176871   0.0088586
          60   -0.212654   -0.177467  0.00873101
          61   -0.219141    -0.17815  0.00861456
          62    -0.16373   -0.177918  0.00847876
          63   -0.111546   -0.176864  0.00840937
          64   -0.213068    -0.17743  0.00829698
          65   -0.264273   -0.178766   0.0082762
          66   -0.293159   -0.180499  0.00833032
          67   -0.185818   -0.180579  0.00820636
          68   -0.149144   -0.180116  0.00809869
          69   -0.144088   -0.179594  0.00799813
          70   -0.113264   -0.178647  0.00793981
          71   -0.196695   -0.178901  0.00783205
          72   -0.242176    -0.17978  0.00777242
          73   -0.122744   -0.178998  0.00770512
          74   -0.156612   -0.178696  0.00760693
          75   -0.167703   -0.178549  0.00750692
          76   -0.115204   -0.177716  0.00745427
          77  -0.0710174    -0.17633  0.00748515
          78   -0.190503   -0.176512  0.00739139
          79   -0.213169   -0.176976  0.00731238
          80   -0.288704   -0.178372  0.00735313
          81   -0.281445   -0.179645  0.00737164
          82   -0.247142   -0.180468  0.00732755
          83   -0.150512   -0.180107  0.00724815
          84   -0.108439   -0.179254   0.0072119
          85    -0.17511   -0.179205  0.00712722
          86   -0.187339     -0.1793  0.00704497
          87   -0.205221   -0.179598   0.0069703
          88  -0.0364445   -0.177971  0.00707837
          89   -0.140803   -0.177553  0.00701115
          90   -0.153581   -0.177287   0.0069383
          91   -0.190534   -0.177433  0.00686358
          92    -0.14042    -0.17703  0.00680076
          93   -0.253259    -0.17785  0.00677685
          94   -0.206718   -0.178157  0.00671171
          95   -0.195147   -0.178336  0.00664344
          96  -0.0977661   -0.177497  0.00662704
          97   -0.267009   -0.178419  0.00662266
          98   -0.288197    -0.17954  0.00664914
          99   -0.187678   -0.179622  0.00658249
         100   -0.153201   -0.179358  0.00652196
         101   -0.279327   -0.180347  0.00653206
         102   -0.249602   -0.181026  0.00650322
         103   -0.220921   -0.181414   0.0064516
         104     -0.1868   -0.181465  0.00638978
         105  -0.0907653   -0.180602  0.00638704
         106   -0.190923   -0.180699  0.00632753
         107   -0.184576   -0.180735   0.0062685
         108    -0.24509   -0.181331  0.00623871
         109   -0.149098   -0.181035  0.00618848
         110   -0.121928   -0.180498  0.00615551
         111    -0.14099   -0.180142  0.00611033
         112   -0.201805   -0.180336  0.00605884
         113   0.0219434   -0.178546  0.00626408
         114  -0.0861202   -0.177735  0.00626138
         115   -0.214176   -0.178052  0.00621494
         116   -0.236819   -0.178558  0.00618198
         117   -0.178777    -0.17856  0.00612914
         118   -0.185608    -0.17862  0.00607749
         119   -0.110966   -0.178051  0.00605295
         120   -0.254532   -0.178689  0.00603597
         121  -0.0694309   -0.177786  0.00605325
         122   -0.267189   -0.178519  0.00604783
         123  -0.0883622   -0.177786  0.00604291
         124    -0.14642   -0.177533  0.00599947
         125   -0.211864   -0.177807  0.00595776
         126   -0.216861   -0.178117  0.00591853
         127      -0.137   -0.177793  0.00588078
         128  -0.0356961   -0.176683  0.00593869
         129   -0.151683   -0.176489  0.00589582
         130   -0.175228    -0.17648  0.00585047
         131   -0.129991   -0.176125  0.00581657
         132   -0.213386   -0.176407  0.00577935
         133   -0.207284   -0.176639  0.00574055
         134   -0.131628   -0.176303  0.00570753
         135   -0.224562   -0.176661  0.00567644
         136   -0.139793    -0.17639  0.00564117
         137   -0.196315   -0.176535  0.00560187
         138   -0.195884   -0.176675  0.00556303
         139   -0.268872   -0.177339  0.00556241
         140   -0.200323   -0.177503   0.0055251
         141   -0.201905   -0.177676  0.00548862
         142   -0.194305   -0.177793  0.00545122
         143   -0.138025   -0.177515  0.00542019
         144   -0.117273   -0.177097  0.00539867
         145   -0.219728   -0.177391  0.00536944
         146   -0.230123   -0.177752  0.00534479
         147   -0.212638   -0.177989   0.0053137
         148    -0.21314   -0.178227   0.0052831
         149   0.0109673   -0.176957  0.00539808
         150   -0.180106   -0.176978  0.00536213
         151   -0.219536    -0.17726  0.00533402
         152   -0.139923   -0.177014  0.00530458
         153   -0.115181    -0.17661  0.00528529
         154   -0.180375   -0.176634  0.00525102
         155   -0.176605   -0.176634  0.00521714
         156   -0.117694   -0.176256  0.00519736
         157 -0.00997856   -0.175197  0.00527106
         158   -0.132247   -0.174925  0.00524471
         159    -0.12406   -0.174606  0.00522147
         160   -0.173391   -0.174598  0.00518884
         161   -0.131323   -0.174329  0.00516357
         162   -0.265043   -0.174889  0.00516197
         163   -0.218079   -0.175154   0.0051371
         164   -0.174825   -0.175152  0.00510577
         165    -0.20433   -0.175329  0.00507789
         166   -0.124622   -0.175023  0.00505648
         167   -0.225188   -0.175324  0.00503512
         168   -0.169745   -0.175291  0.00500525
         169   -0.335701    -0.17624  0.00506484
         170   -0.108206    -0.17584  0.00505083
         171   -0.183582   -0.175885   0.0050215
         172   -0.203002   -0.176043  0.00499478
         173 -0.00851185   -0.175074  0.00505891
         174   -0.202824   -0.175234  0.00503235
         175   -0.216108   -0.175467  0.00500901
         176   -0.266532   -0.175985   0.0050072
         177   -0.233582    -0.17631  0.00498947
         178   -0.257988   -0.176769   0.0049825
         179   -0.305116   -0.177486  0.00500599
         180  -0.0865831   -0.176981  0.00500359
         181    -0.15196   -0.176843  0.00497785
         182   -0.121901   -0.176541  0.00495965
         183   -0.226548   -0.176814  0.00494007
         184   -0.105081   -0.176424  0.00492858
         185   -0.176163   -0.176423  0.00490194
         186   -0.210357   -0.176605  0.00487898
         187   -0.190918   -0.176682  0.00485349
         188   -0.284258   -0.177254  0.00486128
         189   -0.254929   -0.177665   0.0048529
         190    -0.22119   -0.177894  0.00483277
         191   -0.187186   -0.177943  0.00480771
         192   -0.111234   -0.177595  0.00479521
         193   -0.151199   -0.177458  0.00477231
         194   -0.245886   -0.177811  0.00476073
         195    -0.12396   -0.177535  0.00474432
         196   -0.249128     -0.1779  0.00473415
         197   -0.115168   -0.177582  0.00472082
         198   -0.277684   -0.178087  0.00472397
         199   -0.171738   -0.178056  0.00470034
         200   -0.147437   -0.177902  0.00467933
         201   -0.109413   -0.177562  0.00466844
         202   -0.195595   -0.177651  0.00464618
         203   -0.269416   -0.178103  0.00464523
         204   -0.294371   -0.178673  0.00465729
         205   -0.204129   -0.178797  0.00463623
         206   -0.213967   -0.178968  0.00461687
         207   -0.204188    -0.17909  0.00459617
         208   -0.183638   -0.179112  0.00457413
         209   -0.172396   -0.179079  0.00455235
         210  0.00292088   -0.178213  0.00461243
         211   -0.161814   -0.178135  0.00459123
         212   -0.264096   -0.178541  0.00458744
         213   -0.204766   -0.178664  0.00456756
         214   -0.282701    -0.17915  0.00457201
         215   -0.227307   -0.179374  0.00455623
         216   -0.183207   -0.179392  0.00453517
         217   -0.193924   -0.179459  0.00451477
         218   -0.121959   -0.179195  0.00450176
         219   -0.285695   -0.179681  0.00450739
         220   -0.300646   -0.180231  0.00452031
         221   -0.218051   -0.180402   0.0045031
         222    -0.26428    -0.18078  0.00449864
         223   -0.226851   -0.180986   0.0044832
         224   -0.205453   -0.181096  0.00446452
         225   -0.215902    -0.18125  0.00444736
         226   -0.207521   -0.181367   0.0044292
         227   -0.192148   -0.181414  0.00440994
         228   -0.205101   -0.181518  0.00439182
         229   -0.208267   -0.181635   0.0043742
         230   -0.141095   -0.181459  0.00435873
         231   -0.279028   -0.181881  0.00436028
         232   -0.170544   -0.181832  0.00434176
         233   -0.280371   -0.182255  0.00434367
         234    -0.16316   -0.182173  0.00432587
         235   -0.109094   -0.181862  0.00431863
         236   -0.037711   -0.181252  0.00434331
         237   -0.101079   -0.180913  0.00433814
         238  -0.0975924   -0.180563  0.00433401
         239   -0.215289   -0.180709  0.00431831
         240   -0.212557   -0.180841  0.00430236
         241   -0.159885   -0.180754  0.00428539
         242    -0.17523   -0.180731  0.00426774
         243   -0.138419   -0.180557  0.00425373
         244   -0.193676   -0.180611  0.00423663
         245   -0.149572   -0.180484  0.00422124
         246   -0.252155   -0.180776  0.00421412
         247   -0.197639   -0.180844  0.00419761
         248   -0.110517    -0.18056  0.00419025
         249  -0.0948732   -0.180216  0.00418753
         250  -0.0601121   -0.179736  0.00419825
         251   -0.156926   -0.179645   0.0041825
         252   -0.162485   -0.179577  0.00416646
         253   -0.288061   -0.180006    0.004172
         254    -0.32745   -0.180586  0.00419576
         255    -0.22021   -0.180742  0.00418219
         256   -0.268213   -0.181083  0.00417979
         257   -0.321173   -0.181628  0.00419891
         258   -0.107853   -0.181342  0.00419236
         259   -0.204368   -0.181431  0.00417712
         260   -0.216229   -0.181565   0.0041632
         261   -0.201043    -0.18164  0.00414792
         262   -0.318765   -0.182163  0.00416497
         263  -0.0580447   -0.181691  0.00417579
         264   -0.247379    -0.18194  0.00416738
         265   0.0245589   -0.181161  0.00422388
         266   -0.204373   -0.181248   0.0042089
         267    -0.22106   -0.181397  0.00419578
         268   -0.140051   -0.181243  0.00418296
         269   -0.189163   -0.181272  0.00416751
         270   -0.188355   -0.181299  0.00415216
         271  -0.0380477    -0.18077  0.00417035
         272   -0.301289   -0.181213  0.00417849
         273  -0.0788208   -0.180838  0.00417998
         274   -0.263166   -0.181138  0.00417551
         275   -0.138606   -0.180984  0.00416319
         276   -0.126901   -0.180788  0.00415271
         277   -0.214821   -0.180911  0.00413954
         278   -0.199882   -0.180979  0.00412521
         279   -0.169667   -0.180938  0.00411062
         280   -0.234652    -0.18113  0.00410042
         281   -0.100672   -0.180844  0.00409581
         282  -0.0512356   -0.180384  0.00410699
         283   -0.150674   -0.180279  0.00409382
         284   -0.212288   -0.180392  0.00408096
         285   -0.137612   -0.180242   0.0040694
         286  -0.0574751   -0.179813  0.00407775
         287   -0.117581   -0.179596   0.0040693
         288   -0.188596   -0.179627  0.00405529
         289   -0.108417   -0.179381  0.00404874
         290   -0.113866   -0.179155  0.00404107
         291   -0.243748   -0.179377  0.00403328
         292    -0.18925   -0.179411  0.00401961
         293   -0.281288   -0.179758   0.0040209
         294    -0.11943   -0.179553  0.00401245
         295    -0.11946   -0.179349  0.00400402
         296   -0.292046    -0.17973  0.00400855
         297   -0.171271   -0.179702  0.00399516
         298   -0.228859   -0.179867  0.00398516
         299   -0.227649   -0.180026  0.00397503
         300   -0.106307   -0.179781  0.00396937
         301   -0.142201   -0.179656  0.00395814
         302   -0.145623   -0.179543  0.00394664
         303  -0.0765543   -0.179203  0.00394823
         304   -0.265141   -0.179486  0.00394535
         305   -0.253833    -0.17973  0.00393993
         306   -0.171006   -0.179701  0.00392716
         307   -0.265095   -0.179979  0.00392421
         308   -0.268939   -0.180268  0.00392208
         309   -0.130239   -0.180106  0.00391273
         310   -0.161346   -0.180046  0.00390057
         311   -0.217079   -0.180165  0.00388985
         312    -0.18238   -0.180172  0.00387739
         313   -0.117596   -0.179972  0.00387015
         314   -0.188105   -0.179998  0.00385791
         315   -0.111677   -0.179781  0.00385176
         316   -0.118119   -0.179586  0.00384451
         317   -0.235028   -0.179761  0.00383636
         318  -0.0271433   -0.179281  0.00385419
         319   -0.211596   -0.179382  0.00384344
         320    -0.15448   -0.179304  0.00383222
         321   -0.058081   -0.178927  0.00383884
         322   -0.129937   -0.178775  0.00382994
         323   -0.169531   -0.178746  0.00381819
         324   -0.129791   -0.178595  0.00380939
         325   -0.234803   -0.178768  0.00380159
         326   -0.153319    -0.17869  0.00379073
         327     -0.1451   -0.178587  0.00378053
         328  -0.0832244   -0.178296  0.00378017
         329   -0.220215   -0.178424  0.00377083
         330    -0.28234   -0.178739  0.00377252
         331   -0.125584   -0.178578  0.00376454
         332   -0.230975   -0.178736  0.00375651
         333   -0.290857   -0.179072  0.00376029
         334  -0.0881469     -0.1788  0.00375887
         335   -0.167203   -0.178766  0.00374781
         336   -0.135153   -0.178636   0.0037389
         337     -0.2674   -0.178899  0.00373708
         338   -0.157624   -0.178836  0.00372655
         339   -0.116077   -0.178651  0.00372015
         340  -0.0977643   -0.178413  0.00371681
         341     -0.1647   -0.178373  0.00370613
         342   -0.323853   -0.178798  0.00371962
         343  -0.0240717   -0.178347  0.00373603
         344   -0.183495   -0.178362   0.0037252
         345   -0.100136   -0.178136   0.0037213
         346   -0.184358   -0.178154  0.00371059
         347   -0.167044   -0.178121  0.00370003
         348   -0.182221   -0.178133  0.00368942
         349   -0.108047   -0.177932  0.00368431
         350  -0.0305032   -0.177511  0.00369778
         351   -0.178281   -0.177513  0.00368725
         352   -0.250284    -0.17772  0.00368256
         353   -0.254657   -0.177938  0.00367858
         354   -0.217315   -0.178049  0.00366987
         355   -0.136308   -0.177932  0.00366141
         356   -0.118715   -0.177765   0.0036549
         357   -0.163622   -0.177726  0.00364488
         358   -0.200937   -0.177791  0.00363527
         359   -0.259281   -0.178018  0.00363223
         360   -0.240353   -0.178191  0.00362626
         361   -0.251716   -0.178394  0.00362193
         362   -0.106555   -0.178196  0.00361736
         363   -0.219629    -0.17831   0.0036092
         364   -0.212343   -0.178404  0.00360049
         365   -0.250237     -0.1786    0.003596
         366  -0.0740104   -0.178315  0.00359751
         367   -0.119242   -0.178154  0.00359131
         368   -0.253005   -0.178357  0.00358731
         369   -0.149816    -0.17828  0.00357842
         370   -0.294396   -0.178594  0.00358248
         371   -0.168204   -0.178566  0.00357294
         372   -0.138333   -0.178457  0.00356497
         373   -0.248066   -0.178644  0.00356029
         374   -0.268068   -0.178883  0.00355879
         375   -0.013597   -0.178442  0.00357649
         376   -0.144681   -0.178353  0.00356811
         377 -0.00931277   -0.177904   0.0035867
         378   -0.173747   -0.177893  0.00357723
         379   -0.296265   -0.178206   0.0035814
         380   -0.179935    -0.17821  0.00357198
         381  -0.0811189   -0.177955  0.00357168
         382   -0.177829   -0.177955  0.00356233
         383  -0.0820889   -0.177705  0.00356182
         384    -0.10522   -0.177516  0.00355754
         385   -0.114333   -0.177352  0.00355208
         386   -0.122184   -0.177209  0.00354575
         387   -0.264167   -0.177434   0.0035437
         388   -0.172895   -0.177422  0.00353459
         389   -0.179225   -0.177426  0.00352551
         390  -0.0743795   -0.177162  0.00352635
         391   -0.163922   -0.177128   0.0035175
         392   -0.132521   -0.177015  0.00351036
         393   -0.202083   -0.177078  0.00350201
         394   -0.280306    -0.17734  0.00350291
         395   -0.244494    -0.17751  0.00349817
         396   -0.191005   -0.177544   0.0034895
         397  -0.0548549   -0.177235  0.00349437
         398   -0.183121    -0.17725  0.00348562
         399  -0.0957834   -0.177046  0.00348286
         400   0.0152283   -0.176565  0.00350716
         401   -0.224805   -0.176686  0.00350048
         402   -0.159343   -0.176643  0.00349204
         403  -0.0695283   -0.176377  0.00349347
         404    -0.19854   -0.176432  0.00348526
         405   -0.134075   -0.176327  0.00347822
         406   -0.217848   -0.176429  0.00347116
         407   -0.208519   -0.176508  0.00346352
         408  -0.0879754   -0.176291  0.00346182
         409   -0.107826   -0.176124  0.00345741
         410   -0.222238   -0.176236   0.0034508
         411  -0.0874292    -0.17602  0.00344916
         412   -0.194549   -0.176065  0.00344109
         413   -0.177889    -0.17607  0.00343276
         414   -0.148984   -0.176004  0.00342509
         415   -0.147374   -0.175935  0.00341753
         416   -0.191925   -0.175974  0.00340953
         417     -0.1261   -0.175854  0.00340345
         418  -0.0128864   -0.175464  0.00341757
         419   -0.183986   -0.175484  0.00340947
         420   -0.109555   -0.175327  0.00340496
         421   -0.091784   -0.175129  0.00340265
         422   -0.100798   -0.174953  0.00339915
         423   -0.247502   -0.175124  0.00339544
         424   -0.228179   -0.175249  0.00338973
         425   -0.216192   -0.175346  0.00338312
         426   -0.263774   -0.175553  0.00338155
         427    -0.23336   -0.175689  0.00337634
         428   -0.138056   -0.175601  0.00336959
         429   -0.161093   -0.175567  0.00336191
         430   -0.275224   -0.175799  0.00336207
         431   -0.165319   -0.175774  0.00335435
         432   -0.326837   -0.176124  0.00336477
         433  -0.0717426   -0.175883  0.00336562
         434   -0.257913   -0.176072  0.00336317
         435   -0.298342   -0.176353  0.00336716
         436   -0.182602   -0.176368  0.00335947
         437   -0.194072   -0.176408  0.00335203
         438  -0.0633438    -0.17615   0.0033543
         439    -0.10309   -0.175983  0.00335078
         440   -0.267767   -0.176192  0.00334966
         441   -0.186234   -0.176215  0.00334214
         442   -0.253059   -0.176389  0.00333909
         443    -0.18439   -0.176407  0.00333161
         444  -0.0485524   -0.176119  0.00333652
         445  -0.0801995   -0.175903  0.00333598
         446   -0.234753   -0.176035  0.00333111
         447   -0.125018   -0.175921  0.00332561
         448   -0.185143   -0.175942  0.00331825
         449  -0.0300915   -0.175617  0.00332672
         450   -0.234222   -0.175747  0.00332188
         451   -0.231182    -0.17587  0.00331679
         452   -0.115631   -0.175737  0.00331213
         453   -0.159558   -0.175701  0.00330501
         454   -0.228681   -0.175818  0.00329979
         455    -0.19371   -0.175857  0.00329277
         456   -0.122292    -0.17574  0.00328764
         457   -0.213253   -0.175822  0.00328147
         458   -0.248055   -0.175979   0.0032781
         459   -0.214903   -0.176064  0.00327205
         460   -0.225245   -0.176171  0.00326668
         461   -0.170314   -0.176158  0.00325962
         462   -0.222763   -0.176259  0.00325413
         463  -0.0882015   -0.176069  0.00325265
         464     -0.1998    -0.17612  0.00324604
         465  -0.0631499   -0.175877  0.00324814
         466  -0.0882384   -0.175689  0.00324661
         467    -0.18868   -0.175717  0.00323978
         468   -0.139287   -0.175639  0.00323379
         469   -0.119945    -0.17552  0.00322908
         470   -0.178739   -0.175527  0.00322221
         471   -0.214269   -0.175609  0.00321642
         472  -0.0868561   -0.175421   0.0032151
         473   -0.167211   -0.175404  0.00320835
         474   -0.278557   -0.175622  0.00320895
         475  -0.0990047    -0.17546  0.00320625
         476   -0.119969   -0.175344  0.00320163
         477   -0.181547   -0.175357  0.00319494
         478   -0.299568   -0.175617  0.00319881
         479   -0.222424   -0.175714  0.00319362
         480   -0.236378   -0.175841  0.00318947
         481  -0.0660833   -0.175613  0.00319099
         482   -0.211369   -0.175687  0.00318523
         483   -0.198627   -0.175734  0.00317899
         484   -0.178042   -0.175739  0.00317243
         485    -0.16624   -0.175719  0.00316595
         486   -0.220211   -0.175811  0.00316076
         487   -0.190833   -0.175842  0.00315442
         488   -0.195375   -0.175882  0.00314821
         489  -0.0614755   -0.175648  0.00315045
         490   -0.109605   -0.175513   0.0031469
         491   -0.103732   -0.175367  0.00314389
         492   -0.158555   -0.175333  0.00313768
         493   -0.222169   -0.175428  0.00313276
         494   -0.250296   -0.175579  0.00313008
         495   -0.196957   -0.175623  0.00312405
         496   -0.318058    -0.17591  0.00313093
         497   -0.194849   -0.175948  0.00312486
         498   -0.220285   -0.176037  0.00311985
         499   -0.141332   -0.175967  0.00311437
         500   -0.212737   -0.176041  0.00310901
         501  -0.0728996   -0.175835  0.00310962
         502  -0.0556604   -0.175596  0.00311262
         503   -0.202454   -0.175649  0.00310689
         504  -0.0925978   -0.175484   0.0031051
         505   -0.121074   -0.175376  0.00310082
         506    -0.10245   -0.175232  0.00309804
         507   -0.193455   -0.175268  0.00309213
         508    -0.15445   -0.175227  0.00308632
         509   -0.244026   -0.175362  0.00308321
         510   -0.242526   -0.175494  0.00307998
         511  -0.0343426   -0.175218  0.00308631
         512  -0.0870451   -0.175046  0.00308509
         513   -0.267433   -0.175226  0.00308432
         514   -0.122884   -0.175124     0.00308
         515   -0.147091    -0.17507   0.0030745
         516   -0.189896   -0.175098  0.00306868
         517  -0.0212108   -0.174801  0.00307715
         518   -0.215541   -0.174879  0.00307221
         519   -0.100581   -0.174736  0.00306963
         520   -0.279043   -0.174937  0.00307027
         521   -0.125734   -0.174842  0.00306583
         522  -0.0275149    -0.17456  0.00307292
         523   -0.233567   -0.174673  0.00306911
         524   -0.230391   -0.174779   0.0030651
         525   -0.239624   -0.174903  0.00306175
         526   -0.236996   -0.175021   0.0030582
         527   -0.187033   -0.175044  0.00305248
         528   -0.207236   -0.175104  0.00304731
         529   -0.274073   -0.175292  0.00304729
         530   -0.178896   -0.175298  0.00304155
         531   -0.172673   -0.175293  0.00303582
         532   -0.151928    -0.17525  0.00303043
         533   -0.205934   -0.175307  0.00302529
         534   -0.311367   -0.175562  0.00303034
         535   -0.145898   -0.175506  0.00302518
         536  -0.0629755   -0.175296  0.00302681
         537   -0.182525    -0.17531  0.00302121
         538   -0.183858   -0.175326  0.00301563
         539   -0.192694   -0.175358  0.00301021
         540   -0.195124   -0.175395  0.00300486
         541   -0.227155    -0.17549  0.00300083
         542   -0.209443   -0.175553  0.00299595
         543   -0.191775   -0.175583  0.00299058
         544   -0.187565   -0.175605  0.00298516
         545   -0.242186   -0.175727  0.00298218
         546   -0.214507   -0.175798  0.00297757
         547   -0.196089   -0.175835  0.00297235
         548   -0.212487   -0.175902  0.00296768
         549   -0.140571   -0.175838  0.00296297
         550   -0.158743   -0.175807  0.00295775
         551   -0.244108   -0.175931  0.00295498
         552   -0.235867   -0.176039  0.00295162
         553    -0.18183    -0.17605   0.0029463
         554   -0.166406   -0.176032  0.00294103
         555    -0.22918   -0.176128  0.00293729
         556  -0.0543204   -0.175909  0.00294017
         557   -0.215241    -0.17598  0.00293574
         558   -0.132621   -0.175902  0.00293151
         559  -0.0829678   -0.175736  0.00293097
         560   -0.187924   -0.175757  0.00292582
         561   -0.153028   -0.175717  0.00292088
         562  -0.0608036   -0.175512  0.00292283
         563   -0.208193    -0.17557  0.00291822
         564  -0.0929533   -0.175424  0.00291672
         565    -0.20214   -0.175471  0.00291194
         566   -0.204734   -0.175523  0.00290725
         567   -0.183342   -0.175537  0.00290216
         568   -0.117284   -0.175434  0.00289886
         569   -0.208474   -0.175492  0.00289435
         570   -0.164558   -0.175473  0.00288933
         571   -0.226073   -0.175562  0.00288563
         572   -0.283838   -0.175751  0.00288679
         573   -0.118039    -0.17565  0.00288351
         574   -0.265718   -0.175807  0.00288275
         575   -0.138793   -0.175743  0.00287846
         576   -0.137168   -0.175676  0.00287424
         577   -0.188695   -0.175698  0.00286935
         578   -0.212067   -0.175761  0.00286507
         579   -0.202055   -0.175807  0.00286048
         580   -0.219849   -0.175883  0.00285656
         581   -0.149777   -0.175838  0.00285199
         582  -0.0842698    -0.17568  0.00285143
         583   -0.186636   -0.175699   0.0028466
         584   -0.272539   -0.175865  0.00284655
         585   -0.155149    -0.17583  0.00284191
         586   -0.221445   -0.175907  0.00283812
         587   -0.123186   -0.175818  0.00283471
         588   -0.258498   -0.175958  0.00283337
         589   -0.158601   -0.175929  0.00282872
         590   -0.302114   -0.176143    0.002832
         591   -0.165943   -0.176125  0.00282726
         592   -0.159274   -0.176097  0.00282262
         593   -0.139161   -0.176035  0.00281855
         594   -0.266905   -0.176188  0.00281795
         595   -0.229452   -0.176277  0.00281464
         596   -0.213942    -0.17634  0.00281063
         597    -0.23202   -0.176434  0.00280747
         598   -0.236178   -0.176533  0.00280455
         599    -0.16861    -0.17652   0.0027999
         600   -0.110117    -0.17641  0.00279742
         601   -0.106944   -0.176294  0.00279515
         602   -0.190584   -0.176318  0.00279061
         603   -0.226299   -0.176401  0.00278721
         604    -0.25861   -0.176537  0.00278592
         605   -0.134945   -0.176468  0.00278216
         606   -0.201383   -0.176509  0.00277787
         607   -0.145634   -0.176458  0.00277376
         608   -0.199041   -0.176495  0.00276945
         609   -0.273443   -0.176655  0.00276947
         610    -0.17963   -0.176659  0.00276494
         611   -0.243561   -0.176769  0.00276258
         612     -0.1151   -0.176668   0.0027599
         613  -0.0473879   -0.176457  0.00276345
         614   -0.157653   -0.176427  0.00275912
         615   -0.181048   -0.176434  0.00275464
         616   -0.182175   -0.176443  0.00275018
         617   -0.215552   -0.176507  0.00274646
         618   -0.188692   -0.176527  0.00274208
         619   -0.248345   -0.176643  0.00274011
         620   -0.277479   -0.176805  0.00274051
         621   -0.140403   -0.176747  0.00273672
         622   -0.245254   -0.176857  0.00273454
         623   -0.153334   -0.176819  0.00273041
         624   -0.154082   -0.176783  0.00272628
         625   -0.190116   -0.176804    0.002722
         626   -0.201922   -0.176844  0.00271795
         627   -0.235175   -0.176937   0.0027152
         628  -0.0921412   -0.176802  0.00271423
         629   -0.138803   -0.176742  0.00271059
         630   -0.140247   -0.176684  0.00270691
         631   -0.248718   -0.176798  0.00270502
         632   -0.116484   -0.176702  0.00270243
         633   -0.138962   -0.176643  0.00269882
         634   -0.156848   -0.176612  0.00269474
         635   -0.161276   -0.176587   0.0026906
         636    -0.11547   -0.176491  0.00268809
         637   -0.135417   -0.176427  0.00268464
         638   -0.164503   -0.176408   0.0026805
         639   -0.190848   -0.176431   0.0026764
         640   -0.121951   -0.176346  0.00267357
         641   -0.292567   -0.176527  0.00267554
         642   -0.266053   -0.176666  0.00267501
         643   -0.187264   -0.176683   0.0026709
         644   -0.133336   -0.176616   0.0026676
         645   -0.189968   -0.176636  0.00266354
         646  -0.0681648   -0.176468  0.00266471
         647   -0.292386   -0.176647   0.0026666
         648   -0.105388   -0.176538  0.00266475
         649   -0.142388   -0.176485  0.00266117
         650   -0.153109   -0.176449  0.00265732
         651   -0.166136   -0.176433  0.00265328
         652    -0.17359   -0.176429  0.00264922
         653   -0.188244   -0.176447  0.00264522
         654   -0.276708     -0.1766  0.00264562
         655  -0.0871465   -0.176464   0.0026451
         656   -0.184859   -0.176476   0.0026411
         657   -0.217308   -0.176539  0.00263781
         658   -0.224195   -0.176611  0.00263479
         659   -0.171016   -0.176602  0.00263081
         660   -0.186004   -0.176617  0.00262686
         661   -0.223804   -0.176688  0.00262386
         662 -0.00506067   -0.176429  0.00263267
         663   -0.135474   -0.176367  0.00262943
         664   -0.184999    -0.17638   0.0026255
         665   -0.133235   -0.176315  0.00262235
         666   -0.121591   -0.176233   0.0026197
         667   -0.257431   -0.176355   0.0026186
         668   -0.152568   -0.176319  0.00261492
         669   -0.136616    -0.17626  0.00261169
         670   0.0473172   -0.175926  0.00262902
         671  -0.0863181   -0.175793  0.00262849
         672  -0.0757473   -0.175644  0.00262879
         673   -0.165688   -0.175629  0.00262493
         674   -0.110281   -0.175532  0.00262282
         675   -0.249462   -0.175641  0.00262122
         676   -0.204434   -0.175684  0.00261769
         677   -0.232637   -0.175768  0.00261518
         678   -0.218204   -0.175831  0.00261207
         679   -0.131238   -0.175765  0.00260905
         680   -0.230609   -0.175846  0.00260646
         681    -0.20146   -0.175883   0.0026029
         682   -0.213178   -0.175938  0.00259966
         683   -0.177118    -0.17594  0.00259585
         684   -0.131095   -0.175874  0.00259289
         685   -0.202091   -0.175912  0.00258938
         686   -0.152747   -0.175879  0.00258583
         687   -0.177995   -0.175882  0.00258207
         688    -0.13748   -0.175826  0.00257892
         689   -0.321067   -0.176037  0.00258377
         690   -0.235825   -0.176123  0.00258148
         691   -0.136756   -0.176066  0.00257838
         692  0.00508197   -0.175805   0.0025879
         693   -0.234504   -0.175889  0.00258556
         694   -0.184916   -0.175902  0.00258186
         695   -0.237797   -0.175991  0.00257968
         696  -0.0258611   -0.175776  0.00258498
         697   -0.346112    -0.17602   0.0025928
         698  -0.0964463   -0.175906  0.00259159
         699   -0.210344   -0.175955  0.00258835
         700   -0.286197   -0.176113  0.00258944
         701   -0.168306   -0.176102  0.00258577
         702   -0.283623   -0.176255  0.00258662
         703   -0.181542   -0.176262  0.00258295
         704   -0.146264    -0.17622  0.00257963
         705   -0.269048   -0.176351  0.00257933
         706   -0.246404   -0.176451  0.00257758
         707   -0.225187    -0.17652  0.00257486
         708   -0.240951   -0.176611  0.00257283
         709   -0.207928   -0.176655  0.00256958
         710   -0.156974   -0.176627  0.00256611
         711   -0.201152   -0.176662  0.00256273
         712   -0.124282   -0.176588  0.00256019
         713   -0.144944   -0.176544  0.00255698
         714   -0.177655   -0.176545   0.0025534
         715   -0.138691   -0.176492  0.00255038
         716   -0.137649   -0.176438   0.0025474
         717   -0.145874   -0.176395   0.0025442
         718   -0.280047    -0.17654  0.00254475
         719  -0.0293058   -0.176335  0.00254944
         720  -0.0718162    -0.17619  0.00255002
         721   -0.196859   -0.176218  0.00254665
         722   -0.245782   -0.176315  0.00254494
         723   -0.269276   -0.176443  0.00254467
         724   -0.214576   -0.176496   0.0025417
         725   -0.218333   -0.176554  0.00253885
         726   -0.178637   -0.176557  0.00253535
         727  -0.0843464    -0.17643  0.00253504
         728   -0.202785   -0.176466  0.00253181
         729   -0.220278   -0.176526  0.00252905
         730   -0.203009   -0.176562  0.00252585
         731   -0.144304   -0.176518  0.00252278
         732   -0.129651   -0.176454  0.00252014
         733   -0.121846    -0.17638  0.00251781
         734   -0.167083   -0.176367  0.00251441
         735   -0.150409   -0.176332  0.00251124
         736   -0.222254   -0.176394   0.0025086
         737   -0.234096   -0.176472  0.00250642
         738   -0.247238   -0.176568  0.00250485
         739   -0.182331   -0.176576  0.00250148
         740   -0.188558   -0.176592  0.00249815
         741   -0.173808   -0.176589  0.00249478
         742   -0.212016   -0.176636  0.00249187
         743   -0.129706   -0.176573  0.00248932
         744  -0.0728778   -0.176434  0.00248987
         745   -0.246327   -0.176528   0.0024883
         746   -0.259746   -0.176639  0.00248746
         747   -0.125553   -0.176571  0.00248507
         748     -0.1803   -0.176576  0.00248176
         749   -0.199156   -0.176606  0.00247862
         750   -0.099477   -0.176503  0.00247745
         751   -0.144707   -0.176461  0.00247452
         752   -0.228364    -0.17653  0.00247219
         753   -0.117943   -0.176452  0.00247013
         754   -0.156579   -0.176426  0.00246699
         755   -0.229801   -0.176496  0.00246474
         756   -0.143165   -0.176452  0.00246187
         757   -0.185167   -0.176464  0.00245865
         758   -0.119748   -0.176389  0.00245654
         759   -0.258509   -0.176497  0.00245569
         760    -0.15135   -0.176464  0.00245268
         761   -0.293067   -0.176617  0.00245424
         762   -0.137506   -0.176566  0.00245155
         763 -0.00405239    -0.17634  0.00245874
         764   -0.027932   -0.176145  0.00246319
         765   -0.242884   -0.176233  0.00246151
         766   -0.123318   -0.176164  0.00245927
         767   -0.191991   -0.176184  0.00245615
         768   -0.173017    -0.17618  0.00245295
         769   -0.177415   -0.176182  0.00244976
         770   -0.226088   -0.176247  0.00244744
         771  -0.0900619   -0.176135  0.00244682
         772   -0.217871   -0.176189  0.00244424
         773   -0.198575   -0.176218  0.00244125
         774   -0.235057   -0.176294  0.00243928
         775   -0.285745   -0.176435  0.00244022
         776   -0.165443   -0.176421  0.00243712
         777  -0.0899637    -0.17631  0.00243652
         778   -0.264729   -0.176423  0.00243604
         779   -0.151849   -0.176392  0.00243311
         780   -0.187216   -0.176406  0.00243003
         781   -0.231114   -0.176476  0.00242793
         782   -0.148016   -0.176439   0.0024251
         783   -0.298014   -0.176595  0.00242697
         784   -0.217946   -0.176647  0.00242444
         785   -0.164367   -0.176632  0.00242141
         786   -0.283405   -0.176767  0.00242213
         787   -0.241204   -0.176849  0.00242044
         788   -0.127587   -0.176787  0.00241818
         789   -0.122031   -0.176717  0.00241611
         790   -0.302994   -0.176877  0.00241833
         791  -0.0907031   -0.176768  0.00241772
         792   -0.273545   -0.176891  0.00241776
         793   -0.225589   -0.176952  0.00241549
         794   -0.182621   -0.176959  0.00241246
         795   -0.167687   -0.176947  0.00240945
         796   -0.170099   -0.176939  0.00240644
         797   -0.285437   -0.177075  0.00240727
         798   -0.186051   -0.177086  0.00240428
         799  -0.0321717   -0.176905   0.0024081
         800   0.0273499    -0.17665  0.00241859
         801   -0.198979   -0.176677  0.00241573
         802   -0.110433   -0.176595  0.00241413
         803   -0.157749   -0.176571  0.00241123
         804   -0.124318   -0.176506  0.00240911
         805   -0.274431   -0.176628  0.00240919
         806    -0.17647   -0.176628   0.0024062
         807   -0.102691   -0.176536  0.00240496
         808   -0.201298   -0.176567  0.00240218
         809   -0.228672   -0.176631  0.00240007
         810   -0.121732   -0.176563  0.00239807
         811    -0.10619   -0.176477  0.00239668
         812  -0.0688277   -0.176344  0.00239739
         813   -0.284699   -0.176477  0.00239814
         814   -0.262249   -0.176583  0.00239751
         815   -0.119474   -0.176513  0.00239559
         816   -0.253517   -0.176607  0.00239452
         817    -0.12392   -0.176543  0.00239245
         818    -0.19012   -0.176559  0.00238959
         819   -0.257934   -0.176659  0.00238873
         820   -0.153871   -0.176631  0.00238598
         821    -0.20172   -0.176661  0.00238327
         822   -0.292401   -0.176802  0.00238453
         823    -0.15972   -0.176781  0.00238172
         824   -0.110699   -0.176701  0.00238018
         825 -0.00920843   -0.176498  0.00238594
         826   -0.145855   -0.176461  0.00238334
         827   -0.147791   -0.176426  0.00238071
         828   -0.253383   -0.176519  0.00237965
         829   -0.173327   -0.176515  0.00237678
         830   -0.164891   -0.176501  0.00237396
         831   -0.176214   -0.176501   0.0023711
         832   -0.160537   -0.176482  0.00236833
         833   -0.239096   -0.176557  0.00236668
         834  -0.0983357   -0.176463   0.0023657
         835  -0.0494954   -0.176311  0.00236775
         836    -0.10794   -0.176229  0.00236633
         837   -0.116215   -0.176158  0.00236458
         838   -0.231363   -0.176224  0.00236268
         839   -0.249403   -0.176311  0.00236147
         840   -0.285583   -0.176441  0.00236224
         841   -0.174249   -0.176438  0.00235944
         842   -0.227534   -0.176499  0.00235741
         843   -0.181757   -0.176505  0.00235463
         844    -0.17664   -0.176505  0.00235184
         845   -0.175942   -0.176505  0.00234905
         846   -0.178458   -0.176507  0.00234628
         847   -0.133884   -0.176457  0.00234405
         848   -0.142751   -0.176417  0.00234162
         849    -0.19711   -0.176441  0.00233899
         850   -0.183916    -0.17645  0.00233625
         851   -0.253426   -0.176541  0.00233526
         852   -0.243287   -0.176619  0.00233383
         853   -0.241081   -0.176694  0.00233232
         854   -0.198567    -0.17672  0.00232973
         855   -0.273285   -0.176833  0.00232974
         856  -0.0642339   -0.176701  0.00233073
         857   -0.126495   -0.176643  0.00232874
         858   -0.250116   -0.176729   0.0023276
         859  -0.0927648   -0.176631  0.00232695
         860     -0.1602   -0.176612  0.00232432
         861   -0.220033   -0.176662  0.00232217
         862   -0.154133   -0.176636  0.00231962
         863   -0.220984   -0.176687   0.0023175
         864   -0.169166   -0.176679  0.00231483
         865   -0.224512   -0.176734  0.00231282
         866   -0.192558   -0.176752  0.00231022
         867   0.0217465   -0.176523  0.00231887
         868   -0.173843    -0.17652   0.0023162
         869   -0.104745   -0.176438  0.00231501
         870   -0.205582   -0.176471  0.00231259
         871  -0.0797448    -0.17636   0.0023126
         872   -0.280324   -0.176479  0.00231302
         873  -0.0830547   -0.176372  0.00231284
         874   -0.124764   -0.176313  0.00231095
         875    -0.16107   -0.176296  0.00230838
         876   -0.218999   -0.176345  0.00230626
         877  -0.0343201   -0.176183  0.00230931
         878   -0.120465   -0.176119  0.00230755
         879  -0.0606591   -0.175988  0.00230866
         880  -0.0471114   -0.175841  0.00231067
         881  -0.0844834   -0.175738  0.00231038
         882   -0.113946   -0.175668  0.00230882
         883   -0.185547   -0.175679  0.00230623
         884   -0.270142   -0.175786   0.0023061
         885   -0.131845   -0.175736  0.00230403
         886   -0.230399   -0.175798  0.00230225
         887   -0.163255   -0.175784   0.0022997
         888   -0.133693   -0.175736   0.0022976
         889   -0.127091   -0.175681  0.00229566
         890  -0.0921135   -0.175588    0.002295
         891   -0.143977   -0.175552   0.0022927
         892   -0.279959   -0.175669  0.00229312
         893   -0.035531   -0.175512  0.00229591
         894  -0.0516299   -0.175374  0.00229752
         895  -0.0678373   -0.175253   0.0022981
         896   -0.143384   -0.175218  0.00229581
         897   -0.185581   -0.175229  0.00229328
         898   -0.183924   -0.175239  0.00229074
         899   -0.259551   -0.175333  0.00229011
         900  -0.0291601    -0.17517  0.00229332
         901   -0.119356   -0.175109  0.00229161
         902  -0.0420545   -0.174961  0.00229382
         903  -0.0808618   -0.174857  0.00229364
         904   -0.151584   -0.174831  0.00229125
         905   -0.234038   -0.174896  0.00228965
         906   -0.125419   -0.174842  0.00228777
         907  -0.0846989   -0.174742  0.00228741
         908   -0.170059   -0.174737   0.0022849
         909   -0.298243   -0.174873  0.00228642
         910    -0.20632   -0.174908  0.00228417
         911  -0.0381541   -0.174758  0.00228659
         912   -0.173328   -0.174756  0.00228408
         913   -0.188345   -0.174771  0.00228163
         914   -0.354787   -0.174968  0.00228762
         915  -0.0795229   -0.174864  0.00228749
         916   -0.207465   -0.174899  0.00228527
         917   -0.101657   -0.174819  0.00228418
         918   -0.180908   -0.174826   0.0022817
         919   -0.191328   -0.174844  0.00227928
         920   -0.182943   -0.174853  0.00227682
         921   -0.209519    -0.17489  0.00227466
         922   -0.170085   -0.174885   0.0022722
         923   -0.207325    -0.17492  0.00227001
         924     -0.1524   -0.174896  0.00226769
         925   -0.141602    -0.17486  0.00226552
         926   -0.161754   -0.174846  0.00226312
         927   -0.163111   -0.174833  0.00226071
         928   -0.263663   -0.174929   0.0022603
         929   -0.106139   -0.174855  0.00225908
         930   -0.124117     -0.1748  0.00225731
         931     -0.1333   -0.174756  0.00225533
         932   -0.172928   -0.174754  0.00225291
         933    -0.13263   -0.174709  0.00225094
         934   -0.217379   -0.174754    0.002249
         935   -0.106248   -0.174681  0.00224779
         936   -0.248102   -0.174759  0.00224675
         937   -0.272225   -0.174863  0.00224676
         938   -0.160138   -0.174848  0.00224442
         939   -0.106459   -0.174775  0.00224321
         940   -0.208407   -0.174811  0.00224111
         941   -0.158813   -0.174794  0.00223879
         942   -0.120782   -0.174736  0.00223715
         943   -0.156752   -0.174717  0.00223486
         944  -0.0945472   -0.174632  0.00223411
         945   -0.112113   -0.174566  0.00223272
         946   -0.103953   -0.174492  0.00223161
         947   -0.181855   -0.174499  0.00222927
         948   -0.170654   -0.174495  0.00222692
         949   -0.191514   -0.174513  0.00222464
         950   -0.262379   -0.174606  0.00222422
         951  -0.0762356   -0.174502  0.00222429
         952   -0.141441   -0.174468  0.00222222
         953   -0.202512   -0.174497  0.00222009
         954   -0.174182   -0.174497  0.00221776
         955   -0.229627   -0.174554  0.00221619
         956   -0.178363   -0.174558  0.00221387
         957   -0.145291   -0.174528  0.00221177
         958  -0.0866568   -0.174436  0.00221136
         959   -0.217356   -0.174481  0.00220951
         960   -0.237763   -0.174547  0.00220819
         961   -0.152281   -0.174524  0.00220602
         962   -0.063054   -0.174408  0.00220676
         963   -0.215673    -0.17445  0.00220489
         964   -0.082228   -0.174355  0.00220468
         965   -0.205249   -0.174387  0.00220262
         966   -0.170519   -0.174383  0.00220035
         967   -0.167422   -0.174376  0.00219808
         968    -0.16047   -0.174361  0.00219586
         969  -0.0322671   -0.174215  0.00219848
         970   -0.314715   -0.174359  0.00220098
         971   -0.111502   -0.174295  0.00219967
         972   -0.122339   -0.174241  0.00219806
         973   -0.162109   -0.174229  0.00219583
         974    -0.25357    -0.17431  0.00219509
         975   -0.167658   -0.174303  0.00219285
         976   -0.257526   -0.174389  0.00219226
         977   -0.192752   -0.174408  0.00219009
         978   -0.111585   -0.174343   0.0021888
         979   -0.182508   -0.174352  0.00218658
         980   -0.252715   -0.174432  0.00218581
         981   -0.130668   -0.174387  0.00218403
         982   -0.144175   -0.174356  0.00218203
         983   -0.152368   -0.174334  0.00217992
         984   -0.182696   -0.174342  0.00217772
         985   -0.182183    -0.17435  0.00217553
         986    -0.07131   -0.174246  0.00217583
         987   -0.202274   -0.174274  0.00217381
         988   -0.123761   -0.174223  0.00217221
         989   -0.155612   -0.174204   0.0021701
         990   -0.147112   -0.174177  0.00216808
         991   -0.237806   -0.174241  0.00216684
         992   -0.221089   -0.174288  0.00216517
         993   -0.194679   -0.174309  0.00216309
         994   -0.181383   -0.174316  0.00216092
         995   -0.154097   -0.174296  0.00215885
         996  -0.0807605   -0.174202  0.00215872
         997   -0.111128   -0.174138  0.00215748
         998    -0.13345   -0.174098   0.0021557
         999   -0.245802   -0.174169  0.00215474
        1000  -0.0819217   -0.174077  0.00215456
        1001   -0.241357   -0.174144  0.00215346
        1002   -0.235914   -0.174206  0.00215219
        1003   -0.153704   -0.174186  0.00215014
        1004   -0.174672   -0.174186    0.002148
        1005  -0.0830925   -0.174095  0.00214777
        1006    -0.22967   -0.174151  0.00214635
        1007   -0.260611   -0.174237  0.00214593
        1008   -0.179843   -0.174242  0.00214381
        1009    -0.10817   -0.174177  0.00214269
        1010   -0.101595   -0.174105  0.00214177
        1011   -0.224119   -0.174154  0.00214022
        1012   -0.159022   -0.174139  0.00213816
        1013   -0.122878   -0.174089  0.00213665
        1014   -0.187991   -0.174102  0.00213459
        1015   -0.170358   -0.174099  0.00213249
        1016   -0.262545   -0.174186  0.00213216
        1017  -0.0433018   -0.174057  0.00213395
        1018   -0.224499   -0.174107  0.00213243
        1019 -0.00154094   -0.173937  0.00213705
        1020   -0.102062   -0.173867  0.00213611
        1021  -0.0753743    -0.17377   0.0021362
        1022   -0.171082   -0.173768  0.00213411
        1023   -0.106067   -0.173702  0.00213305
        1024   -0.057346   -0.173588  0.00213399
        1025   -0.172776   -0.173587  0.00213191
        1026   -0.097235   -0.173513  0.00213113
        1027   -0.244703   -0.173582  0.00213018
        1028  -0.0625282   -0.173474  0.00213085
        1029   -0.190546   -0.173491  0.00212884
        1030   -0.124847   -0.173443   0.0021273
        1031   -0.201938   -0.173471  0.00212541
        1032  0.00755759   -0.173296  0.00213058
        1033  -0.0694977   -0.173195  0.00213089
        1034  -0.0207304   -0.173048  0.00213392
        1035   -0.193434   -0.173067  0.00213195
        1036   -0.151258   -0.173046     0.00213
        1037   -0.239897   -0.173111  0.00212892
        1038   -0.165025   -0.173103  0.00212688
        1039   -0.172439   -0.173102  0.00212483
        1040   -0.215846   -0.173143  0.00212319
        1041   -0.125363   -0.173098  0.00212164
        1042   -0.225094   -0.173147  0.00212019
        1043   -0.144813    -0.17312  0.00211834
        1044   -0.186348   -0.173133  0.00211634
        1045   -0.229766   -0.173187  0.00211501
        1046  -0.0778496   -0.173096  0.00211495
        1047   -0.113939    -0.17304  0.00211369
        1048   -0.102111   -0.172972  0.00211276
        1049   -0.241146   -0.173037  0.00211174
        1050   0.0695461   -0.172806  0.00212233
        1051   -0.188659   -0.172821  0.00212036
        1052   -0.290454   -0.172933  0.00212129
        1053   -0.232262   -0.172989  0.00212003
        1054   -0.160075   -0.172977  0.00211805
        1055   -0.272275   -0.173071  0.00211813
        1056   -0.262384   -0.173155  0.00211782
        1057   -0.106854   -0.173093  0.00211674
        1058   -0.204025   -0.173122  0.00211494
        1059   -0.167669   -0.173117  0.00211295
        1060  -0.0763238   -0.173026  0.00211293
        1061   -0.163525   -0.173017  0.00211096
        1062    -0.22102   -0.173062  0.00210946
        1063  -0.0600054   -0.172955  0.00211015
        1064   -0.117125   -0.172903  0.00210882
        1065   -0.122372   -0.172855  0.00210737
        1066   -0.263626   -0.172941  0.00210712
        1067   -0.221435   -0.172986  0.00210563
        1068   -0.213956   -0.173024  0.00210401
        1069   -0.109646   -0.172965  0.00210288
        1070   -0.158326   -0.172951  0.00210095
        1071   -0.252208   -0.173025   0.0021003
        1072   -0.120122   -0.172976  0.00209892
        1073   -0.323554   -0.173116  0.00210165
        1074   -0.258851   -0.173196  0.00210121
        1075  -0.0872623   -0.173116  0.00210077
        1076   -0.096587   -0.173045  0.00210002
        1077   -0.188398   -0.173059  0.00209812
        1078   -0.303277    -0.17318  0.00209965
        1079    -0.23661   -0.173239  0.00209853
        1080   -0.145091   -0.173213  0.00209674
        1081    -0.11017   -0.173155  0.00209562
        1082   -0.232313   -0.173209  0.00209439
        1083   -0.105974   -0.173147  0.00209338
        1084   -0.205573   -0.173177  0.00209166
        1085   -0.282092   -0.173278  0.00209214
        1086   -0.192507   -0.173295  0.00209029
        1087   -0.136074   -0.173261  0.00208865
        1088   -0.168483   -0.173257  0.00208673
        1089   -0.169912   -0.173254  0.00208482
        1090  -0.0629403   -0.173152  0.00208536
        1091   -0.191858    -0.17317  0.00208352
        1092   -0.207349   -0.173201  0.00208185
        1093  -0.0739822    -0.17311  0.00208192
        1094   -0.265878   -0.173195  0.00208174
        1095   -0.167454    -0.17319  0.00207985
        1096   -0.161679   -0.173179  0.00207798
        1097  -0.0274876   -0.173046  0.00208032
        1098  -0.0843749   -0.172966  0.00207999
        1099   -0.199193   -0.172989  0.00207824
        1100    -0.28815   -0.173094  0.00207898
        1101   -0.137134   -0.173061  0.00207735
        1102  -0.0768121   -0.172974   0.0020773
        1103   -0.287781   -0.173078  0.00207803
        1104   -0.248783   -0.173147  0.00207727
        1105   -0.182782   -0.173155  0.00207541
        1106  -0.0663414   -0.173059  0.00207578
        1107   -0.162552   -0.173049  0.00207393
        1108   -0.183993   -0.173059  0.00207208
        1109   -0.289353   -0.173164  0.00207286
        1110   -0.327152   -0.173303  0.00207563
        1111   -0.247509    -0.17337  0.00207484
        1112   -0.263626   -0.173451  0.00207456
        1113   -0.204711   -0.173479  0.00207289
        1114    -0.19771   -0.173501  0.00207114
        1115  -0.0550596   -0.173394    0.002072
        1116   -0.201545    -0.17342   0.0020703
        1117  -0.0804421   -0.173336  0.00207012
        1118   -0.234556   -0.173391  0.00206899
        1119   -0.199976   -0.173415  0.00206728
        1120   -0.219697   -0.173456  0.00206585
        1121   -0.150399   -0.173436  0.00206411
        1122   -0.187978   -0.173449  0.00206231
        1123   -0.224161   -0.173494  0.00206097
        1124   -0.173421   -0.173494  0.00205913
        1125   -0.194017   -0.173512  0.00205738
        1126   -0.153668   -0.173494  0.00205563
        1127   -0.180742   -0.173501  0.00205382
        1128   -0.251921    -0.17357  0.00205317
        1129   -0.252545    -0.17364  0.00205255
        1130   -0.152869   -0.173622  0.00205081
        1131    -0.14959   -0.173601  0.00204911
        1132  -0.0380397   -0.173481  0.00205079
        1133   -0.190853   -0.173496  0.00204904
        1134   -0.218734   -0.173536  0.00204762
        1135  -0.0488004   -0.173426  0.00204877
        1136   -0.132273    -0.17339  0.00204728
        1137  0.00688602   -0.173231  0.00205161
        1138   -0.181291   -0.173239  0.00204982
        1139   -0.249319   -0.173305  0.00204911
        1140    -0.11195   -0.173251  0.00204802
        1141   -0.223058   -0.173295  0.00204669
        1142    -0.11801   -0.173247  0.00204547
        1143   -0.197514   -0.173268  0.00204379
        1144   -0.111515   -0.173214  0.00204272
        1145    -0.32837   -0.173349  0.00204542
        1146   -0.218226   -0.173389  0.00204401
        1147   -0.225258   -0.173434  0.00204273
        1148   -0.166186   -0.173428  0.00204096
        1149   -0.246526   -0.173491  0.00204018
        1150   -0.112171   -0.173438   0.0020391
        1151   -0.271046   -0.173523  0.00203909
        1152   -0.222878   -0.173565  0.00203777
        1153  -0.0779409   -0.173483  0.00203769
        1154  -0.0480413   -0.173374  0.00203882
        1155   -0.142688   -0.173347  0.00203723
        1156   -0.309267   -0.173465  0.00203886
        1157   -0.186788   -0.173476  0.00203713
        1158   -0.227413   -0.173523   0.0020359
        1159  -0.0685277   -0.173432  0.00203616
        1160   -0.211557   -0.173465  0.00203467
        1161   -0.219966   -0.173505  0.00203331
        1162   -0.323648   -0.173635  0.00203566
        1163   -0.137858   -0.173604  0.00203414
        1164   -0.105858   -0.173546  0.00203323
        1165    -0.23843   -0.173601  0.00203225
        1166   -0.190074   -0.173615  0.00203055
        1167   -0.214747   -0.173651  0.00202912
        1168   -0.254639    -0.17372  0.00202856
        1169   -0.173008   -0.173719  0.00202683
        1170   -0.222337   -0.173761  0.00202552
        1171   -0.206088   -0.173788  0.00202398
        1172   -0.235074   -0.173841  0.00202293
        1173   -0.137361    -0.17381  0.00202144
        1174   -0.236719   -0.173863  0.00202043
        1175   -0.108204   -0.173807  0.00201949
        1176   -0.212515    -0.17384  0.00201804
        1177   -0.181858   -0.173847  0.00201633
        1178   -0.203204   -0.173872  0.00201478
        1179   -0.212606   -0.173905  0.00201334
        1180   -0.226671    -0.17395  0.00201213
        1181   -0.263069   -0.174025  0.00201184
        1182  -0.0778966   -0.173944  0.00201178
        1183   -0.157708    -0.17393  0.00201012
        1184   -0.094687   -0.173863  0.00200954
        1185   -0.292324   -0.173963  0.00201033
        1186   -0.159925   -0.173951  0.00200867
        1187  -0.0747207   -0.173868  0.00200872
        1188   -0.123627   -0.173825  0.00200747
        1189   -0.319681   -0.173948  0.00200953
        1190   -0.121922   -0.173904  0.00200831
        1191  -0.0473509   -0.173798  0.00200944
        1192   -0.202165   -0.173822  0.00200789
        1193   -0.291863   -0.173921  0.00200864
        1194   -0.128508   -0.173883  0.00200732
        1195   -0.165037   -0.173875  0.00200566
        1196   -0.204122   -0.173901  0.00200414
        1197   -0.259899   -0.173972  0.00200375
        1198   -0.169682   -0.173969  0.00200208
        1199   -0.259118    -0.17404  0.00200167
        1200    -0.21435   -0.174073  0.00200028
        1201   -0.079219   -0.173995  0.00200018
        1202   -0.206143   -0.174021  0.00199869
        1203  -0.0850506   -0.173947   0.0019984
        1204   -0.202398   -0.173971  0.00199688
        1205  -0.0864524   -0.173898  0.00199654
        1206    -0.25559   -0.173966  0.00199604
        1207    -0.23344   -0.174015  0.00199499
        1208   -0.111214   -0.173963  0.00199402
        1209    -0.13737   -0.173933   0.0019926
        1210    -0.12185    -0.17389  0.00199141
        1211   -0.188424   -0.173902  0.00198981
        1212   -0.152779   -0.173885  0.00198824
        1213   -0.241391    -0.17394  0.00198738
        1214   -0.189761   -0.173953  0.00198579
        1215   -0.213603   -0.173986  0.00198442
        1216   -0.150533   -0.173967  0.00198288
        1217   -0.299818    -0.17407  0.00198395
        1218   -0.227784   -0.174114  0.00198281
        1219   -0.221292   -0.174153  0.00198156
        1220   -0.218024   -0.174189  0.00198026
        1221   -0.232322   -0.174236  0.00197921
        1222   -0.167791   -0.174231   0.0019776
        1223   -0.244091   -0.174288  0.00197681
        1224  -0.0473108   -0.174185  0.00197791
        1225   -0.082726    -0.17411  0.00197771
        1226   -0.113789   -0.174061   0.0019767
        1227   -0.286728   -0.174152  0.00197722
        1228   -0.265455   -0.174227  0.00197701
        1229   -0.132073   -0.174193   0.0019757
        1230   -0.180614   -0.174198   0.0019741
        1231   -0.134023   -0.174165  0.00197277
        1232   -0.154209   -0.174149  0.00197123
        1233   -0.209024   -0.174177  0.00196984
        1234  -0.0786204     -0.1741  0.00196976
        1235   -0.190913   -0.174113  0.00196821
        1236  -0.0953299    -0.17405  0.00196765
        1237   -0.213771   -0.174082  0.00196633
        1238   -0.260527   -0.174152  0.00196598
        1239   -0.258287   -0.174219  0.00196556
        1240   -0.214125   -0.174252  0.00196424
        1241   -0.108933   -0.174199  0.00196336
        1242   -0.107305   -0.174145  0.00196252
        1243   -0.202705   -0.174168  0.00196108
        1244   -0.099487   -0.174108  0.00196042
        1245   -0.195094   -0.174125  0.00195892
        1246   -0.100924   -0.174066  0.00195822
        1247    0.004243   -0.173923  0.00196187
        1248   -0.182174    -0.17393  0.00196031
        1249   -0.103033   -0.173873  0.00195956
        1250   -0.259307   -0.173941  0.00195918
        1251  -0.0913241   -0.173875  0.00195873
        1252   -0.196998   -0.173894  0.00195725
        1253   -0.225661   -0.173935  0.00195613
        1254   -0.212724   -0.173966  0.00195481
        1255   -0.194144   -0.173982  0.00195332
        1256   -0.106187   -0.173928  0.00195251
        1257   -0.157578   -0.173915    0.001951
        1258   -0.287441   -0.174005  0.00195154
        1259   -0.177591   -0.174008  0.00194999
        1260   -0.235047   -0.174057  0.00194904
        1261   -0.112859   -0.174008   0.0019481
        1262   -0.100163    -0.17395  0.00194743
        1263   -0.189216   -0.173962  0.00194593
        1264   -0.129163   -0.173926  0.00194471
        1265   -0.226162   -0.173968  0.00194361
        1266    -0.14143   -0.173942  0.00194225
        1267   -0.173836   -0.173942  0.00194072
        1268   -0.144061   -0.173918  0.00193933
        1269   -0.241522   -0.173972  0.00193853
        1270   0.0297225   -0.173811  0.00194363
        1271   -0.157786   -0.173799  0.00194214
        1272  -0.0884324   -0.173731  0.00194177
        1273   -0.162867   -0.173723  0.00194027
        1274   -0.142203   -0.173698   0.0019389
        1275   -0.273623   -0.173777  0.00193896
        1276   -0.182879   -0.173784  0.00193746
        1277   -0.299489   -0.173882  0.00193844
        1278   -0.156552   -0.173869  0.00193697
        1279   -0.166862   -0.173863  0.00193546
        1280   -0.235678   -0.173911  0.00193455
        1281   -0.151057   -0.173894  0.00193313
        1282   -0.192596   -0.173908  0.00193167
        1283    -0.11004   -0.173858  0.00193081
        1284   -0.156774   -0.173845  0.00192935
        1285   -0.170779   -0.173843  0.00192785
        1286   -0.272418   -0.173919  0.00192788
        1287   -0.216947   -0.173953  0.00192667
        1288   -0.176438   -0.173955  0.00192517
        1289  -0.0962227   -0.173894  0.00192462
        1290    -0.24909   -0.173953  0.00192401
        1291   -0.129478   -0.173918  0.00192283
        1292    -0.13065   -0.173885  0.00192163
        1293   -0.076722    -0.17381  0.00192162
        1294   -0.273978   -0.173887  0.00192169
        1295   0.0135692   -0.173742  0.00192565
        1296   -0.087864   -0.173676  0.00192531
        1297   -0.212764   -0.173706  0.00192406
        1298   -0.228653   -0.173748  0.00192304
        1299   -0.211558   -0.173778  0.00192178
        1300   -0.197845   -0.173796  0.00192039
        1301   -0.109855   -0.173747  0.00191954
        1302   -0.229201   -0.173789  0.00191854
        1303   -0.167894   -0.173785  0.00191707
        1304   -0.256454   -0.173848  0.00191665
        1305  -0.0869004   -0.173782  0.00191634
        1306  -0.0724271   -0.173704  0.00191644
        1307   -0.234721   -0.173751  0.00191555
        1308   -0.193541   -0.173766  0.00191414
        1309   -0.286474   -0.173852  0.00191462
        1310   -0.131332    -0.17382  0.00191343
        1311  -0.0760677   -0.173745  0.00191342
        1312   -0.121089   -0.173705  0.00191238
        1313   -0.180043    -0.17371  0.00191093
        1314   -0.257416   -0.173773  0.00191054
        1315   -0.218055   -0.173807  0.00190938
        1316   -0.149761   -0.173789  0.00190802
        1317  -0.0432643    -0.17369  0.00190914
        1318    -0.21584   -0.173722  0.00190796
        1319    -0.18469    -0.17373  0.00190654
        1320   -0.187157    -0.17374  0.00190512
        1321   -0.284367   -0.173824  0.00190552
        1322   -0.199999   -0.173844  0.00190418
        1323   -0.317414   -0.173952  0.00190583
        1324   -0.205019   -0.173976  0.00190453
        1325  -0.0835079   -0.173907  0.00190432
        1326  -0.0801481   -0.173837   0.0019042
        1327   -0.295186   -0.173928  0.00190495
        1328   -0.186941   -0.173938  0.00190355
        1329   -0.197776   -0.173956   0.0019022
        1330  -0.0831939   -0.173888  0.00190199
        1331   -0.109674   -0.173839  0.00190117
        1332   -0.161628    -0.17383  0.00189977
        1333   -0.253403    -0.17389  0.00189928
        1334  -0.0519341   -0.173799  0.00190006
        1335  -0.0982778   -0.173742  0.00189948
        1336   -0.133402   -0.173712  0.00189829
        1337   -0.247607   -0.173767  0.00189768
        1338   -0.236669   -0.173814  0.00189684
        1339   -0.217147   -0.173846   0.0018957
        1340  -0.0925861   -0.173786  0.00189526
        1341   -0.115815   -0.173743  0.00189434
        1342   -0.235387   -0.173788  0.00189348
        1343   -0.185854   -0.173797  0.00189209
        1344   -0.243609   -0.173849   0.0018914
        1345   -0.121199    -0.17381   0.0018904
        1346   -0.148306   -0.173791  0.00188909
        1347   -0.145959   -0.173771   0.0018878
        1348   -0.142074   -0.173747  0.00188654
        1349   -0.146004   -0.173727  0.00188526
        1350  -0.0682485   -0.173648  0.00188548
        1351   -0.149124    -0.17363  0.00188417
        1352  -0.0904088   -0.173569  0.00188378
        1353   -0.207131   -0.173594  0.00188255
        1354   -0.183402   -0.173601  0.00188118
        1355  -0.0589461   -0.173516  0.00188169
        1356   -0.300917    -0.17361  0.00188265
        1357  -0.0752166   -0.173538  0.00188266
        1358   -0.172124   -0.173537  0.00188127
        1359   -0.273566    -0.17361  0.00188132
        1360   -0.221083   -0.173645  0.00188027
        1361  -0.0926574   -0.173586  0.00187982
        1362   -0.113126   -0.173541  0.00187897
        1363   -0.104415    -0.17349  0.00187827
        1364   -0.268084    -0.17356  0.00187818
        1365   -0.155454   -0.173547  0.00187685
        1366   -0.122901   -0.173509  0.00187584
        1367  -0.0639178   -0.173429  0.00187618
        1368   -0.183706   -0.173437  0.00187482
        1369      -0.176   -0.173439  0.00187346
        1370    -0.15421   -0.173425  0.00187214
        1371   -0.208642    -0.17345  0.00187095
        1372   -0.224878   -0.173488  0.00186996
        1373   -0.161304   -0.173479  0.00186862
        1374  -0.0267909   -0.173372  0.00187031
        1375   -0.157982   -0.173361  0.00186898
        1376   -0.132677   -0.173331  0.00186786
        1377   -0.230415   -0.173373  0.00186696
        1378   -0.265145   -0.173439  0.00186679
        1379   -0.167743   -0.173435  0.00186545
        1380   -0.127105   -0.173402   0.0018644
        1381   -0.237563   -0.173448  0.00186362
        1382    -0.11987   -0.173409  0.00186268
        1383   -0.266261   -0.173477  0.00186254
        1384   -0.254102   -0.173535  0.00186211
        1385   -0.222586    -0.17357   0.0018611
        1386   -0.237067   -0.173616  0.00186032
        1387   -0.227511   -0.173655  0.00185938
        1388   -0.248538   -0.173709  0.00185883
        1389   -0.159912   -0.173699  0.00185752
        1390  -0.0898038   -0.173639  0.00185716
        1391  -0.0216967   -0.173529  0.00185903
        1392   -0.122815   -0.173493  0.00185806
        1393   -0.266681    -0.17356  0.00185793
        1394   -0.197139   -0.173577  0.00185667
        1395  -0.0183027   -0.173465  0.00185867
        1396   -0.101342   -0.173414  0.00185806
        1397   -0.313217   -0.173514  0.00185942
        1398  -0.0832849   -0.173449  0.00185921
        1399   -0.274921   -0.173522   0.0018593
        1400   -0.213192    -0.17355  0.00185818
        1401   -0.105668   -0.173502  0.00185749
        1402   -0.127053   -0.173469  0.00185646
        1403   -0.161819    -0.17346  0.00185516
        1404   -0.246568   -0.173512  0.00185457
        1405  -0.0976467   -0.173458  0.00185403
        1406   -0.163339   -0.173451  0.00185273
        1407   -0.191083   -0.173464  0.00185145
        1408   -0.241851   -0.173512  0.00185077
        1409   -0.186305   -0.173521  0.00184948
        1410   -0.309162   -0.173618  0.00185067
        1411  -0.0966083   -0.173563  0.00185016
        1412   -0.200086   -0.173582  0.00184895
        1413   -0.135299   -0.173555  0.00184784
        1414   -0.115312   -0.173513  0.00184699
        1415   -0.214179   -0.173542  0.00184591
        1416  -0.0975306   -0.173489  0.00184539
        1417   -0.287387   -0.173569  0.00184583
        1418   -0.199845   -0.173587  0.00184463
        1419   -0.276087    -0.17366  0.00184474
        1420   -0.317045   -0.173761   0.0018462
        1421   -0.194864   -0.173775  0.00184496
        1422   -0.155227   -0.173762  0.00184371
        1423   -0.198055    -0.17378  0.00184249
        1424   -0.223497   -0.173814  0.00184153
        1425  -0.0738012   -0.173744  0.00184158
        1426   -0.086252   -0.173683  0.00184131
        1427  -0.0981955    -0.17363  0.00184078
        1428   -0.260923   -0.173691   0.0018405
        1429   -0.190912   -0.173703  0.00183925
        1430   -0.155087    -0.17369  0.00183801
        1431   -0.142216   -0.173668  0.00183686
        1432   -0.181895   -0.173674  0.00183559
        1433    -0.30651   -0.173767  0.00183664
        1434    -0.21041   -0.173792  0.00183554
        1435   -0.191348   -0.173804   0.0018343
        1436   -0.192551   -0.173817  0.00183307
        1437   -0.273245   -0.173887   0.0018331
        1438   -0.157571   -0.173875  0.00183186
        1439   -0.281121    -0.17395   0.0018321
        1440   -0.250456   -0.174003   0.0018316
        1441   -0.148601   -0.173985  0.00183042
        1442   -0.225494   -0.174021   0.0018295
        1443  -0.0628086   -0.173944  0.00182985
        1444   -0.117654   -0.173905    0.001829
        1445   -0.136819   -0.173879  0.00182791
        1446  -0.0371595   -0.173785  0.00182909
        1447   -0.155799   -0.173772  0.00182787
        1448   -0.139064   -0.173748  0.00182676
        1449   -0.197693   -0.173765  0.00182558
        1450   -0.118814   -0.173727  0.00182471
        1451   -0.198247   -0.173744  0.00182353
        1452    -0.20497   -0.173765   0.0018224
        1453   -0.164655   -0.173759  0.00182116
        1454   -0.147439   -0.173741     0.00182
        1455   -0.162532   -0.173733  0.00181876
        1456   -0.132591   -0.173705  0.00181773
        1457   -0.221787   -0.173738  0.00181679
        1458   -0.235863   -0.173781  0.00181604
        1459   -0.169936   -0.173778   0.0018148
        1460   -0.193629   -0.173792  0.00181361
        1461   -0.120437   -0.173755  0.00181273
        1462   -0.171754   -0.173754  0.00181149
        1463   -0.159565   -0.173744  0.00181028
        1464  -0.0851884   -0.173684  0.00181005
        1465   -0.203888   -0.173704  0.00180894
        1466    -0.15624   -0.173692  0.00180774
        1467   -0.260857   -0.173752  0.00180748
        1468   -0.158504   -0.173741  0.00180628
        1469   -0.223775   -0.173775  0.00180537
        1470    -0.12983   -0.173745  0.00180439
        1471   -0.255732   -0.173801  0.00180403
        1472   -0.141716   -0.173779  0.00180293
        1473   -0.166892   -0.173775  0.00180172
        1474   -0.140106   -0.173752  0.00180064
        1475   -0.144687   -0.173732  0.00179953
        1476   -0.225439   -0.173767  0.00179865
        1477  -0.0967815   -0.173715  0.00179818
        1478  -0.0893935   -0.173658  0.00179787
        1479     -0.1957   -0.173673  0.00179672
        1480   -0.241597   -0.173719  0.00179609
        1481   -0.118162   -0.173681  0.00179527
        1482  -0.0976935    -0.17363  0.00179479
        1483    -0.38161    -0.17377  0.00179905
        1484   -0.175933   -0.173772  0.00179784
        1485   -0.212973   -0.173798  0.00179682
        1486   -0.103708   -0.173751  0.00179623
        1487     -0.1697   -0.173748  0.00179503
        1488  -0.0760831   -0.173683  0.00179502
        1489   -0.231812   -0.173722  0.00179424
        1490  -0.0709951   -0.173653  0.00179436
        1491  -0.0783939   -0.173589  0.00179429
        1492   -0.190882     -0.1736  0.00179313
        1493   -0.141813   -0.173579  0.00179205
        1494  -0.0762456   -0.173514  0.00179204
        1495   -0.109972   -0.173471  0.00179134
        1496   -0.163672   -0.173465  0.00179016
        1497   -0.137105   -0.173441  0.00178913
        1498   -0.123851   -0.173408  0.00178824
        1499  -0.0988326   -0.173358  0.00178774
        1500   -0.159662   -0.173349  0.00178657
        1501   -0.194539   -0.173363  0.00178543
        1502   -0.109177    -0.17332  0.00178476
        1503   -0.273497   -0.173387  0.00178481
        1504   -0.117418   -0.173349  0.00178401
        1505   -0.332922   -0.173456  0.00178598
        1506   -0.195563    -0.17347  0.00178485
        1507   -0.185301   -0.173478  0.00178368
        1508   -0.160739    -0.17347  0.00178252
        1509   -0.304801   -0.173557  0.00178346
        1510   -0.142714   -0.173536   0.0017824
        1511   -0.136833   -0.173512  0.00178139
        1512   -0.174979   -0.173513  0.00178021
        1513  -0.0710321   -0.173445  0.00178032
        1514   -0.188778   -0.173455  0.00177917
        1515   -0.153289   -0.173442  0.00177805
        1516   -0.177953   -0.173445  0.00177688
        1517  -0.0774603   -0.173382  0.00177683
        1518   -0.121275   -0.173347  0.00177599
        1519   -0.248165   -0.173397  0.00177551
        1520   -0.166167   -0.173392  0.00177434
        1521   -0.165454   -0.173387  0.00177319
        1522   -0.199202   -0.173404   0.0017721
        1523   -0.299021   -0.173486  0.00177286
        1524   -0.227203   -0.173521  0.00177204
        1525    -0.22104   -0.173552  0.00177116
        1526   -0.186799   -0.173561  0.00177002
        1527   -0.128716   -0.173532   0.0017691
        1528   -0.172508   -0.173531  0.00176794
        1529   -0.117921   -0.173495  0.00176716
        1530   -0.132093   -0.173468  0.00176621
        1531   -0.244314   -0.173514  0.00176567
        1532   -0.140604   -0.173492  0.00176464
        1533    -0.17586   -0.173494  0.00176349
        1534   -0.121244    -0.17346  0.00176267
        1535   -0.121521   -0.173426  0.00176185
        1536    -0.22319   -0.173459    0.001761
        1537   -0.199186   -0.173475  0.00175993
        1538   -0.182193   -0.173481   0.0017588
        1539   -0.150318   -0.173466  0.00175772
        1540  -0.0933814   -0.173414  0.00175735
        1541   -0.248484   -0.173463  0.00175688
        1542   -0.194878   -0.173476   0.0017558
        1543   -0.214295   -0.173503  0.00175486
        1544   -0.172271   -0.173502  0.00175372
        1545   -0.174264   -0.173503  0.00175259
        1546   -0.108938   -0.173461  0.00175195
        1547  -0.0602164   -0.173388  0.00175235
        1548   -0.109656   -0.173346   0.0017517
        1549    -0.20553   -0.173367  0.00175069
        1550    -0.21935   -0.173397  0.00174981
        1551   -0.202934   -0.173416  0.00174879
        1552   -0.204787   -0.173436  0.00174778
        1553   -0.176954   -0.173438  0.00174666
        1554   -0.133717   -0.173413  0.00174572
        1555   -0.144287   -0.173394   0.0017447
        1556   -0.123394   -0.173362  0.00174387
        1557   -0.164295   -0.173356  0.00174276
        1558   -0.258508   -0.173411   0.0017425
        1559   -0.187555    -0.17342   0.0017414
        1560   -0.222973   -0.173452  0.00174058
        1561   -0.049641   -0.173372  0.00174127
        1562   -0.166141   -0.173368  0.00174016
        1563   -0.168967   -0.173365  0.00173905
        1564   -0.234229   -0.173404  0.00173837
        1565   -0.134781   -0.173379  0.00173744
        1566   -0.104244   -0.173335  0.00173689
        1567   -0.262894   -0.173392  0.00173672
        1568   -0.312914   -0.173481  0.00173789
        1569    -0.27026   -0.173543  0.00173788
        1570   -0.206798   -0.173564   0.0017369
        1571   -0.126189   -0.173534  0.00173606
        1572  -0.0782704   -0.173473  0.00173601
        1573   -0.232698   -0.173511  0.00173531
        1574  -0.0888827   -0.173457  0.00173504
        1575  -0.0722624   -0.173393  0.00173513
        1576   -0.218137   -0.173421  0.00173426
        1577   -0.164021   -0.173415  0.00173317
        1578   -0.202229   -0.173434  0.00173217
        1579   -0.184329    -0.17344  0.00173109
        1580  -0.0824891   -0.173383  0.00173095
        1581   -0.178981   -0.173386  0.00172986
        1582   -0.161533   -0.173379  0.00172878
        1583   -0.189933   -0.173389  0.00172772
        1584   -0.184343   -0.173396  0.00172664
        1585   -0.182813   -0.173402  0.00172556
        1586   -0.157871   -0.173392   0.0017245
        1587    -0.24981   -0.173441  0.00172409
        1588   -0.186507   -0.173449  0.00172302
        1589  -0.0735454   -0.173386  0.00172309
        1590   -0.119732   -0.173352  0.00172233
        1591    -0.15526   -0.173341  0.00172129
        1592   -0.143513   -0.173322  0.00172031
        1593   -0.226757   -0.173356  0.00171955
        1594    -0.14354   -0.173337  0.00171858
        1595  -0.0896764   -0.173285   0.0017183
        1596  -0.0880392   -0.173231  0.00171805
        1597   -0.262328   -0.173287  0.00171788
        1598   -0.230375   -0.173323  0.00171718
        1599     -0.2856   -0.173393  0.00171754
        1600   -0.175525   -0.173394  0.00171647
        1601   -0.274861   -0.173458  0.00171657
        1602   -0.132963   -0.173432  0.00171568
        1603   -0.240537   -0.173474  0.00171512
        1604   -0.112152   -0.173436  0.00171448
        1605   -0.113116   -0.173398  0.00171382
        1606   -0.288079    -0.17347  0.00171424
        1607   -0.101815   -0.173425  0.00171375
        1608   -0.216482   -0.173452   0.0017129
        1609  -0.0347805   -0.173366    0.001714
        1610   -0.198872   -0.173382  0.00171301
        1611  -0.0883978   -0.173329  0.00171276
        1612    -0.28373   -0.173397  0.00171306
        1613   -0.168773   -0.173394    0.001712
        1614  -0.0331878   -0.173308  0.00171315
        1615    -0.17098   -0.173306  0.00171209
        1616   -0.174758   -0.173307  0.00171103
        1617   -0.190435   -0.173318     0.00171
        1618   -0.150296   -0.173303    0.001709
        1619   -0.151812    -0.17329    0.001708
        1620   -0.138518   -0.173269  0.00170708
        1621   -0.234688   -0.173307  0.00170645
        1622   -0.152614   -0.173294  0.00170544
        1623   -0.100741   -0.173249  0.00170498
        1624  -0.0970194   -0.173202  0.00170457
        1625   -0.171348   -0.173201  0.00170352
        1626   -0.213514   -0.173226  0.00170266
        1627   -0.185359   -0.173233  0.00170163
        1628   -0.182702   -0.173239  0.00170059
        1629   -0.144643   -0.173222  0.00169964
        1630   -0.138829     -0.1732  0.00169873
        1631   -0.193437   -0.173213  0.00169773
        1632   -0.279583   -0.173278  0.00169794
        1633   -0.264264   -0.173334  0.00169782
        1634   -0.250926   -0.173381  0.00169744
        1635   -0.152499   -0.173368  0.00169645
        1636   -0.173194   -0.173368  0.00169541
        1637    -0.14677   -0.173352  0.00169446
        1638   -0.125064   -0.173323  0.00169368
        1639   -0.137165   -0.173301  0.00169279
        1640  -0.0894417   -0.173249  0.00169253
        1641    -0.23117   -0.173285  0.00169186
        1642   -0.134844   -0.173261    0.001691
        1643   -0.178097   -0.173264  0.00168997
        1644   -0.128326   -0.173237  0.00168916
        1645   -0.240313   -0.173278  0.00168863
        1646   0.0490806   -0.173143    0.001693
        1647   -0.142798   -0.173124  0.00169207
        1648  -0.0284065   -0.173036  0.00169332
        1649  -0.0514203   -0.172963   0.0016939
        1650   -0.224563   -0.172994  0.00169316
        1651   -0.064183   -0.172928  0.00169342
        1652   -0.252729   -0.172976  0.00169308
        1653   -0.128594   -0.172949  0.00169227
        1654   -0.141237    -0.17293  0.00169135
        1655   -0.108645   -0.172891  0.00169078
        1656  -0.0977122   -0.172846  0.00169037
        1657   -0.153271   -0.172834  0.00168939
        1658   -0.224397   -0.172865  0.00168865
        1659   -0.247537    -0.17291  0.00168824
        1660   -0.160006   -0.172903  0.00168724
        1661   -0.205642   -0.172922  0.00168634
        1662   -0.240531   -0.172963  0.00168581
        1663   -0.270141   -0.173021  0.00168581
        1664   -0.104641    -0.17298   0.0016853
        1665   -0.125357   -0.172952  0.00168453
        1666    -0.25783   -0.173003  0.00168429
        1667   -0.267504   -0.173059  0.00168423
        1668 -0.00186534   -0.172957  0.00168635
        1669  -0.0952455    -0.17291  0.00168598
        1670  -0.0714314   -0.172849  0.00168606
        1671   -0.132415   -0.172825  0.00168523
        1672   -0.193855   -0.172838  0.00168427
        1673   -0.344994   -0.172941   0.0016864
        1674  -0.0304172   -0.172855  0.00168754
        1675   -0.291094   -0.172926  0.00168801
        1676   -0.110475   -0.172889  0.00168741
        1677  -0.0996457   -0.172845  0.00168697
        1678   -0.201546   -0.172862  0.00168605
        1679    -0.16493   -0.172858  0.00168506
        1680   -0.234808   -0.172894  0.00168446
        1681   -0.180453   -0.172899  0.00168346
        1682  -0.0946372   -0.172852   0.0016831
        1683  -0.0882521   -0.172802  0.00168285
        1684   -0.147231   -0.172787  0.00168192
        1685   -0.209766   -0.172809  0.00168107
        1686  -0.0854233   -0.172757  0.00168087
        1687   -0.251161   -0.172803  0.00168052
        1688   -0.126489   -0.172776  0.00167974
        1689  -0.0902066   -0.172727  0.00167946
        1690   -0.287623   -0.172795  0.00167984
        1691  -0.0461147    -0.17272  0.00168052
        1692    -0.11651   -0.172687  0.00167985
        1693   -0.200459   -0.172703  0.00167894
        1694   -0.181702   -0.172709  0.00167796
        1695   -0.207992    -0.17273   0.0016771
        1696 0.000853428   -0.172627  0.00167923
        1697  -0.0762043    -0.17257   0.0016792
        1698   -0.208164   -0.172591  0.00167834
        1699   -0.196713   -0.172606  0.00167742
        1700   -0.256806   -0.172655  0.00167716
        1701   -0.154022   -0.172644  0.00167621
        1702   -0.208926   -0.172665  0.00167536
        1703   -0.159275   -0.172658  0.00167439
        1704   -0.138836   -0.172638  0.00167353
        1705   -0.179647   -0.172642  0.00167255
        1706    -0.23846    -0.17268  0.00167202
        1707    -0.32581    -0.17277  0.00167344
        1708   -0.102929   -0.172729  0.00167296
        1709    -0.12452   -0.172701  0.00167222
        1710   -0.274846   -0.172761  0.00167231
        1711   -0.217475   -0.172787  0.00167154
        1712   -0.167766   -0.172784  0.00167056
        1713  -0.0519812   -0.172713  0.00167108
        1714   -0.221637   -0.172742  0.00167034
        1715   -0.340901    -0.17284  0.00167225
        1716   -0.244333   -0.172882  0.00167179
        1717    -0.19949   -0.172897  0.00167089
        1718   -0.184402   -0.172904  0.00166993
        1719   -0.132907   -0.172881  0.00166912
        1720   -0.183264   -0.172887  0.00166816
        1721   -0.218401   -0.172913   0.0016674
        1722   -0.156098   -0.172903  0.00166646
        1723   -0.187637   -0.172912  0.00166552
        1724   -0.140702   -0.172893  0.00166465
        1725   -0.200351   -0.172909  0.00166377
        1726   -0.191901    -0.17292  0.00166284
        1727   -0.159116   -0.172912  0.00166189
        1728   -0.199348   -0.172927    0.001661
        1729   0.0156356   -0.172818  0.00166362
        1730   -0.239586   -0.172857  0.00166311
        1731   -0.228458   -0.172889  0.00166245
        1732 -0.00246019   -0.172791   0.0016644
        1733   -0.135743   -0.172769  0.00166358
        1734   -0.163078   -0.172764  0.00166263
        1735   -0.256098   -0.172812  0.00166237
        1736   -0.216314   -0.172837   0.0016616
        1737    -0.22272   -0.172866  0.00166089
        1738  -0.0833305   -0.172814  0.00166073
        1739   -0.207837   -0.172834   0.0016599
        1740   -0.210681   -0.172856  0.00165909
        1741   -0.183534   -0.172862  0.00165815
        1742   -0.209866   -0.172883  0.00165733
        1743   -0.231324   -0.172917  0.00165672
        1744   -0.271597   -0.172973  0.00165674
        1745   -0.247294   -0.173016  0.00165633
        1746   -0.118574   -0.172985  0.00165568
        1747   0.0435013   -0.172861  0.00165936
        1748   -0.185488   -0.172868  0.00165843
        1749   -0.114817   -0.172835  0.00165781
        1750  -0.0779864   -0.172781  0.00165775
        1751   -0.189026    -0.17279  0.00165683
        1752   -0.087215   -0.172741   0.0016566
        1753   -0.245021   -0.172782  0.00165617
        1754   -0.211589   -0.172805  0.00165537
        1755   -0.164193     -0.1728  0.00165444
        1756  -0.0204456   -0.172713  0.00165577
        1757   -0.261534   -0.172763   0.0016556
        1758   -0.233317   -0.172798  0.00165502
        1759   -0.259102   -0.172847   0.0016548
        1760   -0.113174   -0.172813  0.00165421
        1761  -0.0440594    -0.17274  0.00165488
        1762  -0.0895687   -0.172693  0.00165462
        1763   -0.273262    -0.17275  0.00165466
        1764   -0.107762   -0.172713  0.00165413
        1765   -0.146394   -0.172698  0.00165326
        1766   -0.188249   -0.172707  0.00165235
        1767   -0.288299   -0.172772  0.00165271
        1768   -0.258849   -0.172821  0.00165249
        1769   -0.137498   -0.172801  0.00165168
        1770   -0.100272    -0.17276  0.00165126
        1771   -0.233435   -0.172794  0.00165068
        1772   -0.137766   -0.172774  0.00164987
        1773  -0.0521796   -0.172706  0.00165034
        1774   -0.226668   -0.172737  0.00164969
        1775   -0.259834   -0.172786  0.00164949
        1776   -0.101388   -0.172746  0.00164905
        1777   -0.102733   -0.172706  0.00164859
        1778     -0.1388   -0.172687  0.00164777
        1779   -0.171823   -0.172687  0.00164685
        1780   -0.147181   -0.172672  0.00164598
        1781  -0.0534502   -0.172605  0.00164642
        1782   -0.293778   -0.172673   0.0016469
        1783   -0.183709    -0.17268  0.00164599
        1784   -0.162173   -0.172674  0.00164508
        1785    -0.17638   -0.172676  0.00164416
        1786   -0.197502    -0.17269  0.00164329
        1787   0.0537222   -0.172563  0.00164725
        1788   -0.216432   -0.172588  0.00164651
        1789   -0.254339   -0.172633  0.00164623
        1790   -0.161512   -0.172627  0.00164532
        1791   -0.166265   -0.172624   0.0016444
        1792   -0.172985   -0.172624  0.00164349
        1793  -0.0959682   -0.172581  0.00164313
        1794   -0.224412    -0.17261  0.00164246
        1795   -0.211878   -0.172632  0.00164169
        1796  -0.0856141   -0.172583  0.00164149
        1797   -0.259693   -0.172632   0.0016413
        1798    -0.13032   -0.172608  0.00164055
        1799   -0.213552   -0.172631   0.0016398
        1800  -0.0595552   -0.172568  0.00164009
        1801   -0.252585   -0.172613  0.00163978
        1802    -0.18848   -0.172621   0.0016389
        1803   -0.270252   -0.172676  0.00163888
        1804   -0.133483   -0.172654  0.00163812
        1805   -0.196343   -0.172667  0.00163726
        1806   -0.177973    -0.17267  0.00163636
        1807   -0.265599   -0.172721  0.00163626
        1808   -0.103658   -0.172683   0.0016358
        1809   -0.269109   -0.172736  0.00163576
        1810    -0.13236   -0.172714  0.00163501
        1811   -0.168257   -0.172712  0.00163411
        1812   -0.126701   -0.172686  0.00163341
        1813   -0.158163   -0.172678  0.00163253
        1814   -0.222169   -0.172706  0.00163185
        1815   -0.250456   -0.172748  0.00163152
        1816   -0.211169    -0.17277  0.00163076
        1817   -0.118415    -0.17274  0.00163013
        1818   -0.133867   -0.172718  0.00162938
        1819   -0.149032   -0.172705  0.00162853
        1820  -0.0993642   -0.172665  0.00162814
        1821   -0.221919   -0.172692  0.00162747
        1822     -0.1347   -0.172671  0.00162671
        1823  -0.0531577   -0.172606  0.00162714
        1824   -0.160085   -0.172599  0.00162626
        1825   -0.291428   -0.172664  0.00162667
        1826   -0.130338   -0.172641  0.00162594
        1827   -0.224315   -0.172669   0.0016253
        1828   -0.148228   -0.172656  0.00162447
        1829  -0.0764969   -0.172603  0.00162443
        1830   -0.236706   -0.172638  0.00162392
        1831   -0.114843   -0.172606  0.00162334
        1832   -0.186532   -0.172614  0.00162247
        1833   -0.192939   -0.172625  0.00162162
        1834    -0.21727   -0.172649  0.00162092
        1835   -0.181838   -0.172654  0.00162005
        1836   -0.129826   -0.172631  0.00161933
        1837   -0.164361   -0.172627  0.00161846
        1838   -0.143418   -0.172611  0.00161765
        1839   -0.209149   -0.172631   0.0016169
        1840   -0.205404   -0.172648  0.00161611
        1841  -0.0790862   -0.172598  0.00161604
        1842   -0.140783    -0.17258  0.00161525
        1843   -0.219589   -0.172606  0.00161458
        1844   -0.197348   -0.172619  0.00161376
        1845   -0.236072   -0.172654  0.00161325
        1846   -0.151354   -0.172642  0.00161241
        1847   -0.214545   -0.172665   0.0016117
        1848   -0.157064   -0.172656  0.00161085
        1849    -0.15393   -0.172646  0.00161001
        1850   -0.230534   -0.172678  0.00160945
        1851   -0.181085   -0.172682  0.00160858
        1852   -0.191463   -0.172692  0.00160775
        1853  -0.0932808   -0.172649  0.00160745
        1854   -0.209327   -0.172669   0.0016067
        1855   -0.268214   -0.172721  0.00160666
        1856   -0.189122   -0.172729  0.00160582
        1857   -0.208648   -0.172749  0.00160507
        1858   -0.223725   -0.172776  0.00160444
        1859   -0.136045   -0.172756   0.0016037
        1860   -0.278018   -0.172813  0.00160384
        1861   -0.205882   -0.172831  0.00160308
        1862  -0.0610947   -0.172771  0.00160334
        1863  -0.0905323   -0.172727  0.00160308
        1864   0.0493524   -0.172608  0.00160665
        1865   -0.221361   -0.172634    0.001606
        1866   -0.117768   -0.172604  0.00160541
        1867   -0.351771     -0.1727  0.00160741
        1868   -0.124307   -0.172674  0.00160676
        1869   -0.194915   -0.172686  0.00160594
        1870   -0.210988   -0.172707  0.00160522
        1871   -0.109671   -0.172673  0.00160471
        1872   -0.164023   -0.172668  0.00160386
        1873   -0.200136   -0.172683  0.00160307
        1874   -0.259074   -0.172729  0.00160288
        1875   -0.184778   -0.172736  0.00160204
        1876   -0.176706   -0.172738  0.00160118
        1877   -0.150816   -0.172726  0.00160037
        1878    -0.21428   -0.172748  0.00159967
        1879   -0.202955   -0.172764   0.0015989
        1880   -0.198211   -0.172778  0.00159811
        1881   -0.204263   -0.172795  0.00159735
        1882   -0.199805   -0.172809  0.00159656
        1883   -0.197107   -0.172822  0.00159577
        1884   -0.192137   -0.172832  0.00159495
        1885   -0.192799   -0.172843  0.00159414
        1886   -0.254524   -0.172886  0.00159389
        1887   -0.230705   -0.172917  0.00159334
        1888   -0.186542   -0.172924  0.00159251
        1889   -0.123943   -0.172898  0.00159188
        1890   -0.118098   -0.172869   0.0015913
        1891   -0.180213   -0.172873  0.00159046
        1892   -0.136162   -0.172853  0.00158974
        1893   -0.146362   -0.172839  0.00158896
        1894  -0.0839419   -0.172792  0.00158882
        1895   -0.171758   -0.172792  0.00158798
        1896   0.0617454   -0.172668  0.00159195
        1897   -0.340237   -0.172756  0.00159356
        1898   -0.275579   -0.172811  0.00159364
        1899   -0.181158   -0.172815  0.00159281
        1900   -0.178583   -0.172818  0.00159197
        1901  -0.0932982   -0.172776  0.00159168
        1902   -0.124657   -0.172751  0.00159105
        1903   -0.155675   -0.172742  0.00159024
        1904  -0.0729699    -0.17269  0.00159027
        1905   -0.226194   -0.172718  0.00158968
        1906   -0.109958   -0.172685  0.00158919
        1907   -0.199359   -0.172699  0.00158841
        1908   -0.169873   -0.172697  0.00158758
        1909   -0.228251   -0.172726  0.00158702
        1910   -0.291408   -0.172788   0.0015874
        1911   -0.118625    -0.17276  0.00158682
        1912    -0.23171   -0.172791  0.00158629
        1913   -0.315827   -0.172866  0.00158723
        1914   -0.198294   -0.172879  0.00158645
        1915  -0.0310371   -0.172805  0.00158735
        1916  -0.0915466   -0.172763  0.00158709
        1917   -0.146058   -0.172749  0.00158632
        1918   -0.190802   -0.172758  0.00158552
        1919   -0.293137   -0.172821  0.00158594
        1920  -0.0900632   -0.172778   0.0015857
        1921   -0.121705   -0.172751   0.0015851
        1922   -0.161744   -0.172745  0.00158428
        1923   -0.131239   -0.172724   0.0015836
        1924    -0.27449   -0.172777  0.00158366
        1925   -0.105812   -0.172742  0.00158322
        1926   -0.158607   -0.172735  0.00158242
        1927   -0.109982   -0.172702  0.00158193
        1928   -0.183621   -0.172708  0.00158112
        1929   -0.135647   -0.172688  0.00158042
        1930   -0.228036   -0.172717  0.00157986
        1931   -0.134516   -0.172697  0.00157917
        1932   -0.203194   -0.172713  0.00157843
        1933   -0.129816   -0.172691  0.00157777
        1934  -0.0757548   -0.172641  0.00157775
        1935    -0.20221   -0.172656  0.00157701
        1936   -0.211101   -0.172676  0.00157632
        1937  -0.0988179   -0.172638  0.00157596
        1938   -0.196516    -0.17265   0.0015752
        1939   -0.176279   -0.172652  0.00157439
        1940   -0.192386   -0.172662  0.00157361
        1941   -0.225046   -0.172689  0.00157303
        1942   -0.167501   -0.172686  0.00157222
        1943   -0.166591   -0.172683  0.00157142
        1944    -0.27264   -0.172735  0.00157145
        1945   -0.187871   -0.172743  0.00157066
        1946   -0.170779   -0.172742  0.00156985
        1947   -0.179184   -0.172745  0.00156905
        1948   -0.311292   -0.172816  0.00156986
        1949  -0.0753433   -0.172766  0.00156985
        1950   -0.254164   -0.172808   0.0015696
        1951   -0.141725   -0.172792  0.00156887
        1952   -0.152394   -0.172781   0.0015681
        1953  -0.0868871   -0.172737  0.00156792
        1954   -0.129072   -0.172715  0.00156727
        1955  -0.0456751    -0.17265  0.00156782
        1956   -0.144433   -0.172636  0.00156708
        1957   -0.253013   -0.172677  0.00156682
        1958   -0.218662     -0.1727   0.0015662
        1959    -0.16419   -0.172696   0.0015654
        1960   -0.238256   -0.172729  0.00156496
        1961   -0.260799   -0.172774  0.00156481
        1962   -0.219197   -0.172798  0.00156419
        1963   -0.288583   -0.172857  0.00156451
        1964   -0.137714   -0.172839  0.00156381
        1965    -0.11957   -0.172812  0.00156325
        1966   -0.164305   -0.172807  0.00156246
        1967   -0.285187   -0.172865  0.00156271
        1968   -0.105229    -0.17283  0.00156229
        1969  -0.0875611   -0.172787   0.0015621
        1970    -0.24274   -0.172822  0.00156171
        1971   -0.131715   -0.172802  0.00156106
        1972   -0.228902    -0.17283  0.00156053
        1973   -0.200302   -0.172844   0.0015598
        1974   -0.224574    -0.17287  0.00155923
        1975   -0.132659    -0.17285  0.00155857
        1976   -0.206255   -0.172867  0.00155787
        1977   -0.154634   -0.172857  0.00155711
        1978  -0.0984679    -0.17282  0.00155678
        1979   -0.221609   -0.172845  0.00155619
        1980  -0.0616406   -0.172788  0.00155642
        1981   -0.165653   -0.172785  0.00155563
        1982   -0.118352   -0.172757  0.00155509
        1983   -0.117178   -0.172729  0.00155456
        1984  -0.0410746   -0.172663  0.00155519
        1985   -0.267984   -0.172711  0.00155515
        1986   -0.180452   -0.172715  0.00155437
        1987   -0.206402   -0.172732  0.00155368
        1988   -0.159077   -0.172725  0.00155292
        1989  -0.0836901    -0.17268  0.00155278
        1990   -0.152149    -0.17267  0.00155203
        1991   -0.203327   -0.172685  0.00155133
        1992    -0.23682   -0.172717  0.00155089
        1993   -0.232475   -0.172747   0.0015504
        1994   -0.206044   -0.172764  0.00154971
        1995   -0.200599   -0.172778    0.001549
        1996   -0.204069   -0.172794   0.0015483
        1997   -0.182755   -0.172799  0.00154753
        1998   -0.184149   -0.172804  0.00154677
        1999  -0.0802418   -0.172758  0.00154669
        2000   -0.202805   -0.172773  0.00154599
