0.759956
0.766172
0.73592
1.17427
0.486532
1.3113
0.841445
1.19264
1.03908
1.29386
1.5586
0.63132
1.3259
0.968812
0.748827
1.07658
0.913936
0.737484
1.67674
0.331679
0.730692
0.87299
0.895026
1.19856
0.500401
1.4189
0.858742
1.05792
0.932786
1.59736
0.916454
1.11891
0.913483
0.647543
1.05734
0.901741
0.555119
1.03951
0.947333
1.29196
0.715551
0.880754
1.18709
1.30216
1.09274
1.08606
1.11941
0.992181
1.46932
1.06698
0.872861
1.06385
0.692822
0.620812
0.70389
0.914815
1.02149
0.96964
0.578399
0.891225
0.643147
0.884022
0.88397
1.29882
0.935688
0.694576
0.607237
0.759157
1.24616
0.879361
0.830009
1.45591
0.446364
0.749123
1.49322
0.662398
1.26711
0.80191
1.12454
0.665394
0.66871
1.81287
0.830762
0.882489
1.39815
1.12733
0.880777
0.919273
0.31101
0.989026
0.482445
0.943568
1.25686
0.775884
1.5696
1.22065
1.59997
1.24812
0.971358
0.658523
0.854836
1.03474
1.56245
1.14121
0.983355
1.58746
1.80528
0.836234
0.916146
0.65995
0.906699
1.27233
0.735759
1.2359
0.744622
1.04907
0.819841
0.845465
0.867932
1.10925
1.61641
0.455917
0.848204
0.499923
0.9161
0.71966
0.963524
1.14942
0.713201
1.28513
0.629855
1.23135
1.19161
0.924834
0.925172
0.644396
0.860965
0.918176
2.00681
0.908515
0.364927
0.6512
1.25049
1.15273
0.912902
0.727727
0.797598
1.12427
0.824254
0.547
0.806969
0.409144
1.0005
0.868558
0.825111
0.501327
0.648561
0.92718
0.927915
1.3116
1.30699
1.05847
0.733777
1.30376
0.936154
0.805379
0.607388
1.77882
0.577639
0.689578
0.975257
0.940453
1.34389
0.834879
1.03119
0.672335
0.630073
1.04902
1.00531
1.22325
0.71583
1.06097
1.69518
0.886571
0.825513
1.40757
0.722619
0.601926
0.756609
0.626621
0.937774
1.39529
0.763725
0.778189
1.21784
1.11456
0.762786
0.496495
1.15151
0.924475
1.23491
1.37043
0.737263
0.934497
1.02332
1.17625
1.29564
1.15659
1.11446
1.12438
0.84503
0.645626
1.0452
1.97297
1.11028
1.06305
2.6085
1.22478
0.660075
1.05121
1.26625
1.22224
1.01275
1.75761
0.877495
0.809022
0.867563
1.04887
1.05641
1.03929
0.479805
1.0077
0.831201
1.8949
0.979758
0.526101
1.08819
1.58002
1.71302
1.17554
1.04054
0.666087
0.796446
0.538141
0.726634
1.43171
0.847
0.541478
1.23221
0.407062
0.482489
1.0244
0.874674
1.48502
1.20605
0.853907
0.901033
0.569538
1.12858
0.897705
0.648822
0.898377
0.6697
1.0075
1.22099
1.15152
0.85845
1.20811
0.912719
0.888934
0.729347
1.67042
0.514675
1.32795
0.766263
0.893949
0.838708
1.05637
1.27363
1.09044
1.10952
0.642613
0.73205
1.48745
0.770389
1.09215
2.11533
1.15916
0.83752
0.880407
0.734971
0.985905
0.859812
1.0205
0.90344
1.24181
0.909243
0.803326
1.09401
0.792158
0.860456
0.643567
0.549149
1.04575
1.13202
0.891958
1.09203
1.24366
0.890743
1.15965
0.325325
0.863419
0.540942
1.13288
0.616456
0.885895
0.813588
0.962956
0.958665
0.676839
0.90802
0.88715
0.814763
1.23156
1.04896
1.13423
1.53929
1.56131
0.790954
0.97087
0.772484
0.998823
0.676581
0.658893
1.05535
0.818898
1.30656
0.675708
1.49279
1.29534
0.887808
0.519895
1.28019
0.732302
0.983231
1.70963
0.878385
1.24389
1.57334
1.09319
0.53483
1.0162
0.571633
0.86639
0.656297
1.00918
1.17376
0.982841
0.953225
0.309153
1.4378
0.855519
1.29419
1.27779
0.884475
1.4231
0.884892
0.771726
0.827635
0.741648
1.18763
1.6061
1.02088
0.697858
1.31052
1.22597
0.957321
0.65732
1.09592
0.626335
0.446692
0.85239
0.845659
0.523257
0.935614
0.857587
0.943495
0.370737
1.19287
0.905565
1.21624
0.607138
1.77549
1.14217
1.15999
1.12734
0.559286
0.728603
0.801138
0.496627
1.35365
1.01105
0.713803
0.66656
0.702866
0.711009
0.609171
1.17117
1.14855
1.27323
1.09087
1.23574
1.46209
1.25729
1.52617
0.697655
0.909351
1.29252
0.74163
0.909063
0.665616
1.54915
1.31012
0.810539
0.842668
0.651386
1.32069
1.73854
0.682348
1.10893
1.0626
1.21958
0.534036
0.956838
1.45878
0.740682
0.985693
1.02483
1.94322
0.732422
0.844689
0.93105
0.559083
0.720876
1.62099
0.663163
0.985776
0.724494
0.826796
0.845704
1.06949
1.00771
1.12152
1.58806
0.957989
0.993406
1.18572
1.55567
0.568198
0.730281
0.946915
1.02094
0.835107
1.32333
1.67446
0.674995
0.813088
1.27407
0.915447
0.968629
1.38529
0.700872
1.27147
0.874674
1.10494
0.827591
1.07087
1.41969
0.628379
0.970639
1.14582
1.08152
0.926218
1.07943
1.73201
0.841253
0.631002
1.04265
0.8679
1.61452
1.13865
1.27205
2.20362
0.910094
1.32668
0.992557
0.795726
0.778009
1.39538
0.388874
1.06695
0.51274
0.885253
1.36668
2.01617
1.65194
1.81973
1.00245
0.470706
1.05201
0.570034
1.53057
1.37473
0.711791
0.59971
1.60251
1.43908
1.06337
1.04833
0.456094
0.99138
0.670358
1.53979
1.08543
0.586943
0.96972
0.848514
0.965365
0.647946
0.882122
1.01268
1.13048
0.859125
0.854571
1.11079
0.557168
1.47192
0.631349
1.75879
0.870407
1.19175
1.61398
1.01399
0.897113
0.781271
1.13328
0.332772
1.20697
0.860042
1.3408
1.04433
0.859163
1.10349
0.746767
1.13663
0.663232
1.15727
1.30919
1.53998
0.805883
1.93006
0.987755
1.00024
1.10354
0.636151
0.965827
1.11048
1.82251
1.04089
0.755549
0.8047
0.841098
1.14376
0.958219
1.22462
0.945956
1.33189
0.675586
1.00673
0.98135
0.930807
1.07575
0.9284
1.68125
1.07116
0.752647
0.472151
0.927909
1.19908
1.53419
0.739533
1.02641
0.842583
0.871649
0.738778
1.42836
0.790682
1.08372
1.45359
0.704448
1.11111
0.980553
0.967558
1.13636
0.994344
0.553625
0.965085
0.969041
0.779375
0.984368
1.19738
1.28766
1.11471
0.983328
0.971067
0.697025
1.24748
1.08387
0.96168
0.701987
0.791986
0.544322
0.344629
1.41112
0.579647
1.04917
1.07594
1.24951
1.21953
0.619944
0.443563
0.691499
2.07084
0.866631
0.481818
1.2077
1.55058
0.917494
0.76728
0.73167
0.430722
1.16748
1.41569
1.04183
1.18323
0.324104
1.22129
1.27447
1.53191
1.38421
1.43874
1.12299
1.34522
1.4051
1.25847
1.69127
1.08629
2.15388
0.55969
0.741948
0.68921
0.829727
0.825365
1.32659
1.54002
0.773519
1.04482
0.635506
1.41093
0.981805
1.27673
0.59937
0.898885
1.46202
1.01577
1.24331
1.17332
1.15115
1.17059
1.35997
0.831032
1.49485
0.760669
0.403412
0.406045
1.35745
1.25335
2.23288
0.937287
1.19192
0.832186
0.598599
1.28729
1.40182
1.38597
1.46728
0.693737
0.770393
0.521939
0.778019
0.940302
1.35401
0.788219
0.806943
1.45961
0.886532
1.16924
0.54251
0.575754
0.930944
1.07958
1.22888
1.56166
0.581893
0.945712
1.03634
0.936601
0.823459
0.919636
0.694705
0.771843
1.50119
0.92712
0.832508
1.20209
0.512102
1.02964
0.692709
1.12736
0.950467
1.48223
0.821327
0.506994
1.4593
1.3305
0.926805
0.669988
1.0756
1.06034
0.517406
1.61916
0.548049
1.25926
0.871022
1.39933
1.31028
1.03222
0.805385
1.22551
1.32655
0.974169
1.19476
1.77662
0.701113
0.851333
0.954984
0.836152
0.607135
0.872288
0.854284
0.715942
1.26712
0.832538
0.556631
0.566067
0.725801
0.663424
1.06637
1.51267
0.985848
1.25908
1.34311
0.955009
1.36501
0.764582
1.47799
0.75043
0.888579
1.36174
0.878255
0.521374
0.888307
1.203
1.56639
0.604873
0.592155
0.808435
1.43273
1.00832
1.49659
0.922915
0.743473
0.872574
0.810534
0.828851
0.476782
1.3349
1.19106
1.1964
0.568859
0.775128
0.614765
1.14421
1.14031
1.3795
1.13604
0.757948
0.858661
1.05726
1.41566
1.54125
1.1982
0.667917
1.53636
1.01223
0.779804
1.05792
0.786009
1.66018
0.419446
1.33586
1.64706
0.934626
0.773155
1.66336
0.906747
0.75897
1.0864
0.629385
0.598603
0.445988
0.946573
1.8135
0.729875
0.553113
0.769466
0.914388
1.38469
0.633983
0.676228
1.73164
0.718508
1.10751
0.744378
0.611866
1.51427
0.493984
1.35881
1.14722
0.6258
0.508938
1.30783
0.555289
0.651817
0.979278
0.52631
0.855583
0.439734
0.688241
0.489019
0.452891
0.564014
0.986375
1.00972
0.82849
0.806453
0.818795
2.20631
1.41842
0.965921
1.30308
0.535313
1.01015
0.534633
0.859026
1.84511
1.12027
1.5632
0.504945
1.71115
0.747735
0.795466
0.839566
1.21175
1.23515
1.03112
0.920633
0.620575
1.21723
1.20136
1.47019
0.613758
1.38617
1.04558
1.1561
0.590086
1.49619
0.858237
1.17106
0.460991
0.677146
0.849818
1.29287
0.72072
1.43296
1.031
1.14483
0.626865
1.35078
0.705932
1.08283
0.918814
1.32381
0.898595
1.03009
1.63029
0.588844
0.769108
1.51554
0.473092
1.08769
1.15733
1.19729
1.05805
1.09542
1.42851
1.0289
1.07212
1.34138
1.07406
0.573939
1.01436
0.740788
0.970703
1.12136
1.38033
1.5623
0.683646
1.25591
1.18151
0.691615
1.03224
1.57782
1.64476
0.864133
0.746378
1.3895
0.933485
0.936293
1.06
0.819618
1.13601
1.20694
0.872901
1.15172
1.05972
1.17962
1.41193
0.832337
1.07304
1.35145
1.4626
0.630229
0.996869
0.665326
0.616652
1.3228
1.03406
0.801783
1.82476
1.30145
0.993739
1.47543
1.00372
1.08596
0.758666
1.28642
0.917887
1.12971
1.07724
1.29193
0.612022
0.56235
0.431152
0.969169
1.31152
0.735029
0.525523
1.49666
0.822506
1.36371
1.06994
0.646122
0.659736
0.687918
1.19205
1.06726
1.49571
0.898419
0.670086
0.60251
0.864727
0.794113
0.960566
0.827896
0.871253
1.18853
0.714877
1.41891
0.755011
0.998162
1.95242
1.00659
0.489648
0.571107
1.03456
0.679829
1.00688
1.12807
0.687566
0.566375
0.71458
1.05835
0.828369
1.00644
1.06649
1.18115
0.438836
0.715205
0.61269
0.909958
1.32651
1.48187
0.87877
0.856849
0.929845
1.54115
1.31936
0.605977
0.932864
0.97199
0.921643
0.630289
0.88998
1.75894
1.05914
0.901439
0.268314
1.13969
1.16983
0.706569
0.452972
1.2378
0.868495
1.19603
1.32492
0.887321
0.958206
1.80468
0.636532
0.630598
0.972075
1.79996
1.08762
0.594153
0.986591
1.40525
1.08262
1.45822
0.602286
1.03914
0.876352
1.31443
0.954946
0.670268
1.18701
0.716272
0.801499
1.10692
0.649368
1.57585
0.660663
0.923244
1.17594
0.453691
0.456866
1.15574
0.763817
0.704284
1.23608
0.954046
1.57453
0.785218
1.20208
0.668816
0.923082
1.04887
0.903775
1.13464
0.555389
1.3081
0.859072
1.09036
0.959303
0.610741
1.07497
0.916691
0.739222
0.759152
0.631465
0.931541
1.2297
0.720686
0.747969
0.816882
0.539434
1.07491
0.856763
1.20043
0.958962
0.800793
0.771682
0.933466
1.39153
1.34743
1.12556
0.634144
1.06815
1.3148
1.10921
0.970726
0.422807
0.546753
1.69656
1.34086
0.842362
1.05206
1.23922
1.07623
0.340475
0.982698
1.0266
1.11322
1.06452
1.1885
0.537144
0.968827
1.84001
1.32478
0.79961
1.48767
0.75632
0.695023
0.978656
0.575364
0.499435
0.859359
1.2168
0.805745
1.28191
1.06752
1.69488
0.791046
1.02124
0.83216
0.715499
1.56005
0.898578
0.724294
1.02785
0.838814
0.987219
0.927096
0.610241
0.631966
0.757408
0.763399
0.772903
1.28549
0.783757
1.39047
1.41927
0.786094
1.23055
0.802161
1.09713
0.84065
1.15456
1.19304
0.618642
0.826678
0.982395
0.54739
1.3141
0.421743
0.987223
1.19586
0.595708
1.45721
0.816953
1.26928
0.746419
0.898825
0.712953
0.646863
0.865284
1.40583
1.76317
0.939909
0.725167
0.896892
1.22293
0.583564
1.98242
0.713225
1.14589
1.34451
1.14841
0.712586
0.382194
0.809318
0.744873
1.00992
0.652513
0.803282
1.02714
0.990358
1.02105
1.02975
0.670186
0.934573
0.766921
1.16928
1.11944
0.995444
0.800596
1.27204
1.13328
1.54577
0.830498
1.6958
1.15812
1.01815
1.1467
1.06936
1.44324
0.447205
1.6367
0.817747
1.09015
0.646457
0.66841
0.712916
1.71291
0.691179
1.26953
1.57925
0.928347
0.937171
0.985029
1.10098
0.885327
0.967812
0.682869
0.706578
0.793944
1.28537
1.3486
1.66745
0.611259
0.995255
1.45183
1.05088
1.55326
1.81639
0.808291
1.26615
0.856109
0.957431
0.910703
1.34463
0.791081
0.900342
0.552863
1.89637
0.948491
0.826264
0.550361
0.455818
0.91455
1.15784
1.5317
1.23209
0.95869
1.13687
1.73668
1.04115
0.832766
1.009
1.01408
0.772471
0.601299
1.05847
1.96823
1.25969
0.514093
0.561347
1.45005
1.13707
0.82101
0.810202
1.22052
1.42795
1.00202
1.03834
0.883895
0.951798
0.666295
0.810975
0.957206
0.927075
0.686134
1.17457
0.693937
1.01569
1.09999
0.835646
1.37879
1.23902
0.780262
1.04077
0.900906
0.525711
0.341604
1.65794
0.917837
1.64678
0.831917
0.5332
0.922981
0.84293
0.781184
0.693623
1.78647
1.24806
1.12411
0.801324
1.35314
1.14998
1.06099
1.03584
1.18607
0.980117
0.759458
1.06333
0.785779
0.984964
0.688836
0.904701
0.778192
1.42154
1.32739
0.568324
0.813684
1.64854
0.760431
0.697132
0.665972
1.389
0.549427
0.879318
1.21939
1.32091
1.10272
0.981855
1.16846
0.944092
1.21359
0.688205
1.48609
1.06186
1.31771
0.987725
0.974981
0.819491
1.36832
2.30987
0.487349
0.988794
1.2408
1.2857
0.727333
1.46047
1.55524
1.05127
0.778917
0.436905
0.589681
1.62522
0.498111
1.21057
0.828631
0.713566
0.674185
1.01755
1.70953
0.931894
0.722819
0.919116
1.75219
0.982058
1.38109
0.918586
1.44162
0.554388
0.709708
1.29082
1.17902
0.965451
1.26546
0.699776
1.18133
1.023
1.07221
1.24953
1.18504
0.733404
1.07021
0.97343
0.893749
1.26877
1.21015
1.49688
0.921057
0.858374
1.04626
0.936451
0.984174
1.05069
1.02931
0.958801
0.935459
1.44307
0.92196
1.49329
0.513252
0.640345
0.700319
1.18229
0.867124
0.937112
0.978495
0.348176
0.863968
1.05554
1.10844
1.0885
1.16339
0.694406
1.23151
0.752949
1.26812
0.789383
1.02292
1.69198
1.24696
1.04827
1.27245
0.73597
0.68089
0.681762
1.1256
1.03762
0.592163
1.22374
1.04502
0.685152
0.666515
1.08842
0.628463
0.750239
0.750139
0.761927
0.816779
0.959925
0.818755
0.869204
0.983939
1.3246
1.48543
0.978672
1.39151
1.03359
1.07661
1.21123
1.08521
1.42433
1.38142
0.507307
1.25341
0.85924
1.38145
0.62647
1.34409
1.1829
0.852803
1.084
1.3799
1.05169
0.597139
1.11153
0.869407
0.678143
0.860417
0.971035
0.822647
0.755631
0.787558
1.48737
1.33092
0.399432
1.03127
0.889539
0.913656
0.738727
1.14585
0.529946
1.3161
0.599989
1.44141
0.708146
0.611532
1.0402
0.659561
1.09163
0.711322
1.02202
0.886021
1.15164
0.476102
0.73507
1.26374
0.906327
0.674431
1.19228
0.554432
0.929431
0.786891
0.7002
0.908725
0.92387
0.975924
1.16815
1.31924
1.09864
0.83553
1.27486
0.570302
0.734716
0.964957
0.681814
0.487433
0.861497
1.22888
1.77492
1.40043
0.687863
0.321801
0.677554
0.868106
1.03674
0.521447
0.780448
0.90482
0.766769
1.33803
0.86281
1.0781
1.11693
1.00326
0.983368
0.974141
0.876646
1.18011
0.949701
0.841539
0.979918
1.01776
1.23803
1.10718
0.982441
1.28077
0.992868
0.700484
0.914581
0.593566
0.785872
0.812902
1.01081
1.43577
0.990154
0.678832
0.777254
0.780008
0.720717
1.57166
0.921113
1.78407
1.1517
0.707497
1.09408
0.750462
1.06593
1.24484
1.10171
0.785562
0.754573
0.773574
0.755493
1.20473
1.11108
0.790853
0.820714
1.16757
1.30797
0.652455
0.762618
0.987237
1.03333
1.30089
0.79221
0.686068
0.868901
0.53235
0.651073
0.689729
1.03184
1.0998
0.852702
0.686856
0.693247
0.895165
1.98343
1.05686
0.674505
1.71965
0.385524
0.890315
1.11442
0.949143
0.498299
0.822586
0.88539
0.92866
1.01488
1.44797
1.4866
1.64219
1.22533
1.61893
1.76078
0.813515
0.688498
0.909821
1.07467
0.826988
0.823536
1.1714
1.23494
0.519146
1.37126
1.08015
0.908491
1.83545
0.821151
0.803559
0.807473
1.28594
1.69062
0.77306
1.00591
1.05866
1.1632
1.91207
0.870046
0.514585
1.06295
0.957036
0.420903
0.740268
1.0084
0.941756
0.767229
0.63065
0.950245
1.34625
0.97344
0.655326
1.43247
1.73426
0.980178
2.22098
1.05258
1.57559
1.57679
0.900691
1.51974
1.37193
0.670042
0.70498
1.02836
0.676028
1.14079
1.47862
1.13077
0.899804
0.895344
1.0018
1.19367
1.32437
0.390416
1.04869
1.03861
1.213
2.20112
1.24665
0.667234
1.31803
1.74837
1.07337
0.818325
0.917392
0.576071
1.24461
0.915235
0.868894
0.977888
0.506452
0.970896
1.20253
1.68856
0.559143
0.632277
1.01909
0.666684
1.20829
0.712749
0.850173
0.896019
0.961982
0.668456
0.868039
1.47512
0.441573
0.955155
0.761464
1.59074
0.590184
0.830567
1.31739
1.10162
0.463929
0.988388
1.26126
1.54455
1.05717
0.808618
1.02822
1.17173
0.916244
0.944366
0.396891
0.830786
0.92142
0.847292
1.34114
0.383738
0.72686
1.03586
0.562659
1.52939
0.915976
1.55184
1.01749
0.861885
1.00507
1.34574
0.90949
1.54214
0.605196
1.94603
1.67891
1.45293
1.56924
0.54899
0.932466
0.328181
0.656237
1.30254
0.821272
0.934488
0.530367
0.841411
1.33752
1.1995
1.00121
0.993348
1.34266
1.18196
0.842488
1.66492
0.742288
1.02847
0.86923
1.58916
1.21704
0.887637
0.412317
0.747798
0.716024
1.34749
1.06099
1.11505
0.890197
1.20116
1.72111
0.650862
1.1235
1.21639
0.460108
0.335849
1.16171
1.75142
0.854
0.979597
1.38557
0.831275
1.24305
0.892669
1.59587
0.766081
1.22075
0.742345
0.941522
1.14579
0.645563
0.942599
0.828059
0.842227
0.761204
1.25177
0.61498
0.503884
0.916691
1.3456
1.18441
0.809469
1.09394
0.779524
1.48431
1.09043
0.864048
0.666288
1.13317
0.882435
0.927289
1.39697
0.993881
0.703273
0.988542
0.541805
0.86868
0.85311
0.625732
1.23883
0.985267
1.01735
0.95268
1.10127
0.832164
0.798326
1.13763
0.637675
0.442744
1.271
0.591391
0.846081
0.775361
0.741032
1.14581
1.39838
1.09347
0.761362
1.31332
0.826614
0.729701
0.636124
1.31563
1.51944
1.00919
0.749693
0.511151
1.02626
1.00777
1.47371
0.580292
1.58343
2.07763
1.18619
1.07737
1.47393
1.17403
0.998635
1.23536
0.513474
0.816241
0.724348
0.988431
0.962899
0.862225
0.699942
0.486584
1.50462
0.74834
0.876359
1.14415
1.13587
0.920569
0.718486
0.480534
0.658782
0.99387
0.893962
1.19895
0.831724
1.02423
0.643065
0.741058
0.626697
1.48017
0.884637
1.21772
1.09868
0.764105
0.85912
1.03657
1.09468
0.62421
1.19236
1.28255
0.806855
0.911005
1.20787
0.943603
1.08435
0.78881
0.878357
0.898875
0.89453
1.21192
1.14671
0.751767
0.708339
0.572015
1.51444
0.983147
1.53535
1.32924
1.25084
1.08637
1.51193
0.522805
0.609316
0.60556
1.36511
0.756069
1.05163
1.3957
1.03706
1.54589
0.758172
1.76887
0.567712
1.23443
0.733497
0.421691
0.863429
1.07243
0.821604
0.903553
1.6922
0.631733
1.10609
1.03671
0.567134
0.712281
1.33755
1.72664
1.09148
0.982894
0.831347
1.26356
0.659001
0.663262
0.688153
0.680738
0.809621
0.691126
0.680114
0.655634
1.08655
1.2847
0.57767
1.24795
1.00564
0.571741
0.518902
1.12936
0.94165
0.71364
1.5116
0.802821
0.908414
1.02264
0.648384
2.59967
0.861678
0.863531
0.640528
0.570566
0.566809
1.49949
0.559248
1.25654
1.24655
1.09841
1.3791
0.969415
1.2888
0.748226
0.846843
1.02388
0.948339
1.39535
0.63704
1.01754
0.871965
0.790621
0.918885
0.548206
1.53252
0.592683
0.636563
0.617045
0.899414
1.10838
0.84011
0.988376
1.03141
2.03057
1.00011
1.12962
1.09747
1.17708
0.992224
1.04817
0.960732
0.599792
0.875406
1.14155
0.668446
0.560083
1.28003
0.949323
0.888313
0.835114
0.720927
0.606237
0.691388
1.50703
0.887761
1.22411
1.29073
1.85387
1.2519
1.44663
1.02014
0.75998
0.647823
1.31351
1.35596
1.22349
1.03875
0.885085
1.23169
0.86839
0.840672
0.839713
0.710783
1.4615
1.25661
0.858682
0.915827
1.74923
0.564467
0.738191
1.16527
0.561553
0.809713
1.70876
0.862153
0.690859
1.69751
0.943174
0.927378
0.791749
1.14654
0.951725
0.766423
1.94933
0.512108
0.99533
1.00026
0.707644
1.20512
0.900692
1.33152
0.966618
0.642838
0.83739
1.0991
1.39957
0.793224
0.815186
0.909137
1.40584
0.915834
0.75903
0.924561
1.01793
1.34777
1.32031
0.779242
1.17347
0.706011
0.576949
0.929762
1.36304
1.20916
0.932955
1.48055
1.53801
1.01981
0.870625
1.49188
1.0248
0.710187
1.25161
1.14909
0.653167
0.725414
0.899922
0.996442
0.993646
0.965295
0.676327
1.13249
0.658904
1.37879
1.24655
1.01283
1.01106
1.44474
0.557146
1.13165
0.878308
0.733881
1.14933
1.06197
0.936316
0.63931
1.19248
0.488885
1.41714
0.557406
1.8539
0.664507
0.916283
1.66942
0.931739
0.934235
1.35667
0.644143
0.631198
0.703019
1.61839
1.52814
1.01353
0.519654
0.732823
1.42324
0.598227
0.683715
1.07376
1.15669
0.616999
0.915082
1.24515
1.05519
1.18967
1.12503
0.956301
1.07517
1.11427
0.982358
1.04225
0.869806
0.525783
1.6778
0.986067
0.978904
0.85036
0.909483
1.19067
0.573056
0.981229
0.933311
0.837498
1.32983
1.77178
1.50374
1.27231
0.878856
1.40107
1.60585
0.392345
1.63825
0.920136
1.06018
0.663239
0.772744
0.670621
1.14078
1.42302
1.36194
0.916694
0.811908
1.38562
1.08513
0.809404
1.29675
0.871816
0.741868
0.713602
1.64539
1.26286
1.10626
0.628448
1.11255
1.0396
1.1037
0.938579
1.33089
0.74877
1.0059
0.978962
0.89293
0.358299
0.998952
0.971476
1.30915
0.714563
1.10337
1.01445
0.768499
1.06149
1.37827
0.669153
0.905235
0.644446
0.703277
0.766668
1.13752
1.18048
0.654062
0.579276
1.60269
0.911613
0.976542
1.21334
1.50109
0.685417
1.22679
0.80548
0.829921
0.728172
0.839012
0.873484
1.17603
1.18147
1.4744
0.866322
1.05735
1.24752
1.53977
1.01505
1.0101
0.611089
0.9832
1.38973
0.752379
0.526972
1.57614
0.706116
0.963189
0.977195
1.5007
0.82248
1.05362
0.857406
1.11166
0.949086
0.894981
0.949366
0.977629
0.794588
1.00661
1.03699
1.48604
1.29766
0.650138
0.864761
1.65611
0.756978
1.58251
1.24522
0.751995
1.46389
1.0071
1.0598
1.61679
1.35605
0.674701
0.761752
1.1398
0.977906
1.00149
1.03751
1.64038
0.925495
1.22705
1.07666
0.904648
1.35831
1.71085
0.758067
0.847849
1.28301
0.923863
1.17157
0.909163
0.971409
0.764371
0.595789
1.11314
0.820372
1.25339
1.70329
1.57995
0.771529
0.679585
0.451631
1.66989
1.15898
0.994466
0.75795
0.822875
0.658206
0.394742
0.731175
1.13381
0.684952
0.8731
1.98306
0.764874
1.47388
1.50976
0.977661
1.18406
0.618176
0.72741
1.06524
0.681435
0.954238
1.13027
1.13553
1.52237
1.11091
0.669271
0.880815
0.898076
0.951756
0.447402
0.979347
1.64037
1.12578
1.01467
0.423246
1.27756
0.595643
0.499356
1.34164
0.477061
1.10836
0.631524
1.15395
1.54003
1.14619
0.706863
1.2801
0.96251
1.2444
0.604944
0.633716
1.83116
1.14284
1.88418
1.01666
0.856685
0.513489
0.924078
0.925374
1.18658
0.680508
0.419141
0.898629
0.448993
1.49233
0.856697
0.77663
1.04251
0.527942
1.21598
0.672155
0.996329
1.562
1.2236
1.5402
1.5587
1.21672
0.965995
1.1638
1.40736
1.33262
1.08516
0.810612
1.32883
0.823271
1.26235
0.995731
0.898092
0.592799
1.12919
0.722207
1.0188
0.569531
0.792736
0.867303
0.705219
0.768478
1.05018
0.797628
0.683796
0.46806
1.12543
0.789959
1.36358
1.42131
1.34894
0.525868
1.46683
1.39827
0.652064
1.13866
0.741268
1.16638
1.08984
0.744107
1.27183
0.574628
1.1347
0.834255
0.889914
1.14813
1.00941
1.20133
1.53927
0.570381
1.26477
0.67954
0.775517
0.663809
1.0381
1.08038
1.21665
0.910341
0.563492
1.23358
0.572279
1.07106
0.581966
0.767725
0.851055
0.895029
1.00004
0.576273
0.877555
0.784162
0.850767
1.01311
0.783745
1.03629
1.05083
1.0115
1.0885
0.640629
0.962288
0.597232
1.12726
0.719442
0.711072
1.28651
1.79146
1.0289
1.53115
1.09298
0.770696
1.03559
0.806635
1.08565
1.40395
0.609352
0.906409
1.06855
0.895242
0.798115
0.672323
1.03752
0.905826
1.23151
1.06243
1.4407
0.913482
1.00889
0.821076
0.999409
0.879722
0.922269
0.462925
1.37592
1.28432
0.575582
0.555423
1.20778
0.452568
0.993305
0.839873
0.694813
0.615586
1.5495
0.951841
0.762145
0.994013
1.36994
0.864117
0.704469
0.493867
1.449
0.850531
0.901268
1.11808
1.42508
1.12617
0.930691
0.987686
1.08559
1.05104
0.9977
0.684405
0.765925
1.44755
0.890719
0.684341
1.19185
1.02105
0.773442
1.22901
0.724435
0.554746
0.770641
1.18486
1.70096
1.09447
0.49699
1.11565
1.1103
1.58478
1.23456
0.827654
0.664672
0.579289
0.595316
1.13521
1.18173
1.27072
0.494522
0.722937
0.844391
1.20309
1.33461
0.71885
2.02289
1.00672
1.41858
0.808397
1.38194
0.767078
0.822318
1.18448
0.979514
0.880037
0.760617
0.51914
1.09515
0.612745
1.07419
0.939355
1.02039
1.4199
1.48985
1.43656
0.763998
1.18273
0.77204
0.640592
0.433952
1.40326
1.05839
1.06861
1.11052
1.36738
1.31735
0.787914
0.660164
1.4418
0.630568
0.911577
0.810038
0.859453
1.14216
1.21664
1.87985
1.30133
1.16215
0.714065
0.649853
1.60116
0.624157
0.705092
0.916109
0.663021
0.420511
0.951457
0.824867
1.12142
0.623753
0.496641
1.20915
0.763381
0.773871
0.724451
1.36093
1.16711
0.88428
0.408985
1.10051
1.18227
0.656656
0.76601
1.19672
0.73142
0.928353
1.3047
0.866071
0.727191
1.2094
1.11998
1.40923
1.68986
0.83099
0.607678
0.904626
1.13632
1.03006
0.943813
1.32143
0.637671
1.33518
0.74462
0.754575
0.738913
0.727419
0.637218
0.928487
0.615835
1.02919
0.839266
0.99125
0.884763
0.696152
0.903605
1.18737
1.01375
0.940133
1.03565
0.869409
0.631919
0.934864
0.698707
1.57443
0.861764
1.18771
0.772009
0.789485
1.066
0.924263
0.663335
1.55365
0.967236
1.27645
1.46327
0.820989
0.799305
1.05653
0.855705
0.611186
0.900466
1.23948
1.0499
0.753495
0.998426
1.39
1.26385
0.768131
0.921299
1.33673
0.706938
0.804
1.00132
0.841542
0.979572
0.738671
0.800575
0.899436
1.74038
1.25559
1.28166
0.935968
0.697302
1.12499
0.496111
1.24947
0.673586
1.01153
1.81712
0.782608
0.938529
1.21625
0.688361
0.516428
0.843511
0.89707
0.51736
0.994185
0.413449
0.884469
1.23792
0.981356
1.43145
1.77237
1.1607
1.53475
0.863049
0.953136
1.16096
1.35813
1.03045
0.853753
1.14082
1.15504
1.05673
0.912287
1.15849
0.820015
1.21737
0.366921
1.24506
1.2656
0.691846
1.31578
1.08791
0.608469
1.01936
0.867122
1.00106
0.813149
0.890838
1.37007
1.0903
0.874898
0.874959
0.679575
1.21741
1.16403
1.5623
0.51222
1.1327
1.10017
0.693854
1.01303
1.10699
1.01564
0.520971
0.901684
0.694192
0.527114
0.67382
0.961608
0.681297
0.430149
0.579779
1.40434
0.988361
1.15155
0.555802
0.729208
1.42018
0.472565
0.815743
1.1479
1.01471
0.946146
0.876093
0.702135
1.08289
0.608729
1.10586
0.564437
0.895759
0.961922
1.08291
0.878544
1.3282
1.00993
1.14372
0.793473
0.545912
0.874525
0.511746
1.13704
1.44722
0.896555
1.15943
0.98757
1.10223
1.67092
1.08154
1.41239
0.940546
1.40038
0.495957
1.27315
1.26042
1.31708
1.44179
1.83504
1.49602
0.696836
0.75844
1.10687
1.10365
1.42854
0.801748
0.613464
1.36925
1.02738
0.745467
0.772891
1.02951
0.812976
1.08322
0.959735
1.19243
0.905207
0.896321
1.12181
0.846304
0.847875
1.01143
0.606101
1.13254
0.838381
1.33187
0.506114
1.56346
0.879674
1.14879
1.18358
1.38645
1.19165
1.62089
1.19134
1.39993
0.615568
0.684382
0.782932
0.474208
0.898206
0.874716
1.08609
1.08798
1.40459
0.843307
1.02878
0.794032
0.958188
1.09708
1.02229
1.11853
0.829156
0.541305
1.94989
0.705996
1.22163
0.694375
0.759739
1.06888
0.913447
0.832551
1.60064
0.814918
0.975284
0.893517
0.91816
1.39898
0.502933
2.01744
0.859537
0.659252
1.40038
1.56465
1.28772
0.68788
1.02972
1.36364
0.43529
1.22639
0.910512
0.397609
1.21035
0.460006
0.661335
1.64475
0.980988
1.20044
1.28962
0.848469
1.42052
0.624298
1.17122
1.03367
1.06317
1.70964
0.918902
0.680271
0.490043
1.20371
1.39339
1.25131
0.927521
1.57013
0.726746
1.12783
1.51835
1.22001
1.51689
1.02654
0.387759
0.93867
0.970228
0.554643
1.15437
1.21469
0.738295
1.06596
0.659581
1.52312
0.992976
0.775336
0.492381
0.598705
1.21452
1.10229
1.30612
0.896152
1.23772
1.51507
0.713099
1.20868
0.6336
1.10118
1.85968
0.935746
0.973646
0.603004
0.728031
1.01166
0.611111
1.11715
1.39078
0.762852
0.978713
1.32558
1.27004
1.01935
0.67426
1.23576
0.959264
1.28142
0.714499
0.709859
0.532406
0.735839
0.672573
0.694603
1.88007
0.643106
1.06167
0.815635
1.00603
1.64553
1.27401
1.28795
0.723641
1.31963
0.91308
0.678187
1.3469
0.517339
0.615656
0.626081
0.489824
0.911249
1.46183
0.806082
0.874032
1.20452
0.834172
1.40101
0.975502
1.06555
0.709097
1.15563
0.646147
0.763819
0.66885
1.22118
1.40117
1.17681
0.496467
1.01816
0.709789
0.956869
0.330036
0.988668
1.21193
1.04253
1.55036
1.0046
1.10124
1.92489
0.835389
1.46754
0.750404
1.16491
0.758616
0.610355
1.06903
1.23752
0.591452
1.03707
1.40772
0.800993
0.970255
1.08382
0.812563
0.506659
0.64091
0.789437
1.19283
1.22721
1.03969
1.15025
0.948903
0.58746
1.20801
0.804984
0.919981
1.1758
1.28826
2.13623
0.771305
1.12361
0.758067
1.18685
0.875787
0.797156
1.21046
1.18052
1.39992
1.10934
1.05349
1.20538
0.962448
1.5208
0.91317
0.788325
1.03715
1.47262
0.810376
0.954231
1.54572
0.540399
0.966277
1.30118
1.00519
1.00251
0.776632
0.623541
0.797273
0.938132
1.18976
0.732933
0.535868
0.80137
1.27113
0.477092
0.561594
0.842618
0.855623
0.820277
1.25335
0.595937
0.864185
0.733676
1.22208
1.22009
0.929055
1.09481
0.808782
0.960045
0.845316
0.750851
0.986154
0.812057
1.19919
1.68784
0.925499
0.752257
1.38827
0.686782
0.826474
0.940114
0.481211
0.92168
0.966214
1.22146
0.802722
0.516706
1.01893
0.980059
1.50604
1.10741
1.59873
1.10262
0.945324
0.817535
0.5504
0.763787
1.02954
0.700662
1.06558
1.24855
1.18114
0.86579
1.42551
0.861081
1.01174
1.06227
0.81138
1.11311
1.87668
1.62956
0.758761
0.748514
1.35467
1.31283
1.19847
1.31429
0.756743
0.537832
0.969271
1.24271
0.96805
0.646406
1.20236
2.48354
1.26827
0.751872
0.869791
1.11483
0.729672
1.25447
0.76698
1.15808
0.767657
1.32436
0.707849
0.910627
1.70619
0.938146
0.738748
0.858499
1.17933
0.731154
1.00426
1.17388
1.38486
0.966939
0.775077
1.00189
1.10902
1.53287
0.66476
1.12386
1.03602
1.45572
0.950905
1.56974
1.03979
0.876318
1.35067
0.746643
1.26491
0.94579
0.516937
0.746783
1.0446
1.40888
0.628205
0.473454
0.756452
1.16483
1.14351
0.829865
0.997493
0.801869
1.53878
0.627561
0.680793
0.670854
0.631556
0.970373
0.904189
0.38205
1.14541
0.909251
0.440224
0.861289
0.80653
0.570621
0.631592
0.624758
0.849864
0.602733
0.92315
0.844508
0.956399
0.491661
1.81822
0.778096
1.41576
0.814762
1.41229
1.25156
1.41463
1.5951
0.799421
0.611844
0.781847
0.784554
0.820151
1.42228
0.801173
1.06349
0.395038
0.459066
0.724214
1.06595
0.845132
1.92379
0.577217
1.02882
0.872691
1.05169
0.836719
0.820579
0.684672
0.905433
1.36592
0.800509
0.819707
1.08473
0.948253
0.646923
1.10374
0.599882
0.755062
1.01055
0.980052
1.86992
1.88565
1.00117
0.987667
0.573563
0.815966
0.550811
0.832919
1.89246
1.81867
1.56219
0.511794
0.282067
1.82622
0.680163
0.911278
0.941306
0.585324
1.16798
1.01746
0.931469
0.656726
1.15075
1.09367
0.93856
0.761897
2.13588
1.25086
1.05
0.895206
1.15238
0.632802
0.926897
1.06329
1.06362
0.622064
1.21137
0.953187
0.686846
0.647532
1.1314
0.522307
1.11607
0.599917
1.12125
0.921099
0.826038
1.40416
0.902502
1.13033
0.607802
1.22737
0.468835
0.851019
0.862155
1.04536
1.32595
1.51763
0.884105
0.39149
1.33962
0.97024
1.21607
1.44891
1.78485
1.06232
0.830667
0.735067
0.656903
1.06684
0.92815
0.265696
1.74485
1.55745
0.87381
0.704865
1.0581
0.938306
1.33575
1.02233
0.824343
1.04443
0.678396
0.902596
0.656979
0.780438
0.40976
1.05789
1.0384
0.552136
0.694624
1.06674
1.22005
1.20044
1.2771
1.07668
1.36299
1.50998
1.27139
1.24502
1.42373
1.47222
1.30913
0.876356
0.461228
0.856496
0.810469
0.501941
0.96492
1.38874
0.664012
0.63606
1.12245
0.833374
0.929424
0.585059
1.1002
0.883043
0.792636
1.44505
0.936175
1.34479
0.45689
1.03182
0.812962
0.665394
0.726458
1.0037
0.687298
0.738864
1.27566
0.526657
1.44717
1.79515
0.767393
1.14954
1.00626
1.04927
1.07253
0.594458
1.27158
0.696316
1.29993
0.662311
0.475362
1.01726
0.720589
0.711179
0.871687
0.722576
0.861672
1.24505
0.892306
0.884852
1.48513
1.32944
0.868723
0.58666
1.35888
0.466018
1.07232
1.23919
0.879476
0.796181
0.910098
0.673407
1.28534
0.849018
0.659194
0.600604
0.757952
0.90568
1.42354
0.795599
1.10789
1.122
0.727687
0.70576
0.805224
1.00482
1.54667
0.918972
1.18872
0.901049
1.99452
1.9345
0.650041
0.934833
0.586912
0.994817
1.07523
0.927982
1.37743
0.994634
0.786767
1.64974
1.06116
1.37903
0.705717
1.38074
1.74092
1.12747
0.566103
1.47875
1.31136
1.28168
1.51169
1.26879
1.32368
0.727577
1.43623
1.46603
1.02153
1.72536
0.875272
0.772888
0.711351
1.4952
1.06325
0.834624
0.803702
0.716488
1.70724
0.876077
1.12254
0.968192
0.529591
1.30942
1.36358
1.16507
1.55678
0.725144
1.35629
0.336168
1.01615
0.719356
0.607046
0.901635
0.885464
0.818474
1.04815
1.35687
1.3423
0.824189
0.976952
0.39376
1.40625
0.918243
0.935725
0.433878
0.697682
1.0663
1.39714
0.604157
0.775934
0.633153
1.4808
0.765085
0.822171
1.29104
0.976509
0.839931
1.49463
0.994717
0.72594
1.83148
1.10588
0.55228
1.16354
0.629842
1.13337
0.599588
1.26975
1.61752
0.570664
0.740464
0.89237
1.28154
1.42353
1.02863
0.840751
0.55668
1.05087
1.47552
0.681762
1.61194
0.672701
0.779678
0.621548
1.04305
1.36735
0.366537
1.03176
1.04425
0.627577
0.974771
1.28277
1.13162
0.599536
0.638313
0.671696
1.16644
0.897401
1.7772
0.821671
0.625
0.695701
0.741771
1.00447
1.0516
1.16548
0.771894
0.706339
1.37862
0.871604
1.60262
1.10307
0.771672
1.38463
1.27871
0.933935
0.989637
0.995871
1.00933
1.22565
0.92677
0.857104
1.12769
1.26115
0.66755
0.821167
1.05842
0.572963
1.30791
1.4282
0.633361
1.32417
1.0738
1.15
1.16952
0.765861
0.396262
0.838893
1.3065
0.805428
0.795889
0.811465
1.53705
0.877179
1.01747
0.941728
1.02556
1.30508
1.00205
0.929713
0.759708
1.28481
0.813259
0.89255
0.890577
1.19738
0.742496
0.605611
1.0233
0.773998
1.15169
0.977733
1.64083
0.874693
1.28534
0.996112
0.795025
0.699971
1.1814
1.2459
1.19732
1.00712
1.57846
1.56701
0.66798
0.949763
1.02097
1.25191
0.934991
1.14312
0.551395
0.927331
1.66801
0.870288
1.33003
0.866582
1.16899
0.926132
0.998898
1.45803
1.19369
0.827164
1.28767
1.35203
1.01769
1.48306
1.54823
0.913894
0.940085
0.909085
1.46731
0.674278
0.727736
1.10237
1.24192
1.38669
1.00258
0.81086
1.16664
0.761535
1.12534
0.788094
1.30742
0.648908
1.66328
0.898049
1.12305
0.594465
1.15477
0.995463
0.941782
1.16144
1.22204
0.768945
1.01106
0.90153
0.728975
1.33741
0.695582
1.54837
1.23924
1.12562
0.623913
0.838914
1.44529
0.698709
1.07431
1.54605
0.558098
0.724663
1.32348
0.810446
0.834895
0.703913
0.531163
1.1912
1.51281
0.626051
0.916766
1.17148
1.20026
1.80772
1.07134
1.54773
0.995446
1.21648
0.787834
0.967827
1.25534
0.508104
0.975283
1.0988
1.1506
0.439598
1.38113
1.08902
1.07603
0.808591
1.09987
0.759427
0.992032
0.80474
0.795876
1.00797
0.764867
0.684935
1.28059
0.645714
0.76234
0.836915
0.890752
1.0632
1.31965
0.394975
1.04327
1.27416
1.35521
1.32996
0.840116
1.1129
1.02298
1.1715
1.51692
0.524488
0.866036
0.994217
1.77238
1.88366
1.20104
0.530509
0.645358
1.53077
1.06363
1.52274
1.34255
0.876368
0.809126
1.32886
1.03187
1.38066
0.813765
1.07243
0.453039
0.602162
1.24331
1.07583
0.689829
1.05315
1.4914
1.02052
0.600512
0.590066
1.20586
0.946279
0.574504
1.59885
1.1706
0.835152
0.900538
0.853299
0.874138
1.25953
0.91026
0.782272
1.35416
0.832144
1.21153
1.25582
1.33193
0.490183
0.654283
1.58806
1.2052
0.958717
0.952313
0.474603
1.27586
1.37936
0.877439
1.1382
2.0435
0.804605
0.67131
1.39947
0.471917
0.676225
1.21833
0.819363
1.15956
1.67785
1.18504
1.37109
0.544128
1.20945
1.46028
1.54108
1.37232
0.55666
1.29375
1.27552
1.03738
0.906629
1.19606
0.584697
1.40469
0.539277
2.11939
0.659443
0.920039
1.29112
1.24315
0.732476
1.00099
0.990087
1.27211
0.405241
0.963013
1.99052
0.536032
1.43445
1.05634
0.522194
1.47091
1.283
0.948229
0.902009
1.70445
1.0645
0.936311
1.57049
0.869104
1.006
1.15076
0.526767
1.07501
1.07098
2.72785
0.85856
0.890489
0.687454
0.833577
0.897305
0.477751
0.763563
1.24412
1.27418
0.708707
0.70035
0.714235
1.4282
0.598123
0.392413
0.719759
0.944279
0.860295
1.68228
1.13849
1.03529
0.878484
0.525825
1.15136
0.924719
0.807995
0.647105
0.507265
1.30023
1.1148
1.29575
0.640317
1.17984
1.17246
1.19871
1.65624
0.964468
1.23102
1.47011
0.603636
0.785802
0.640589
1.71909
0.65639
1.29306
0.987782
0.71806
1.4738
0.592476
1.00843
0.726295
0.567756
0.912805
0.722878
1.68664
1.33975
1.14992
0.77985
0.825967
0.973882
1.28478
1.30803
1.45462
1.29545
1.06789
1.24105
1.00067
0.701117
0.818788
0.473
1.23562
1.05282
0.825893
0.877536
0.895336
0.999026
0.695466
1.20306
1.00155
0.871034
1.03421
0.534417
0.785666
1.29095
0.486265
1.04853
1.25119
0.686643
0.9531
0.801585
0.79861
1.37255
1.36545
0.907826
1.01215
0.664949
1.1526
1.61147
0.72261
0.476387
1.02033
0.827483
0.75565
0.577561
0.928517
0.96919
0.961045
0.992816
1.05657
1.24241
0.535462
1.02421
1.33792
0.808039
0.607673
0.798523
1.27452
0.874989
1.02797
1.04778
0.893451
1.32534
0.954636
1.13611
1.13146
1.70515
1.2413
0.937624
0.9578
1.41605
0.685445
0.870295
0.374664
2.01188
0.760775
1.17312
0.873057
0.809054
0.766599
0.850266
0.999699
0.938542
1.10139
1.06951
0.84673
0.902505
1.43268
0.561328
1.16897
0.969652
0.56252
0.99328
0.832058
0.682622
0.678158
0.84697
1.83348
0.913036
0.577933
0.503985
0.529063
0.584884
0.592791
1.31879
0.958137
0.614733
0.729362
1.19441
1.71613
0.946557
1.10099
1.00643
1.00008
1.62773
1.16011
0.659886
0.571918
1.14996
1.03018
1.51807
1.25189
1.02006
0.726948
0.754587
0.725167
0.773963
0.996504
0.685404
1.21817
1.0563
1.36269
0.823522
0.958916
0.678373
1.10458
1.28408
0.362401
0.919778
0.687706
1.03178
1.28441
0.886041
0.915116
1.06596
0.438941
0.586815
1.27498
1.33327
0.732606
1.45264
0.329415
0.729076
0.94499
0.872794
0.890613
1.07858
0.405768
0.623095
1.03338
0.731812
1.00309
1.44176
1.79744
1.25857
1.09131
1.22479
1.17926
1.53105
1.67914
1.1938
0.967138
1.45755
1.15644
1.03132
1.19942
0.74909
1.02671
0.857878
0.961335
0.507314
0.674465
0.53408
1.25077
0.908709
1.41572
0.8016
0.940245
0.555451
0.988506
0.968074
1.30616
1.59695
0.802152
0.968879
0.77755
1.28296
0.690705
1.45187
0.837021
1.03638
1.11679
1.81906
1.11821
1.45813
1.4159
0.562063
1.02596
0.875043
0.644378
1.06426
0.803873
0.443161
1.25143
1.41306
0.631587
0.895248
0.566824
1.38079
0.574347
0.788114
1.17375
1.18323
1.26597
0.65895
1.03885
1.12715
0.908229
1.57892
0.647483
1.50768
1.20428
0.72399
0.538429
0.803306
0.627317
1.4155
0.968546
0.633359
0.605383
1.50832
0.623181
1.5316
0.998464
1.84559
0.767021
1.1468
1.11924
1.18357
1.13366
1.03161
0.885426
0.484694
0.7891
0.535116
0.803506
0.572309
0.467007
0.471574
1.02976
1.25985
0.887395
0.788599
1.06266
0.561602
1.20969
0.901084
0.905703
1.36633
1.3917
0.878972
0.923787
0.683649
1.13724
1.52075
1.19326
1.16419
1.21209
1.15626
0.650498
0.758697
1.12119
0.964479
1.71163
0.768694
0.91054
1.18419
0.9929
0.359834
1.25946
1.04245
0.588916
1.67913
0.795915
0.99448
0.675386
0.616511
1.42366
0.605676
0.784831
0.846791
0.943811
0.649131
0.892628
0.915768
0.604892
1.42612
0.320112
0.68988
0.608111
1.17281
0.809289
1.18082
1.11812
1.21467
0.973495
1.06452
1.23304
0.778136
1.18571
1.18579
0.88917
0.862113
0.924192
1.73604
0.667994
0.938938
0.883158
1.21959
1.55187
1.16034
1.20274
1.29552
0.755394
0.633417
1.04202
0.847574
0.842362
1.50403
0.639723
0.563636
1.15152
1.14402
0.821782
1.23683
1.00075
1.10595
1.00105
0.391816
0.580604
1.35826
0.959803
0.850359
1.71596
1.10081
0.860664
1.07232
1.76645
1.24956
0.373256
1.22249
0.689679
0.855679
1.18527
0.776075
0.971891
0.945465
1.39901
0.722094
1.36241
0.915782
1.16348
1.38938
0.432338
2.10366
0.869961
1.73582
0.869301
1.00181
1.04348
1.07344
0.731871
1.14876
1.76994
0.790433
1.39609
0.678817
0.410508
1.74824
1.15724
1.06449
1.27797
0.994329
1.23686
1.15938
0.833564
1.09186
0.455576
0.59006
0.720996
1.11614
0.59703
0.927965
0.905913
1.09461
1.41266
0.986188
0.499407
0.798341
1.67262
0.965971
0.71838
0.731365
0.768307
0.868607
0.822001
0.634251
0.433738
0.710231
0.553466
1.2659
1.29648
1.1275
0.967681
1.10902
1.0854
0.970421
0.776922
1.34777
0.653879
1.23348
2.00428
0.929699
1.19672
0.579955
1.27719
1.79993
1.13527
1.18464
0.848317
1.19233
0.998211
0.569971
1.12702
0.861788
0.606341
1.04286
1.02456
1.46169
1.41029
1.16381
1.3528
0.805767
0.913994
0.999798
0.846495
0.871697
0.633168
0.518909
1.02909
1.1529
0.846386
0.704932
1.01545
1.02112
1.07355
1.22112
1.29783
0.900473
1.00257
1.19778
0.69339
0.756508
1.44486
1.18654
0.8479
1.30548
1.04583
1.3749
2.55711
1.06109
0.826882
1.4004
1.25012
0.932893
0.487655
0.854775
0.9286
0.559104
0.938842
1.03996
0.594442
0.996223
1.10924
0.559276
1.08628
1.10277
1.26939
1.41742
0.493062
0.932095
0.746066
1.53846
0.841619
1.02993
0.979384
0.923046
1.15077
0.760634
0.64679
0.802129
1.41671
0.811504
1.07733
0.92909
1.06577
0.977838
0.991347
1.36478
0.847178
0.600129
1.47296
0.856277
0.646345
1.38009
1.48612
0.97189
1.26241
0.727731
1.05599
1.17801
1.35351
1.11696
1.00763
0.689392
0.774267
0.750274
0.749343
0.795762
1.229
1.22053
0.736029
1.12991
0.840404
0.708392
1.40703
1.31343
1.65466
0.592757
0.922851
1.05518
0.838844
0.701962
0.956194
1.15465
1.47163
1.31532
1.49072
1.31951
0.806479
0.930581
0.865276
0.350678
0.676617
0.948082
0.656683
1.31124
0.729218
0.777829
0.982856
0.628101
0.689915
1.0476
1.32049
1.32728
0.738663
0.693365
1.21771
1.12776
1.4684
0.753743
0.522893
1.35283
0.67887
1.20824
1.36632
1.16513
0.619742
1.2813
0.692959
0.504986
0.577163
1.26033
1.04398
0.855017
0.776221
0.837854
0.610221
0.644976
0.849422
0.875857
0.516925
0.937916
0.849848
0.831327
0.997307
0.514295
1.14479
1.51051
1.59951
1.06023
0.763415
0.9641
0.903063
0.903321
1.13713
1.46585
0.417071
1.01092
1.1711
0.916025
0.889258
0.921729
0.748126
1.40192
0.81791
1.63001
0.765727
0.959676
1.24437
1.15255
0.822725
1.52165
1.35918
0.411691
1.15871
0.757483
1.53978
0.59924
1.39602
0.726665
1.31209
0.54331
0.722899
0.818112
1.19469
1.35176
0.626181
0.770614
0.979077
0.898315
1.29357
1.58005
1.48726
1.0513
0.8424
1.21527
0.99576
0.710561
0.752501
0.896477
1.42118
0.621421
2.03943
1.34804
0.905804
1.00416
0.891196
0.989346
0.829824
0.730818
1.54389
1.39482
1.35359
1.20442
1.34389
0.856862
1.10798
1.44506
0.561549
1.38887
1.08881
1.28016
0.676693
0.895678
0.931066
1.32012
2.12383
1.05551
0.68364
0.704041
1.1466
0.952857
0.850897
0.354162
1.10002
0.986251
1.00456
0.896107
1.40809
1.13294
1.01453
0.635982
0.869162
1.46978
0.710357
0.838637
1.0214
1.62556
0.947665
1.08036
0.594093
1.25306
0.744856
0.665618
1.32743
1.11323
0.95116
1.51921
1.01755
0.96489
1.14163
0.94564
0.90451
0.682836
0.844548
1.08771
1.24881
0.533947
0.879611
0.986808
0.627779
1.11919
0.569868
1.11651
1.93437
0.84741
1.12221
1.03709
1.1592
0.625678
0.975259
0.937685
1.17735
1.02932
1.32062
1.40988
1.31357
0.986911
0.736574
0.884318
0.922663
0.437115
0.792183
0.71582
1.28626
0.727766
1.10295
0.962935
0.772438
1.17583
1.34317
0.712252
0.754387
0.908888
0.673702
1.41391
1.34194
1.35656
0.878962
0.96362
1.06658
0.684265
1.39881
1.29876
1.47385
1.46526
1.20099
0.900499
1.32127
0.671479
1.03256
1.23362
0.903379
1.17703
0.701159
1.11687
1.54344
0.713437
0.379143
1.02953
0.554321
0.780017
1.08411
1.06394
0.960283
0.984943
1.2989
0.941358
0.73007
1.65551
0.811047
0.760172
0.879704
1.21045
1.29114
0.458065
0.986974
0.44962
1.38465
1.33394
0.782672
0.915987
1.11463
1.01611
1.06865
0.597085
0.773342
0.786141
1.1075
0.855808
1.0039
0.569059
0.790907
1.23272
0.881022
1.029
1.15616
0.99641
1.90696
0.768911
0.828853
0.893625
2.03005
0.940693
0.561349
0.573049
1.14156
0.596229
1.37624
1.0095
0.486949
0.671496
1.10746
1.17169
0.997943
1.09567
0.692722
0.711428
1.35657
0.937559
0.908578
0.934576
1.81249
1.03102
0.528759
2.0143
0.861213
0.854897
0.871455
0.932353
1.5538
1.08667
0.805519
1.09271
0.80989
1.0752
0.811649
0.340751
0.841527
1.13923
1.48188
0.641636
0.805307
0.63847
1.07454
1.05204
0.985505
1.23078
0.554684
1.22753
1.04659
1.11945
0.348099
0.665579
1.06437
1.03389
0.601766
1.26438
1.3707
1.26214
0.941042
1.52095
1.42348
0.741174
0.860189
1.0498
0.796511
0.969923
0.567348
1.06411
1.41067
0.460274
1.14377
1.44615
1.15319
0.522551
0.802503
1.25422
0.871658
0.918571
1.25877
0.562932
0.89676
1.3239
1.9421
0.81586
0.653674
0.811251
0.995761
1.79339
0.725545
0.766847
0.821687
1.61224
0.698284
1.48641
1.39624
0.92897
0.737165
1.44106
0.941627
1.02601
1.4673
0.859619
1.39108
0.829842
0.862173
1.27359
0.945695
0.880019
0.558656
1.16321
0.636915
1.04013
0.914958
0.780931
1.11251
1.10975
0.985657
1.10603
0.770687
0.987861
1.13291
0.527007
0.574983
1.452
0.766866
1.23982
0.760909
0.607677
0.640659
1.50272
0.925755
0.988619
1.26552
1.14141
0.963646
0.818217
1.28096
0.948775
1.95058
1.43969
1.44049
0.608911
0.964976
1.35988
1.44696
1.7791
1.12705
1.01757
0.983695
0.667403
0.393869
0.798614
1.26701
0.770585
1.34491
1.11858
0.509717
0.935498
0.789255
0.716849
0.778967
1.59237
0.707567
0.827771
1.05973
0.999298
0.985496
1.4395
1.47942
0.500242
0.819802
1.54542
1.12541
1.07209
1.3156
0.600004
1.34354
0.838691
0.554961
1.27725
1.03421
0.90649
0.925154
0.994627
0.744099
1.15142
0.747648
0.490267
1.65066
0.522008
1.67179
1.28917
1.26795
1.14335
0.978401
0.720276
1.26623
0.430469
1.84706
1.10034
1.01849
0.87688
1.15876
1.08337
0.524915
1.20683
1.29334
0.740856
1.64962
0.889821
0.687323
0.823155
1.13684
1.24553
0.953609
0.974116
1.13161
1.73014
1.76987
1.2156
1.43322
0.85673
0.964932
1.24406
0.809268
1.61737
0.92495
1.19658
0.988923
1.22743
0.710743
1.05484
1.24033
0.928564
0.777695
0.876914
0.841601
1.06819
0.744222
0.596125
0.753832
1.34991
0.883344
1.09087
0.730124
1.23488
1.3482
1.19881
0.856736
0.810562
1.2239
1.14269
0.499209
0.738229
1.32281
1.60317
0.616811
1.13924
0.729722
0.544879
1.10065
1.21542
1.22743
1.24055
1.88421
0.977153
0.668552
0.990584
0.866185
0.853597
0.87039
0.548445
1.35348
0.775365
0.609354
0.961379
0.625152
1.2039
0.990572
0.788795
0.768441
0.191349
1.44618
1.5229
1.41665
1.68286
0.724514
1.12998
1.38927
0.949621
1.20133
1.34757
0.765539
0.360475
0.70759
0.591712
1.2647
0.831614
1.84638
0.963834
0.983294
0.60023
1.32581
0.933325
0.933564
1.51725
0.841785
1.39644
0.779788
0.916731
1.05855
0.854701
0.641495
0.864663
1.57452
0.587754
1.77776
1.36226
1.45289
0.809377
0.727964
0.459838
0.832359
1.4221
1.27314
1.3885
0.51922
0.855738
1.1006
0.940034
1.18917
0.961884
1.07616
0.523168
1.0907
1.09544
1.24794
0.769644
0.981714
1.06076
1.1496
1.17801
1.09617
1.06908
1.27833
0.947838
1.72717
1.20336
0.777729
0.88332
0.985905
1.26891
1.10739
0.847238
1.04061
0.677201
0.959456
0.850166
0.671669
0.561817
0.889228
0.731353
1.00871
0.953233
1.33012
0.528913
1.20251
1.15794
1.21878
1.0893
0.96513
1.72188
0.728224
0.990777
1.36911
1.04876
1.00459
1.20707
0.914686
0.985428
1.11916
0.616696
1.23649
1.32275
0.877731
0.621249
1.02055
0.823736
1.0011
1.13177
1.44578
1.16112
1.17573
1.16518
1.4792
1.51628
1.34203
1.14848
1.01158
0.567747
1.21539
0.828661
1.18611
0.514913
1.82109
1.36751
0.56001
0.609648
0.719019
0.885653
1.73877
0.982635
0.788109
1.42966
0.874949
0.904415
0.720367
1.23644
1.26171
0.855445
1.66642
1.08411
1.15344
1.46358
1.12373
0.588953
1.33075
1.12562
0.961221
1.4046
0.997994
0.90892
0.973564
0.943046
1.32984
1.96499
0.751265
0.464995
0.954816
0.682555
0.55442
1.34106
0.544751
0.950766
1.2223
0.53492
1.00482
0.988928
0.610999
1.11759
1.10841
1.13343
1.08136
0.889961
1.19123
0.740752
0.976628
0.527674
1.04859
0.781193
1.63229
1.07103
1.27998
1.092
1.30732
0.692292
1.17762
0.67024
1.38095
1.88516
1.10011
0.809076
0.81325
1.14813
0.848052
1.44903
1.10517
1.19703
0.700942
1.12999
0.619394
0.766564
1.5643
1.01165
0.779251
0.990365
0.914922
0.639935
1.30213
1.24038
0.704174
1.09466
0.897516
1.74511
1.06797
1.07924
1.13508
0.695656
0.558644
0.835022
0.92689
1.29151
0.940001
1.30831
0.691238
1.25198
0.735791
0.891831
0.827501
0.572675
1.2057
2.24842
0.700337
1.25395
0.753522
1.35741
1.10673
1.57461
1.34068
1.01851
0.918415
0.594718
1.55576
1.21611
0.914212
1.39503
1.10705
1.44222
0.48255
1.01797
1.20508
1.49956
1.04293
0.614889
1.05216
1.05432
1.06997
0.763596
1.01877
1.01014
0.479787
1.12357
0.706709
1.65195
1.09032
1.33087
0.769348
1.36519
0.857076
0.574665
0.684637
0.555512
0.703524
0.976028
1.54393
1.60993
1.06934
0.964485
1.37308
0.731683
0.720644
1.07109
0.542168
0.727529
1.06566
0.975248
1.23327
1.05159
0.598512
1.28644
2.00735
0.548698
0.83611
1.2877
1.14661
1.10446
1.05072
1.01281
1.42502
0.641861
0.903973
1.40029
1.11482
1.00369
1.40602
1.2002
0.647798
1.11497
1.07734
1.38036
0.952136
0.903359
1.04169
0.744929
0.665386
0.996359
1.33514
1.23683
0.756863
1.11606
0.689401
0.420333
1.30547
0.768924
0.991005
0.439177
1.06327
0.842489
0.868749
0.81252
0.584523
1.06793
0.949943
1.93949
1.26905
0.546147
0.723988
1.10663
1.52563
1.37919
1.68325
0.993187
1.03681
0.858658
0.711292
1.30232
1.11461
0.661338
0.622538
0.9634
1.25552
0.961784
0.694906
1.46187
0.597122
0.720267
1.41595
0.712417
1.20346
0.723955
0.928316
1.07301
1.03014
0.790419
0.835362
1.1947
0.845469
1.41741
1.46493
0.669697
1.01927
1.07636
1.17595
1.82459
0.741789
1.18458
0.548472
1.23685
1.17674
0.963364
1.35939
1.03671
1.00894
1.09461
0.957818
1.06924
1.12111
1.28111
1.00396
1.22531
0.889435
0.865597
0.847822
0.825694
0.949743
0.933388
1.39832
1.18366
0.967064
1.14315
0.438333
0.967407
0.948415
0.748119
0.570811
0.84411
0.62048
1.00812
0.670493
1.05037
1.45851
1.06833
0.987058
0.64108
0.702734
0.984196
0.659797
0.850251
1.06909
1.13433
1.13633
1.3859
1.29106
0.553798
0.560334
1.02712
0.666712
0.771221
0.851562
0.947486
0.586716
1.05342
1.49768
0.989881
0.921604
1.05087
0.919622
0.789438
0.740369
0.689808
0.789774
1.03281
0.77441
1.18477
0.645745
1.38298
0.644242
0.862021
1.20342
1.18072
1.03407
1.06472
1.27327
1.06044
0.809381
0.624869
1.52037
0.851671
1.01469
0.915648
0.80967
1.26056
1.1752
1.20674
0.736772
1.12825
0.784862
0.768638
1.46334
1.37904
1.04373
1.18319
0.527029
0.329111
0.790488
1.00033
1.00941
1.42455
0.767753
0.921139
0.376494
0.725005
0.799071
1.43193
1.19112
0.743031
0.842107
0.666654
0.899596
1.08932
0.96247
1.81048
0.75336
0.926433
0.798106
0.75384
1.08422
0.955569
1.19677
0.612628
1.49463
0.730437
1.15813
1.03031
0.891249
0.765595
1.46608
0.977375
0.822716
0.755913
0.706509
1.37068
0.482521
0.592667
0.752734
1.39323
0.948558
0.689324
1.54988
0.953026
0.637914
0.554942
0.70868
1.06633
1.06317
1.35744
1.05601
0.817067
0.91715
0.580777
0.37404
1.05019
0.847986
0.516796
1.13349
1.28645
0.653291
0.662993
1.4092
1.40442
0.497068
1.24602
1.0504
0.810603
1.24674
0.615405
0.806958
1.47933
1.28554
0.33647
0.794743
1.15033
0.913445
1.40006
1.35129
1.63265
0.830598
1.1649
1.11282
1.42528
0.790271
0.481326
1.00647
0.676883
0.577614
2.04272
0.976911
1.41072
1.2761
1.28371
0.634503
1.33686
0.948334
1.19672
0.941059
1.05776
1.02144
0.988838
1.09035
1.25605
1.03082
0.937931
1.04242
1.39923
1.77092
1.12867
0.892129
0.590155
0.808059
1.1934
1.06669
1.02944
0.878692
0.744859
0.966123
0.629471
0.603767
1.28824
0.592157
0.847236
1.11852
1.15066
0.555289
1.24238
1.5109
0.54821
0.603118
1.23833
0.93624
1.01751
0.505182
0.974831
1.29527
0.704277
0.811511
1.12034
0.931834
1.0787
1.11354
0.759882
1.44835
0.959124
1.44785
1.11853
1.19389
0.484011
1.31882
1.47241
0.984566
0.912301
0.79098
1.42959
0.696502
1.48547
0.666233
0.971944
0.655232
0.884064
1.52073
1.00209
0.972226
1.42652
0.647224
0.93066
0.941232
1.48757
1.09344
1.26566
1.63137
1.24805
0.972506
1.06722
0.823302
0.620927
0.828282
0.787492
0.757842
0.579794
1.01565
1.36724
0.839209
1.26682
0.795499
1.38324
1.37296
0.846467
0.59147
0.496551
1.7837
1.25243
1.14314
1.65586
1.48837
0.8326
0.760066
0.75547
1.62603
1.44105
1.06936
1.41179
0.810641
1.53644
0.75981
0.632003
1.24353
1.47355
0.623604
0.753845
0.563613
1.20986
0.728417
1.09405
0.842724
1.41993
0.804597
0.967349
1.04566
1.04188
0.941403
0.828509
0.890295
1.11919
1.24304
1.13829
1.01436
0.681822
0.874109
0.786499
1.33224
0.825454
0.702132
0.688103
0.570658
1.13072
0.983512
1.68203
1.0674
1.02415
0.848676
0.315086
0.732478
1.05551
1.05502
0.95271
1.09115
0.901327
0.696163
1.06764
1.20445
0.812436
0.730465
1.47501
0.742413
1.00337
1.23394
1.64991
1.00914
0.724722
1.1263
1.67956
0.499909
1.06093
1.57372
1.41015
1.13684
1.38683
1.18705
0.940938
0.966294
1.18881
0.495344
1.44924
1.08797
1.16661
1.19701
0.867056
1.6705
0.83195
0.461304
0.960519
0.817256
0.611135
1.03494
1.2482
0.713815
1.41005
0.98864
0.504019
0.983938
0.573258
1.62475
1.11582
1.68074
1.05852
1.00806
0.909592
0.843439
1.49357
0.797265
0.577128
0.880947
1.56646
1.63699
1.24209
1.16449
0.998393
1.13255
0.967435
0.822306
1.55846
0.392544
0.806745
0.950207
1.08322
2.0271
1.4209
1.52486
0.937967
1.01407
0.765703
1.50487
1.271
1.02757
0.928386
1.0319
0.409782
1.33573
1.07481
1.14442
1.35121
1.00707
1.00816
1.19701
0.981103
1.32589
1.66275
0.864888
1.33544
1.24085
1.12065
1.13199
0.871275
1.04415
0.697016
0.79503
1.33689
1.06389
1.47974
0.747494
0.989383
1.13738
0.672246
0.43086
1.22434
0.8986
0.740402
0.717801
1.42027
1.12215
1.13481
0.637537
0.905109
0.826497
0.665203
1.62622
1.1012
0.936017
0.896004
1.457
1.12938
1.45927
0.602115
0.622833
0.926512
1.03312
1.16105
0.642117
0.966291
0.628774
1.29091
0.882206
0.613318
0.667813
1.05104
1.04122
0.780954
1.70744
1.55816
0.883353
0.84966
1.02678
0.841209
1.22588
0.880819
0.874641
0.932945
0.766453
0.456471
0.473601
0.749449
0.75602
0.576071
1.09125
0.627387
0.941351
1.47693
1.27074
0.48389
0.702491
0.978214
0.839445
0.699034
1.14791
1.24913
1.26096
0.824245
0.758554
0.856718
1.12577
0.791245
0.866257
1.09711
1.66359
1.09831
0.914988
0.567915
1.05756
0.845908
0.75945
1.08648
0.81593
1.22877
1.29221
1.57136
0.718369
1.19845
0.909576
1.02752
1.5349
1.06519
0.989656
1.70821
0.760631
1.24234
0.693864
1.01538
1.23498
0.521589
1.08177
0.608472
1.29306
1.20049
1.29618
1.34168
1.16643
1.69801
1.20581
0.88093
0.687648
0.829869
0.928109
1.40694
0.53966
1.09596
0.987567
0.807516
1.6057
1.24315
0.745968
0.4837
1.26145
0.919279
0.529797
0.957096
1.08942
0.874931
1.50084
1.03664
1.00345
0.655427
1.70969
0.937018
0.925558
1.04976
0.721401
1.12465
0.998844
0.494071
1.54016
0.933314
0.986338
1.04011
0.988589
0.671023
1.10999
1.90207
0.947446
0.48867
0.427045
0.465057
1.25333
1.41614
1.14286
0.614453
0.970352
0.998423
1.236
0.738665
1.21284
1.25337
0.78406
0.75381
1.34001
1.83301
1.158
1.35933
1.25406
1.04651
0.92203
1.27516
1.47712
1.24683
1.05163
0.810538
1.16863
0.750416
0.787638
1.04103
0.78096
0.91921
1.2073
1.13849
1.12098
1.3808
0.892402
1.32601
0.636562
1.03769
1.36954
0.627485
1.24077
1.49654
1.30562
1.82832
1.34638
1.09693
0.804528
0.634637
1.5258
0.544233
0.856748
0.510267
1.50097
0.827938
0.667775
1.66815
1.06804
1.05485
1.06392
0.837217
1.1943
0.773583
0.917433
1.22903
1.05735
0.938602
0.53249
1.29839
1.37816
0.825301
0.963833
1.00138
0.909797
1.15471
0.800941
1.04716
0.520432
1.6043
1.04725
0.708713
1.3994
1.39752
0.659531
1.00431
1.09131
1.34454
1.12146
1.00869
1.59958
0.895955
0.571171
1.00369
1.42671
1.12607
1.08601
1.29307
1.19038
0.4402
1.02785
1.10646
0.960361
1.82131
1.12433
0.932989
0.997635
0.926534
1.01964
1.11384
1.70404
0.787478
0.75157
1.35204
0.744883
1.71875
0.86052
0.754187
0.941225
1.36166
0.950787
0.465619
0.726756
0.613665
1.25379
1.11757
0.64113
0.575643
1.04513
1.24164
1.48949
1.28374
0.917383
1.09194
1.70063
1.21425
0.653785
0.568667
0.935056
1.33702
0.52031
0.822659
0.7863
1.31197
1.41507
1.28823
1.42141
1.12667
1.34819
0.779473
1.28085
0.937112
0.888829
0.485906
0.785772
0.627509
1.15678
0.774059
1.21876
0.582548
0.625517
0.991959
0.72308
1.18485
0.876631
0.842399
1.18655
0.858641
0.81826
0.969017
0.978501
1.35082
1.19721
1.75712
1.01079
0.754052
0.782205
1.44195
0.727556
1.0075
1.23691
0.645546
0.902207
0.600829
0.672341
1.3752
0.966741
0.743388
1.07361
0.591151
0.914844
1.12382
0.702167
1.23336
1.07836
0.874613
0.855266
1.25965
0.656105
0.849691
0.838676
1.55095
0.638616
0.74997
0.519576
1.07267
0.670248
1.03967
0.880302
1.11572
0.989713
0.804099
1.13968
1.24889
1.29377
1.00335
0.845474
1.018
0.702067
0.542168
0.832599
0.915298
1.00537
1.18364
0.783389
1.02662
0.510792
0.746611
0.711215
1.04063
0.831812
0.856029
1.18911
0.761702
0.682672
0.684444
1.20897
0.748505
1.15135
1.15755
0.8432
0.254851
0.535017
0.616969
0.706814
1.61536
1.42953
0.684652
1.53839
1.97003
1.36076
1.38344
0.68215
0.829995
0.894936
0.677718
1.05507
0.820421
0.416177
0.609961
1.31796
0.7309
1.60857
1.02465
0.496421
1.45501
0.606405
1.09347
1.40161
1.61542
0.492837
0.87965
1.49335
1.43526
1.7812
1.00155
0.980801
0.61369
0.697289
0.95034
0.826077
1.20087
1.25361
1.11824
0.485288
1.59927
1.9148
0.910225
0.659647
0.867701
0.975723
0.667658
1.49398
1.11346
0.879545
0.950898
1.0981
1.02012
1.12309
0.478565
0.875005
0.739823
0.971727
0.817492
0.868885
0.908419
0.69687
0.521051
1.00559
0.846555
1.03529
0.545203
1.31647
0.83873
0.850341
0.998774
1.29432
0.627759
1.05401
1.37875
1.38074
0.777072
1.32954
0.8154
0.928422
1.18251
0.642774
0.979729
0.783863
0.996719
0.864642
1.14865
2.2663
1.07349
1.04783
0.869397
0.519131
0.518759
0.857895
0.868214
0.824546
1.03587
1.15425
2.02449
0.953352
1.59234
0.716478
1.11685
0.874063
1.65043
1.00075
1.02885
1.3769
0.69013
0.702447
0.880604
0.960809
1.24067
1.06216
0.73524
0.995311
0.745874
1.17191
0.769422
0.890831
1.24241
0.767455
1.15365
0.937015
1.5298
1.84238
0.655241
0.595418
0.923754
1.47909
1.26561
1.02937
1.77616
1.11517
0.638464
1.01517
1.02792
0.792316
0.525232
1.20174
1.04488
1.16541
0.873537
0.647809
1.00392
0.793683
0.975614
1.10336
1.01187
0.87881
1.18006
0.962429
0.837365
0.671655
0.895171
1.55625
1.00908
0.766085
0.963318
1.07347
1.22725
0.986159
1.1609
1.00121
1.00915
0.895637
0.629798
0.762141
1.44167
0.919771
0.791359
0.81536
0.693333
1.04933
0.706421
1.14088
0.954516
0.932459
1.24463
1.72371
1.2334
1.1113
0.531559
1.19316
1.21537
1.26874
1.47991
1.52718
0.821098
1.33277
0.77975
0.539696
1.12262
1.20135
1.51816
0.763728
0.964192
0.732493
1.00484
0.331664
1.27714
1.2077
0.401694
0.844758
1.05144
1.01046
1.08443
1.03005
1.10772
0.832468
0.760494
1.09432
0.833099
1.14373
0.728684
1.47791
1.30626
0.726038
1.06301
0.915918
1.84311
0.985984
1.70015
0.981192
0.899702
1.69348
0.649112
0.817793
1.14838
0.86606
1.40477
0.578924
0.925243
0.833573
0.948349
1.06739
0.667035
0.843478
0.623088
0.474308
0.563893
1.27677
1.04756
1.20803
1.31237
1.49282
1.23117
1.07399
0.548517
1.45286
1.16457
1.17092
1.295
1.37754
0.562687
0.43572
0.977821
0.683793
1.23804
1.06107
0.612717
0.630146
1.12979
1.13816
1.14337
1.3381
1.03043
0.570965
0.904164
0.766034
0.988845
0.722405
0.705824
0.981706
0.883302
1.01749
1.83477
1.56154
0.664901
1.3699
1.42778
0.839921
1.39219
1.1771
0.792816
1.55111
0.827758
1.32744
0.628455
1.18286
1.50922
0.967496
0.676853
0.985112
1.14876
0.764433
0.963471
1.06576
0.757748
1.35158
0.642693
0.701973
1.24235
1.19501
1.41001
1.82858
1.00511
1.33337
0.647572
0.932671
1.25023
1.72965
1.47102
0.653837
1.06435
1.34381
0.618488
0.78945
1.28896
0.900697
1.21261
1.27659
1.20842
1.20397
1.04646
0.984668
0.649406
0.965262
1.16681
1.45028
1.32105
1.01234
1.66101
0.794637
0.59267
0.630351
1.12982
1.63849
0.963621
0.847033
0.954506
0.915197
1.03268
0.865517
0.931139
1.25342
1.19776
1.19832
0.629246
1.08026
0.630095
0.933394
1.53463
1.63644
1.16821
1.38504
1.20834
0.813661
1.18185
0.999333
1.31994
0.672647
1.05878
1.40465
1.21617
0.870087
1.12066
0.520044
1.34562
1.7099
0.882194
0.67527
1.18882
0.731701
1.28761
0.607795
0.734371
0.681089
1.2811
0.767465
0.855272
0.917887
1.14831
0.942542
1.20403
1.4154
0.782262
1.50753
0.726817
0.739604
1.58156
0.816427
1.22088
1.27751
1.49775
0.487224
0.578274
1.1243
0.487542
1.38086
0.887793
1.49809
0.520609
0.651214
0.783838
1.34256
0.839274
1.21707
0.59489
0.879829
0.539306
0.906472
1.03088
0.928347
0.807191
0.981885
0.729241
1.35238
0.75865
1.14425
1.61911
1.13523
1.01098
1.2429
0.689911
0.660269
1.50397
1.00055
0.974722
0.960542
0.771872
1.26582
0.847277
0.582032
0.758906
0.812651
0.864862
1.62348
0.60646
1.24487
0.796968
0.588621
0.937382
0.752043
1.1441
0.760043
0.708683
0.721789
0.697269
0.702193
1.27263
0.68288
0.973809
0.804403
0.759547
0.59772
0.879529
0.901848
1.76117
1.57175
0.951549
1.21358
1.11437
1.28713
1.63275
1.29571
1.52899
0.727052
1.47538
0.959606
1.19932
1.04506
0.958396
0.978196
1.15082
1.16365
1.1446
1.35978
0.944221
1.33533
1.64546
1.07642
0.803259
0.666463
1.82775
0.792864
0.958825
0.412635
0.594518
1.35631
0.556029
1.05855
0.662817
0.462095
1.63608
0.60513
0.792779
0.541331
0.781265
0.744307
1.41718
0.819343
0.414339
1.09574
0.507973
0.560555
0.819453
1.20391
0.543582
0.95043
0.904055
0.642539
1.29661
0.544175
1.33322
1.1954
1.02926
0.893362
1.02902
0.856535
0.992191
0.705902
1.11011
1.12194
1.57237
0.972866
0.640172
1.00209
0.869412
0.822288
1.44659
0.611179
0.95243
0.629249
0.697087
1.15914
0.827337
1.31094
1.27248
0.867353
0.767287
0.79641
1.00828
1.2272
1.08863
1.49715
1.46791
1.12643
1.22701
1.27528
1.0442
1.19272
1.4771
1.30226
0.921313
1.42831
1.16485
0.776987
0.967748
0.814461
1.05646
0.803124
1.26126
1.06808
0.916649
0.666834
1.20657
0.994685
1.27545
0.649004
0.948174
1.29304
0.703655
0.818488
0.907966
0.544919
0.941629
0.713698
1.16
1.18938
1.0282
1.20107
0.6686
0.946495
0.816433
0.616305
0.760659
1.14928
0.754582
1.08646
0.873161
1.37113
0.929802
1.01883
0.648167
1.19028
1.47854
0.902251
0.548197
1.03638
1.21265
1.50423
1.0513
0.780055
1.69032
0.779247
1.5611
1.46945
1.39982
0.900306
1.71305
1.20214
0.878872
1.98204
0.776108
1.4212
0.750058
0.397674
1.24136
1.1883
0.767834
0.907289
1.03648
0.824992
1.0386
1.29386
0.788505
0.712813
1.41761
1.00488
0.862948
1.14434
1.58087
0.793451
0.743313
1.34723
0.725492
0.665503
1.11852
0.996765
0.934845
0.713125
0.698422
0.923317
0.908808
1.34544
1.90899
1.33195
0.873794
0.984483
0.867989
1.27851
1.06106
0.877627
1.44209
0.679241
0.933092
0.627407
0.955542
0.865186
1.00475
0.793578
0.560373
1.15734
0.794629
0.852089
1.00848
0.64084
1.38173
0.762494
2.06538
1.11976
1.30828
0.82283
0.741249
0.911221
0.795858
1.00213
0.885081
0.914007
1.31912
1.72673
1.22893
1.36218
0.946599
0.532536
1.1649
0.942221
0.777565
0.557456
0.820268
1.06598
1.15777
0.687654
0.59726
0.622021
1.2274
0.446086
0.942531
0.741343
0.554577
0.874552
1.05872
0.605689
1.20797
1.27559
1.20531
1.22289
1.37192
0.819906
0.613225
0.63091
1.26698
0.993043
0.445667
1.13112
1.62361
2.02377
1.03907
0.871939
1.01424
0.857313
0.784428
1.46679
0.800528
0.741725
0.457846
1.36482
1.03435
1.66479
1.34575
0.488365
0.941148
0.869202
0.766767
1.39824
1.28611
1.1524
1.0416
1.0281
1.10614
1.356
1.4612
1.31201
0.954793
1.16415
0.605601
1.05085
0.860018
1.32391
0.639556
0.721903
1.11498
0.765124
0.886408
1.31129
1.64756
1.44855
1.4845
0.50066
0.962312
1.10908
0.855165
0.838127
1.56841
0.988797
0.870995
0.907277
0.660716
0.309172
0.486922
0.634167
0.803991
0.565923
1.05592
0.772826
1.55775
1.21921
0.867144
1.18105
0.718921
0.662063
1.27498
1.20721
1.05269
1.30103
1.51153
1.10269
1.22334
0.690776
1.63977
1.09052
1.19169
1.22783
1.89461
0.72286
1.2171
1.15419
1.12866
0.862292
0.948814
1.04367
0.608268
1.34577
0.615227
0.913881
1.42268
1.00038
0.772853
0.855956
0.902335
1.23166
0.737548
1.62094
1.05186
1.00534
2.13501
1.10297
1.2029
0.932681
0.636845
0.981198
1.38519
0.859642
1.81866
0.702322
1.57538
1.32923
0.893586
1.0734
0.782738
1.1804
1.27136
0.912138
0.917059
1.18664
1.01268
1.19955
0.87383
1.35089
1.01492
0.558572
0.998345
1.5929
1.37546
1.36971
1.41336
1.28119
1.12326
1.02824
0.7131
1.19114
1.0998
0.793286
1.1997
1.1368
0.883013
1.12664
0.499252
0.665162
1.23558
1.04609
1.0577
0.743085
1.4754
1.86612
1.10912
0.644208
1.2818
0.901132
1.84492
0.649408
1.17581
0.718618
0.975415
0.819005
0.381155
1.28928
0.741534
0.658299
1.183
0.974429
0.996986
0.712449
0.849325
1.9744
1.22881
1.34349
1.20719
0.889618
1.40798
0.677531
0.890013
0.634029
1.22686
1.66246
0.885776
1.4129
1.14512
0.936987
1.00129
0.885355
0.665488
0.343798
0.61256
0.93116
1.38527
1.35502
1.04599
1.39356
1.18681
1.00207
1.32416
1.20677
0.57872
1.20466
0.604567
0.984626
0.626127
1.10219
0.9437
1.3192
1.38788
1.30773
1.07853
1.20563
1.2603
1.46257
1.20693
1.04373
0.774234
0.454606
1.37471
0.734936
0.695911
1.26213
0.722272
1.39028
1.09799
0.753516
1.57558
0.938894
0.629897
1.49639
1.06572
0.721503
0.93007
1.07642
0.424815
1.19762
1.25767
1.31422
0.990056
0.857618
1.3091
0.423067
1.25961
0.981849
0.896326
1.11976
1.39738
0.950242
0.60602
1.11617
0.93234
1.07948
0.736299
0.807893
1.16877
1.14677
0.917922
1.04621
1.19605
1.26194
0.85411
0.886137
0.918213
1.67344
0.524986
1.33682
1.15096
0.555659
1.2434
1.07845
0.758169
0.94529
0.706486
0.938015
1.05078
1.45316
0.906205
1.30695
1.00529
0.746802
0.861311
1.71008
0.85663
0.790303
1.38048
1.08697
1.17819
1.28385
1.03444
0.60954
0.502464
1.28428
1.41787
1.1442
0.922879
0.983908
0.890191
1.27696
0.701195
0.64439
1.46575
1.51672
1.63235
1.11417
0.971079
1.05528
1.30347
1.18494
0.926377
0.758424
1.0168
0.93656
0.637555
0.897346
0.642436
0.655325
0.962971
1.15029
0.461356
0.668654
0.877758
0.432025
0.926481
0.619554
0.93992
0.388567
1.36197
1.00272
0.385059
0.73251
0.988385
1.14799
1.19873
0.768874
1.13773
0.761041
0.910707
0.802877
0.413198
1.15651
1.01617
1.54148
1.05357
0.958678
1.55972
0.706097
1.12562
1.11546
0.887269
0.874019
1.10147
1.58364
0.616071
0.544216
1.39486
0.628621
0.629274
1.23196
0.876368
0.493627
1.35324
0.895009
1.20936
0.900663
1.11095
0.630205
0.739475
1.00934
0.967735
1.48041
1.3792
1.31407
0.752923
0.820787
0.900724
0.726571
1.49575
1.07347
0.633842
0.738813
0.956219
0.627811
1.25348
0.813476
0.899458
1.5637
0.989091
1.17875
0.559044
1.37096
0.881917
0.732525
1.25058
1.02101
1.10421
1.05129
1.33502
0.899411
0.7767
0.452843
0.937653
0.612907
1.16684
0.524309
1.24512
1.31456
1.04589
1.22143
0.88505
0.624939
0.973936
1.08688
0.429216
1.26752
0.872898
1.05375
1.00065
1.55344
0.927132
0.871655
0.562444
1.28457
0.921866
0.49236
0.488753
0.850702
1.11719
0.608282
0.993887
0.830193
0.910922
0.741946
0.930588
0.872085
0.524676
0.981188
0.855931
0.815271
0.923969
0.491087
1.71478
1.54366
0.764397
1.08243
0.771922
1.32303
0.806443
0.671148
0.975761
1.36797
0.937274
0.529486
0.935901
0.879539
0.720735
0.626577
1.20375
0.995482
1.26847
0.749694
0.903878
0.845527
0.750801
0.698142
1.26885
1.03611
0.503408
1.08844
1.18911
1.61561
0.979937
1.34648
1.26018
1.89779
0.789959
1.11328
1.07978
1.16292
1.17575
1.06319
1.18212
0.826336
0.76061
0.79867
0.877173
1.18664
0.710646
1.0635
0.641187
1.02254
1.22567
1.16442
0.989558
0.619842
0.971722
1.25621
0.593461
0.874755
0.418426
0.633087
1.42879
0.937236
1.39058
1.99779
1.05318
0.428182
0.788989
1.51816
1.30516
0.963343
0.597146
0.926698
1.05688
0.589058
1.21755
0.782206
1.04744
1.20876
1.27716
0.906804
1.03954
0.88688
0.960143
0.845392
0.9105
0.941601
1.19145
1.04388
1.48539
1.16477
0.678876
0.674144
1.33145
1.01283
0.954271
1.11496
0.925687
0.723892
0.862208
1.40524
0.846507
1.32288
1.2468
0.511942
1.10259
0.839455
0.513497
0.76456
0.648258
1.43158
1.1672
0.394932
0.652268
1.29454
1.01573
1.12347
0.407893
1.31885
1.08794
0.902008
1.23849
1.02297
1.08173
1.53795
1.08022
0.974091
1.17881
0.690134
1.15806
1.44276
0.718974
0.984757
0.945099
0.780984
0.708941
0.991898
0.814617
0.68508
0.993488
0.70995
0.485413
0.936158
1.10235
1.07438
0.566695
1.10423
0.935543
1.11336
2.66303
0.861216
0.480434
0.758349
1.01548
0.922598
1.20823
1.25115
0.338887
0.826217
1.14988
1.05961
0.476508
0.630302
0.903494
0.972817
0.365512
1.54757
1.37098
0.981522
1.00394
0.948803
0.839167
1.2912
1.09444
0.610493
0.968168
0.901232
1.06826
0.671284
0.784253
1.19649
0.678982
1.24279
1.13744
1.40944
1.05989
0.618312
1.28302
0.624269
0.924635
0.654856
1.06865
0.703671
0.725282
0.955862
1.54025
1.17307
1.34286
1.10925
0.926912
1.02009
0.896338
0.804918
0.657419
0.915161
0.842672
1.1618
0.757372
0.839724
0.5874
1.08123
1.17669
0.842622
0.76616
1.17934
0.724986
0.551093
0.531408
0.763424
0.614054
0.984435
1.64669
0.671358
0.951786
1.03789
0.632129
0.226029
0.565337
1.25064
0.660348
0.478813
1.33265
0.499417
0.383817
1.10322
0.618226
1.27229
1.33576
1.40182
0.808302
1.57426
0.802869
0.891182
0.98174
0.855482
0.804513
1.04822
1.51036
0.594404
0.771593
0.979622
1.16044
0.5722
0.929902
1.11495
1.12087
1.0356
1.06191
0.916909
0.867448
0.669755
0.672181
0.843169
1.84019
0.777504
0.844268
1.18644
0.966645
0.792047
1.23972
0.441044
0.899699
1.15952
1.27707
1.02642
0.91117
0.96051
0.94154
1.02019
0.554879
0.817205
0.43276
0.980605
1.04864
1.31879
0.837731
0.908291
1.20835
1.12391
0.421851
0.66828
0.625641
0.528389
0.958462
1.19312
1.15151
1.63587
1.07557
1.14055
0.875137
0.74237
0.88501
1.31676
0.691602
1.38289
0.929274
0.631077
1.13554
0.677021
1.01815
1.92821
0.945803
1.17906
0.804621
1.25636
0.714805
0.647613
0.773956
0.998272
1.41501
1.24383
0.539187
1.06998
0.621204
0.879958
0.686436
1.12881
0.918899
0.187081
1.27271
0.966228
1.74915
1.06839
2.03535
0.424624
0.892748
0.959191
1.21488
1.31238
1.45167
0.495053
1.24263
0.649597
1.18243
0.478748
1.08681
1.28485
1.17578
1.06276
1.25401
0.998954
1.10577
1.11094
1.2732
1.7194
0.89268
1.08317
1.46686
1.00802
0.35193
0.825124
1.61172
1.06912
0.841999
0.674542
0.916482
1.24552
1.14518
1.27202
0.921645
1.15272
0.67884
0.835219
1.35147
0.903421
1.15501
0.834101
0.847853
0.912664
1.10862
0.563844
0.854487
1.08173
1.05862
0.504979
2.14778
0.626579
1.10794
0.852967
0.877197
1.15518
1.84696
0.984059
1.37786
1.05658
1.17951
0.813551
1.02849
1.45555
0.645921
0.861892
1.36295
0.68729
1.39171
1.45317
0.872541
1.1385
1.19744
1.01223
1.16456
1.68746
1.25002
0.804798
1.23366
1.25657
1.26805
0.94392
0.851064
0.825157
0.550524
0.504389
1.5029
0.619723
1.00254
0.972263
0.874021
0.964347
0.705694
1.45499
1.37504
0.968594
0.534581
1.04769
1.07472
0.829807
0.807327
1.00389
0.938456
0.950058
0.952784
0.604498
0.803464
0.94019
0.661156
0.874619
0.622165
0.906998
1.31555
0.737052
1.00092
0.387372
1.27966
0.751133
0.785263
1.0607
0.672604
0.955075
1.15101
0.576932
1.2997
1.20631
1.67131
0.53102
1.52863
1.0362
1.52524
0.792865
1.43638
1.10515
1.38634
0.834131
1.44274
0.873477
0.757163
0.927101
1.53851
1.31707
1.66033
0.780236
0.474183
0.790715
0.584828
1.60013
0.932727
1.39856
0.843096
0.89715
1.01365
0.482543
0.639899
1.14551
1.30123
0.930065
1.09163
0.808069
0.923409
0.823343
1.01493
1.5904
1.15393
0.651511
0.930095
1.18925
0.988616
0.90061
0.941386
0.633754
1.46471
0.873597
1.49089
0.96912
1.32498
1.92874
0.769254
1.19667
1.0014
0.786267
0.968536
0.978145
1.37944
0.637133
0.851783
0.644445
0.684544
0.840368
0.850547
0.891106
0.726939
1.29276
1.7928
1.3116
0.731989
1.67684
1.02715
0.596318
0.958768
1.20237
0.433783
0.516722
0.495927
0.990947
0.718583
1.41167
0.837293
0.759666
1.52673
0.45181
0.586701
1.67573
0.857439
1.15945
1.2297
1.01583
0.737944
1.60653
0.660128
0.560131
0.973749
0.761089
1.06165
1.15333
1.31457
1.12765
1.483
0.775241
1.03028
1.43436
0.689482
0.449364
1.20049
1.3867
1.49064
0.806052
0.694764
0.871931
0.97336
1.27322
1.19279
1.48766
1.01813
0.685349
0.980517
0.8665
0.570671
0.736488
1.88069
0.809401
0.608363
1.25698
1.72988
0.991308
1.3238
0.529545
1.21201
0.88821
0.802131
0.983269
1.04385
1.18898
1.51957
1.13958
0.840241
0.815636
0.766038
0.94369
1.35365
1.3052
0.779674
0.726262
0.955847
0.924923
0.856799
0.994781
1.72788
1.96531
1.09768
1.00293
1.42202
1.05044
0.537083
1.2418
1.84136
1.27204
0.876873
0.754002
0.575756
0.681893
0.959645
0.957994
1.19212
0.364995
1.13578
0.744325
1.1031
0.67326
1.46065
1.07372
1.17019
0.900275
1.17301
1.16755
0.739125
0.943597
0.990813
1.09782
0.62785
0.691671
0.564211
0.551998
1.03722
0.870817
0.506336
1.3291
1.22208
0.906184
1.11841
0.765223
0.474149
0.90985
1.79801
1.44012
1.2607
1.55109
0.830628
0.75662
1.58991
0.815425
0.647511
1.50557
0.836207
1.18689
1.01378
0.60318
0.995626
1.12226
0.817951
1.1407
1.04588
1.00838
0.825343
1.22247
0.864788
1.39782
0.561588
0.66079
2.01807
0.75852
0.965857
1.26126
1.17095
0.771463
0.866447
0.471662
1.06747
0.65901
0.658889
1.61128
1.55688
1.0794
1.21391
1.24222
0.703325
1.06706
0.536075
1.17353
0.93934
0.699453
1.50266
0.752227
0.945484
1.0363
1.43554
0.644463
1.0629
0.99065
0.807269
0.94326
0.767188
1.73181
0.723778
1.03886
1.01351
1.01398
0.67719
0.631007
0.829763
1.27198
0.6247
1.0708
0.655443
0.651446
1.40111
1.29613
1.42013
1.26107
1.15062
0.898342
0.664283
0.872068
0.556849
1.12763
1.09945
0.768982
0.727323
0.642895
1.25856
1.25495
1.58665
0.619242
1.35343
0.857487
0.443352
1.0972
0.966554
1.22839
1.33742
1.47702
1.26164
0.991572
0.607786
0.773312
0.979794
0.912912
0.730433
0.744833
0.937578
0.987715
1.04065
1.03508
1.06162
1.79485
0.869567
0.556507
1.00859
0.500699
1.00164
1.28304
0.939684
0.562672
0.654556
1.40716
0.780048
1.87001
1.0943
1.08135
1.22207
0.609812
0.832645
0.476544
0.652289
0.671266
0.727673
1.5784
0.55808
1.10856
1.39053
1.24688
1.25691
0.797725
0.871038
0.685077
0.593273
0.671987
0.853807
1.01722
1.66143
1.27636
1.41675
0.735007
0.511399
1.47876
0.594357
1.22963
0.864163
0.808689
1.22492
0.898661
0.845078
1.13175
0.940637
1.3919
0.9902
1.15072
0.811055
0.954398
1.30177
0.96213
0.887069
0.989073
1.80092
0.609238
1.58413
0.827707
1.00896
0.865963
0.638253
0.450955
0.428717
0.8541
0.700247
0.941354
0.71234
1.16118
1.03059
0.984537
1.26851
0.861063
1.40752
1.17234
1.10265
1.49111
0.83377
1.20278
0.971323
0.926173
0.675716
0.862733
0.97692
1.25117
0.835917
0.692082
1.37647
1.49979
0.690962
0.822498
1.08951
1.0716
0.588236
0.511236
0.640917
1.23308
1.22176
0.873952
1.23627
1.42958
0.649936
0.902968
0.99571
0.830464
0.892051
1.1097
0.948841
1.25752
0.578916
1.16542
0.518842
0.882174
1.0505
0.511398
0.735736
1.00219
1.17389
1.29
0.964352
2.04788
1.00684
1.6066
0.940948
0.598666
0.675339
0.723876
0.930376
1.07115
1.35987
0.785033
1.43734
1.22688
0.698678
1.11339
1.17421
0.500785
1.92194
0.849858
1.20791
1.22404
0.990579
1.22713
0.909217
1.37748
0.619193
2.38469
0.769681
1.03654
0.937611
1.08143
1.04444
1.30165
0.532532
1.1615
0.785438
0.423531
0.827732
1.31944
0.912204
0.768062
0.722654
1.11182
1.42249
1.41817
0.634812
0.380424
1.3447
0.593511
0.877509
1.07483
1.64411
1.28938
0.834854
0.854953
0.625048
0.941565
1.18288
0.83855
1.01616
1.42334
1.22474
1.33866
0.645152
1.28861
0.788368
0.68648
0.66552
1.01879
1.59393
0.774118
0.885787
0.804712
1.31061
0.701623
1.2475
0.666882
1.33294
0.618696
0.815551
0.796741
1.03446
0.778927
0.621566
1.12337
1.40763
1.33169
0.670886
1.00628
0.583905
0.476899
2.33427
0.579134
0.877286
1.16602
1.41887
0.590653
0.497379
1.51341
1.39656
0.774168
0.964933
0.763366
1.12349
1.19303
1.36343
0.98961
0.935896
0.849353
0.782808
1.27313
1.15243
1.62335
0.954385
0.695784
0.915137
0.681738
0.612712
1.00603
0.508598
1.36203
1.1239
1.1348
1.14429
1.31132
0.84977
0.834543
0.644005
1.82679
0.833128
1.10915
0.923205
1.41501
0.684456
0.88342
0.738929
0.801757
0.815485
0.544279
0.816299
0.392428
0.610475
0.772654
0.448101
1.44589
0.846086
0.52355
1.16957
0.741229
0.711933
0.954259
1.40261
1.15268
0.781438
0.660526
0.819673
0.656842
0.7096
0.707792
2.04108
1.07799
1.55002
0.957945
0.630845
0.869087
1.16223
1.05079
1.21019
1.14355
1.25458
1.20304
1.07944
1.41186
1.45045
0.759815
1.42589
1.09914
1.16958
1.17919
1.04845
1.00508
1.04145
1.12112
0.868674
1.14231
1.11843
0.56969
0.952656
0.929339
1.01494
0.689951
0.883517
0.421284
0.680982
1.23865
1.10721
0.801135
0.41576
0.994512
0.753608
0.798979
0.417821
0.928827
2.02911
0.437669
1.67595
1.08441
1.70438
1.11351
1.00598
0.959639
0.852071
0.83019
0.878752
0.88615
1.15884
1.09518
1.28434
0.892508
0.826948
0.696834
1.09188
1.33659
0.766333
1.54567
1.45686
0.86654
1.24292
0.703196
0.803778
0.643009
0.784836
0.931041
0.764044
0.924602
1.31906
1.33621
0.614183
1.1815
1.35687
0.620868
1.26557
1.08518
0.823524
1.02262
0.674985
0.677771
0.92617
1.07943
0.718051
1.15154
0.818794
0.780078
0.66474
0.728787
0.819217
0.737313
1.21929
0.839966
0.779932
1.25665
1.20733
0.527602
0.630487
0.535653
0.729594
1.48605
0.906869
0.627691
0.576718
1.10074
0.581988
0.784927
0.963108
1.62579
0.972927
0.87349
1.243
0.88287
1.089
0.757694
0.850492
1.2211
0.886405
1.0381
1.31066
1.41517
0.928514
1.07039
1.59516
1.18432
0.672589
0.730043
0.661849
1.29292
0.969683
0.903595
0.722792
1.51456
0.822916
0.758022
0.493437
0.92706
0.745613
0.477691
1.17905
0.917513
0.647245
0.467266
1.67677
0.916791
0.9022
0.713061
1.06743
0.708391
1.10623
0.703593
1.47075
1.40602
1.19203
0.860286
0.772505
0.975666
1.75226
1.16794
0.980328
0.575236
0.859639
2.00833
1.10966
1.10434
1.96069
0.878987
0.579314
0.346487
1.7614
0.984581
1.11814
1.06352
0.993642
1.359
1.16756
0.807144
0.502882
0.829488
0.821268
0.592183
1.64183
0.852891
1.09268
0.635295
0.940762
1.74419
1.2933
1.85286
0.943196
1.5487
0.449151
0.843395
1.02488
1.22443
1.43513
0.98261
0.639028
1.47055
1.14392
1.2221
0.864144
1.0439
0.809077
1.09505
1.06912
0.739303
1.61444
1.11513
1.10755
1.47143
1.44679
1.07268
0.845321
1.67143
0.864256
1.00612
0.806002
0.577823
1.26396
0.63856
0.65546
1.06931
1.19837
1.32365
1.57952
0.548526
1.09473
0.759913
1.65225
1.15244
0.649199
1.46043
0.917313
0.870346
0.714431
0.79743
1.08972
0.949486
1.66114
0.745573
0.972088
0.69221
1.24953
0.536656
0.753177
1.56912
0.58994
1.21366
1.29661
1.36042
1.30005
1.18343
1.23885
0.958405
1.07606
1.18889
1.46309
1.12191
0.727616
0.287507
0.600642
0.740499
1.19572
1.0992
1.37237
1.32899
0.816729
1.53529
0.847018
0.991821
2.11385
0.79052
1.22174
0.597041
1.39964
0.733857
1.18283
1.80535
1.61126
0.490837
0.959123
0.903467
0.72266
0.978931
1.08463
0.535582
0.64524
1.17977
0.632336
0.785492
1.09448
0.895949
0.929859
1.41801
0.626943
0.606585
1.24582
1.07588
1.42252
0.877254
0.942852
1.97694
1.249
1.11304
1.17564
0.960035
1.19128
1.326
1.23663
1.51644
1.75572
1.19017
0.906795
1.41825
1.17376
1.22733
0.499228
1.39175
0.872889
1.37926
1.08927
1.15505
0.951329
1.16009
0.945484
1.674
1.3615
0.707587
0.836025
1.10585
1.29421
0.858844
0.657486
1.14769
0.89929
0.790498
0.731339
0.483127
0.596977
0.568997
1.2719
0.909732
0.896569
0.375834
0.915231
1.24848
1.0581
0.924065
1.48445
1.34865
1.09671
0.788562
0.634628
1.05384
1.52527
1.05823
0.514174
1.45646
0.675249
1.12942
0.855901
1.68242
1.46064
1.04999
0.708327
1.1816
1.0678
1.20528
0.441745
0.967901
2.02073
1.37304
1.08309
1.54409
0.589112
1.13592
0.537803
0.992768
2.43663
1.245
1.18736
0.435298
1.96747
0.781745
0.461076
0.753273
1.02412
0.778199
0.902219
0.666129
0.959918
0.991449
0.66008
0.739474
1.06402
1.13319
0.626697
1.01431
0.837733
0.561134
1.34152
1.64234
1.63762
0.592727
0.719866
0.550328
1.01233
0.990247
0.824942
0.843591
1.82022
0.640952
1.04068
1.07731
0.514702
1.12454
0.96795
1.24735
0.719607
0.88855
1.01549
1.27613
0.399645
0.612152
0.884512
1.46083
1.33722
0.828954
0.721443
0.755234
0.782095
0.396887
1.21817
0.504072
0.851365
1.00339
1.45298
1.2365
1.1745
1.04707
1.25706
1.65292
1.11371
0.589115
0.862185
1.33613
0.960927
0.896823
1.44619
0.814753
0.808693
1.10971
1.39364
0.706382
1.15373
1.404
1.21732
1.40135
1.3544
1.62581
0.503033
1.74398
1.32598
1.03993
0.828784
0.498184
0.696
0.998238
1.56653
0.840843
0.709066
0.700063
0.653912
0.925174
1.87776
0.591369
0.675419
0.546236
0.876695
0.63849
1.05057
0.837714
0.950137
0.995665
0.902614
0.866983
0.572449
1.21764
0.681203
0.9027
0.683072
0.802553
1.00957
0.837514
0.997459
1.26664
0.725863
0.825668
0.507997
0.778824
0.9708
1.39204
1.82442
0.512473
0.736814
0.715237
0.720471
1.59276
0.729958
0.817092
0.822893
1.65882
0.68014
0.997875
0.692999
1.81278
0.702524
0.924151
0.958306
1.25855
1.11739
1.03695
1.50258
0.612046
0.898781
1.16896
1.27248
1.04738
1.25712
1.40333
0.906002
1.34422
0.79107
0.556876
1.04107
1.09379
0.524156
0.822102
1.4147
0.857614
0.8294
0.605291
0.676983
0.691245
1.06078
0.912147
0.743105
0.92943
0.76102
1.28019
1.26488
1.49003
1.08849
0.538633
0.509513
1.28462
1.30415
1.13179
0.880826
0.588277
0.648511
2.02513
0.929512
1.04883
0.730284
1.2556
0.547193
0.74013
1.06235
0.78106
0.954622
0.90808
0.75673
1.19787
1.60792
1.2111
0.801445
0.719905
1.3443
0.819337
0.671119
1.04437
1.22918
0.876098
0.983483
1.01894
0.800341
1.4466
1.26843
1.15608
0.479115
1.28456
1.10252
1.17496
1.04494
1.01575
1.19627
2.00048
1.02031
1.13874
0.795042
0.636194
0.972599
0.766815
1.33141
1.02748
0.678943
0.395542
0.685459
1.37074
0.852822
1.32289
0.915905
0.903324
1.5947
0.48728
1.07747
0.909708
1.22858
1.01101
1.2157
1.08292
1.07661
0.581818
1.28896
1.60507
1.09417
1.59503
0.650574
0.742552
1.27875
0.724043
0.441825
0.661833
1.10657
0.490489
1.3184
0.615333
0.97745
0.786576
1.9499
1.7677
0.429662
0.843575
0.816781
0.992186
0.783214
1.32018
1.20598
0.459202
0.921937
0.864243
0.866861
0.795475
1.84218
0.807546
1.55988
1.10126
0.772914
0.90091
0.546011
0.798916
0.873755
1.18126
0.994547
0.771794
1.50996
0.979798
0.690631
0.971798
0.564106
0.750595
0.469865
1.21979
0.773427
0.657568
1.251
1.23327
0.55802
0.738662
0.492681
1.25198
0.884763
0.844356
1.89784
1.04169
1.4642
0.613698
1.46248
0.749973
0.749802
1.36613
1.21839
0.9921
0.711099
0.539176
0.827618
1.20621
1.12958
0.973331
0.730721
1.34052
0.568834
0.996717
1.37946
1.12085
0.915893
1.3218
0.651126
1.45154
1.51489
1.28018
0.980096
1.21378
1.45969
0.69915
1.10487
1.36123
1.37855
0.800157
1.02624
1.11069
1.3833
1.33082
0.860052
0.926757
0.927468
0.718904
2.01698
0.828589
1.09052
1.75062
0.833032
0.845478
1.19441
0.786848
0.848544
0.701557
0.573979
0.951038
0.920135
1.11274
1.05931
0.905966
0.747977
1.08074
0.466324
1.34899
1.08799
0.994462
0.439776
1.47352
1.59163
0.660336
0.738883
1.3363
1.51029
0.721399
0.58839
1.09424
0.836961
1.28878
0.925617
1.042
1.54805
0.625854
1.33461
1.52172
0.636809
1.58248
0.666478
0.786812
1.06708
1.24448
1.01656
1.13071
1.47936
0.977901
0.933738
0.600803
0.545377
1.71595
0.91782
1.19858
0.992505
0.99779
0.805515
0.420793
1.06981
1.41305
0.812344
1.37598
0.604712
0.764616
1.22565
1.07224
0.894287
0.79183
1.19355
0.700729
1.19666
0.953264
1.18636
1.01256
0.785809
0.776935
1.67397
0.693294
0.772366
1.39927
1.31306
0.423497
1.25159
1.5595
1.02527
0.845634
0.998753
0.984959
0.864459
0.574405
1.22188
0.799854
1.04992
0.887542
1.31449
1.30494
0.8882
1.32388
0.662217
1.3022
1.19029
1.14335
0.976713
1.07979
0.753619
1.38602
1.14406
0.953679
1.34956
1.55691
0.714945
0.628531
1.02695
0.755798
1.11914
1.19066
0.733176
0.945487
1.38615
1.49391
1.08575
0.777217
1.21817
0.76009
0.824198
1.40627
0.825541
1.22151
0.675949
0.647326
1.06587
0.942255
1.0906
1.1831
1.12733
1.46636
1.14744
1.14357
0.49132
0.808868
0.935184
0.727267
0.965567
1.60431
0.69428
0.78063
0.681506
1.14699
1.18877
0.75488
1.12944
0.882461
1.54451
0.886651
0.563329
0.886393
0.886741
1.38496
0.981726
0.760479
0.80121
0.881166
0.696804
1.2967
1.43806
0.915579
1.21714
1.395
1.10504
0.593472
0.518581
1.2589
0.617522
0.870145
0.422071
0.850321
1.09931
1.01558
1.719
0.708358
0.776827
1.58448
0.933472
1.39736
0.993387
0.877677
0.557894
1.21114
0.597582
0.334203
1.39015
0.727416
1.08954
0.501148
0.938365
0.857003
1.79322
0.896734
1.26419
1.33031
0.928234
0.438369
1.2382
0.838032
1.37004
0.696909
0.970632
0.627543
1.00836
2.00442
0.906783
0.824496
1.73253
0.752174
1.01996
0.818827
1.41016
0.695877
0.836228
0.893942
0.743083
0.884009
0.695264
1.29797
1.42625
0.58817
1.29593
0.919436
1.66212
1.53983
0.388779
0.594439
1.1893
0.87447
0.823247
1.05392
1.236
0.668478
1.05165
1.38584
0.68531
1.43198
1.02097
1.47011
0.983974
0.874332
1.24675
0.847931
0.701287
0.88648
0.924561
0.898646
0.368888
1.02599
1.09711
1.00138
1.16242
0.740727
0.823831
1.01655
0.615987
1.08467
1.69836
1.57996
1.16587
0.827514
1.70586
0.952587
1.05342
1.00259
0.543983
0.616046
1.62422
1.23414
1.03591
1.23921
1.47255
0.42925
1.16018
0.780076
1.28538
0.897124
1.14778
0.84495
1.17735
0.885474
1.00654
1.36185
0.725684
1.22186
1.21841
1.15531
1.38823
1.07746
1.21534
0.827492
1.1101
0.734051
1.34012
0.863754
1.01657
1.21655
0.958225
0.613356
0.918036
0.819338
0.82255
0.958509
1.11037
0.652837
1.02453
0.876734
1.46795
0.650286
0.68922
0.916412
1.43877
0.548503
0.802571
0.674362
1.19141
1.41472
0.609306
1.37642
1.05783
1.01007
1.28199
0.511797
1.4872
0.749557
0.5058
0.31569
0.627523
0.703136
0.629169
0.875516
0.681046
0.81282
0.988527
1.28313
1.42038
1.0514
1.11071
0.681956
0.965239
1.0987
1.07055
0.782032
1.1444
0.792329
0.979735
1.6435
0.987197
0.945662
1.03503
1.34248
1.03185
0.712499
0.661623
0.858762
0.787466
0.592722
0.567117
0.996101
1.1362
0.446702
1.01011
0.732976
0.808636
1.14388
0.621558
1.22722
1.55183
0.705226
1.13101
1.08902
0.479029
1.20013
0.66496
1.14453
0.830751
0.837786
0.581645
0.458536
1.28878
0.529151
1.22956
1.17794
1.24644
1.50132
0.447205
0.804151
1.01954
1.1287
1.06362
0.5452
1.34946
1.36052
1.04875
0.967995
0.567035
0.73005
0.726996
0.808795
0.74311
1.34665
1.11522
1.90566
1.01185
1.45223
1.02592
0.825344
0.880539
1.27639
0.998307
1.70125
1.11352
0.642022
0.819684
1.39026
1.14178
1.32922
1.04396
0.980266
1.94364
0.65328
0.646693
1.60818
0.956446
0.839597
1.25928
1.03022
1.64871
0.82066
0.638622
1.25742
0.684009
0.567873
0.708027
0.863236
1.15618
1.58759
1.25942
0.976064
0.576544
1.13369
1.31203
1.16216
0.97703
0.698755
1.00384
1.1231
0.922919
1.3979
1.14658
0.8425
0.893195
1.0907
0.698447
0.615237
1.76466
1.0276
1.71585
0.950427
1.49036
1.46626
0.988606
0.41925
0.892224
0.88317
1.14272
1.08964
0.663608
0.770244
1.75834
1.55141
0.795014
2.03611
0.724247
0.978168
0.868404
1.2871
0.747567
1.18341
0.685849
0.903979
0.480265
0.390823
0.652906
1.02142
1.0966
1.37515
1.19736
1.26802
0.758875
1.44136
1.1053
0.97184
1.60141
0.796857
1.69281
0.96525
1.3424
1.20288
0.956462
1.15035
0.584756
0.474311
0.656587
0.590565
1.06973
1.32608
0.831401
0.973178
0.529301
0.614747
0.875528
0.676106
1.15684
1.5312
1.31615
0.610597
0.79631
0.749319
0.767446
0.884781
1.58093
1.25259
1.07678
0.827302
0.757205
0.987778
1.42826
1.01858
0.687947
0.775759
1.11733
1.20795
0.816326
1.029
0.817719
1.14467
0.748676
0.92652
0.572843
1.1269
1.40564
1.02345
0.65888
1.08536
0.689514
1.0886
1.11064
1.68553
1.11051
0.677561
1.4332
0.950119
1.37747
1.40518
0.663651
0.513424
1.9518
1.32718
1.98634
1.02548
1.15547
1.16336
0.865669
1.00643
0.481729
1.03273
1.06024
0.654587
0.90128
0.960717
1.25202
1.12541
0.799829
1.81562
0.263975
1.12165
0.868254
0.901913
0.976805
0.766766
0.939302
1.09234
1.1794
1.62589
0.796007
1.07799
1.56004
0.873957
0.733354
1.19863
0.819775
0.652443
0.874506
0.572211
1.50332
0.563105
0.973459
0.707514
1.14552
1.37211
1.12828
1.3315
0.852062
1.23463
1.05447
0.766093
0.6004
0.54003
0.833471
0.934121
1.23651
0.5014
1.49733
0.773567
0.967853
0.861504
0.934804
0.997442
1.23287
0.892725
1.28312
1.14057
1.67317
0.850083
1.05577
0.965337
0.856086
0.549177
1.42138
0.950479
1.09883
0.823394
0.845809
1.20512
0.876349
0.992784
0.905074
0.677296
0.618294
1.40015
0.390719
1.37107
1.20368
0.958663
1.28549
2.09695
0.415955
1.31419
0.82163
0.70598
1.29056
0.972731
0.806805
0.836676
1.20002
1.00777
1.08901
1.08207
1.31538
0.911679
1.02383
1.33799
0.853549
1.01454
0.829517
1.16778
0.642635
0.703886
0.983243
1.31874
0.46154
1.01857
1.17304
1.00056
0.563691
0.870851
0.953273
0.868588
1.16889
1.01227
1.02807
1.43133
1.28046
0.919075
0.773108
1.61307
0.64165
0.875681
1.20486
1.38525
1.32897
1.16796
0.96747
1.24075
0.840712
1.08679
1.35093
1.27281
1.2233
0.670418
0.939347
1.21888
1.36079
