0.615254
0.551649
0.594149
0.500936
0.394831
0.528386
0.424045
0.792058
0.550062
0.428621
0.568556
0.607692
0.604254
0.624914
0.49538
0.608286
0.543365
0.609089
0.439056
0.400376
0.574698
0.6193
0.606407
0.58427
0.545597
0.425861
0.443064
0.736281
0.31201
0.322932
0.654461
0.516754
0.560066
0.517682
0.500468
0.452136
0.422102
0.478086
0.533593
0.421415
0.491844
0.395055
0.526501
0.384225
0.431743
0.434109
0.435349
0.320004
0.578738
0.596338
0.471217
0.604579
0.492993
0.377959
0.602731
0.532612
0.457465
0.412247
0.688703
0.501354
0.524399
0.397215
0.440447
0.403192
0.418159
0.4569
0.539161
0.53152
0.442087
0.553674
0.384594
0.486454
0.600327
0.463511
0.526963
0.573998
0.433878
0.545681
0.53488
0.624261
0.583393
0.482875
0.577832
0.611353
0.52953
0.537293
0.452532
0.539661
0.42494
0.562753
0.358247
0.66818
0.620266
0.532423
0.426987
0.676658
0.499791
0.486297
0.440215
0.634304
0.480683
0.472075
0.614526
0.41387
0.393033
0.447631
0.514529
0.500922
0.346184
0.432799
0.551936
0.480182
0.500133
0.642713
0.45564
0.537804
0.499047
0.404497
0.548368
0.500534
0.487248
0.553608
0.541256
0.539689
0.516268
0.425689
0.558471
0.499952
0.664879
0.404292
0.529813
0.369991
0.632293
0.45439
0.43997
0.593961
0.727964
0.566117
0.398929
0.32995
0.569768
0.452694
0.398778
0.593501
0.515561
0.291058
0.547963
0.481338
0.391433
0.663211
0.524792
0.652466
0.643238
0.550866
0.367821
0.450867
0.52628
0.555472
0.521479
0.485999
0.461285
0.560257
0.481114
0.5444
0.523109
0.420431
0.432396
0.487658
0.591884
0.562257
0.55581
0.499109
0.384595
0.591187
0.467749
0.673593
0.498366
0.653834
0.49549
0.601693
0.735007
0.368052
0.334132
0.581842
0.539662
0.529935
0.409344
0.50079
0.37468
0.52609
0.470561
0.454882
0.663091
0.324052
0.565033
0.341696
0.474397
0.383249
0.493938
0.333556
0.488604
0.423459
0.527525
0.451532
0.662774
0.607222
0.557054
0.590506
0.437599
0.437219
0.387058
0.402972
0.559799
0.539139
0.522275
0.331225
0.459456
0.395105
0.579323
0.484656
0.509626
0.512246
0.454023
0.590871
0.408889
0.555554
0.701023
0.606425
0.465774
0.343668
0.433179
0.654946
0.327256
0.600782
0.22391
0.36749
0.381836
0.577398
0.596541
0.431989
0.580957
0.597172
0.410432
0.415671
0.460835
0.456631
0.404446
0.40639
0.510024
0.599085
0.434125
0.425815
0.516341
0.503567
0.439702
0.299454
0.640052
0.47419
0.507857
0.525543
0.498491
0.484813
0.540933
0.366843
0.510584
0.628465
0.523062
0.496422
0.538015
0.5405
0.573485
0.560528
0.573064
0.408969
0.503088
0.778713
0.461412
0.455254
0.740992
0.583354
0.611514
0.46253
0.373777
0.407802
0.430394
0.64913
0.540753
0.36437
0.539025
0.628467
0.554409
0.510447
0.558716
0.566644
0.566024
0.583024
0.423214
0.543463
0.57213
0.388963
0.459532
0.54203
0.358365
0.470373
0.593752
0.53673
0.402994
0.621478
0.476386
0.518836
0.613159
0.515408
0.485105
0.493574
0.342741
0.606365
0.450977
0.601994
0.441427
0.604639
0.467599
0.565501
0.310434
0.579007
0.480811
0.520487
0.491067
0.523052
0.419946
0.704972
0.388084
0.328984
0.519874
0.378737
0.43065
0.544572
0.396344
0.502953
0.499387
0.445833
0.575448
0.374832
0.398879
0.440147
0.541285
0.507362
0.730695
0.4215
0.554192
0.363731
0.622853
0.431595
0.705196
0.400554
0.497351
0.537598
0.410616
0.543565
0.408252
0.619313
0.514028
0.513966
0.458509
0.465613
0.451077
0.443151
0.404574
0.512
0.445931
0.558045
0.583563
0.408167
0.546409
0.588863
0.548544
0.386503
0.468134
0.545577
0.47332
0.409479
0.506329
0.52896
0.688819
0.605913
0.687149
0.58656
0.539024
0.463129
0.368733
0.493526
0.695123
0.624041
0.565439
0.632725
0.442374
0.645273
0.457005
0.468112
0.454925
0.504393
0.557658
0.349851
0.499649
0.501419
0.458477
0.459241
0.460795
0.481774
0.419601
0.495978
0.553074
0.514883
0.577147
0.329876
0.491555
0.494646
0.542983
0.483659
0.612541
0.585075
0.513799
0.482979
0.29036
0.416357
0.469172
0.604366
0.570822
0.543713
0.526633
0.2713
0.542819
0.513377
0.435001
0.493188
0.49539
0.437109
0.625543
0.411506
0.458296
0.558659
0.603792
0.411926
0.499977
0.402633
0.553157
0.380781
0.557511
0.528252
0.534698
0.628727
0.398998
0.36751
0.405776
0.674026
0.46956
0.509294
0.543514
0.672377
0.547947
0.698035
0.547328
0.499772
0.341485
0.6475
0.608054
0.439375
0.572928
0.427371
0.569459
0.492949
0.363522
0.562283
0.271246
0.431916
0.692395
0.390023
0.450902
0.422614
0.513142
0.657627
0.595049
0.704908
0.634279
0.391137
0.569229
0.472785
0.421019
0.556831
0.518326
0.400144
0.451579
0.538729
0.318129
0.374487
0.362048
0.489263
0.471802
0.545763
0.539584
0.366985
0.283321
0.367153
0.574535
0.557236
0.503218
0.399111
0.457815
0.478747
0.530238
0.467488
0.510684
0.611134
0.565825
0.411145
0.359838
0.535319
0.456604
0.523931
0.52151
0.360923
0.323328
0.490488
0.43406
0.521703
0.463031
0.534839
0.479305
0.452153
0.42441
0.445268
0.358641
0.615405
0.494749
0.608517
0.340768
0.534598
0.49996
0.580869
0.47363
0.586934
0.407617
0.543214
0.453942
0.45164
0.436135
0.531711
0.373479
0.560111
0.511515
0.605223
0.612071
0.778534
0.476376
0.505191
0.42303
0.460313
0.444262
0.483192
0.457511
0.33767
0.505501
0.415905
0.50012
0.578793
0.629169
0.49679
0.438805
0.618973
0.569003
0.48828
0.46792
0.481178
0.469367
0.537837
0.524066
0.53354
0.480686
0.505741
0.380138
0.38829
0.432021
0.422032
0.473779
0.428666
0.571746
0.684529
0.622203
0.357399
0.475569
0.529404
0.476158
0.292364
0.434435
0.350311
0.491566
0.49205
0.373094
0.411602
0.648163
0.475521
0.613438
0.495691
0.720233
0.408568
0.484972
0.344165
0.505334
0.259793
0.598065
0.396761
0.542665
0.587386
0.333909
0.60188
0.603536
0.499392
0.468412
0.466805
0.512156
0.53731
0.635496
0.735365
0.455755
0.564861
0.348597
0.525284
0.568829
0.600846
0.737405
0.426995
0.527073
0.516985
0.620196
0.460241
0.462367
0.428722
0.620356
0.604301
0.510935
0.438952
0.449019
0.362224
0.532604
0.551717
0.613975
0.488964
0.589847
0.654888
0.478333
0.607877
0.651102
0.377938
0.580666
0.559526
0.583614
0.462898
0.441668
0.571313
0.626842
0.443651
0.520633
0.405956
0.488261
0.510729
0.24833
0.541392
0.479148
0.445815
0.451163
0.454177
0.308747
0.542194
0.49474
0.423034
0.480974
0.484416
0.413304
0.43869
0.388604
0.642461
0.454729
0.600692
0.475678
0.64275
0.559063
0.601429
0.639626
0.41035
0.601918
0.442105
0.570407
0.333769
0.672239
0.394946
0.674731
0.585764
0.517299
0.520458
0.509216
0.440614
0.476036
0.368078
0.34712
0.460354
0.535141
0.533086
0.529052
0.479463
0.280555
0.512207
0.498867
0.599582
0.480363
0.694817
0.501721
0.61282
0.423312
0.546239
0.522045
0.404269
0.450478
0.48412
0.464971
0.641367
0.555898
0.41843
0.435541
0.539779
0.595243
0.720141
0.545803
0.502507
0.529903
0.503181
0.580657
0.460953
0.447142
0.348789
0.579152
0.603719
0.535237
0.570933
0.338642
0.36092
0.455826
0.615969
0.425053
0.518857
0.443962
0.509276
0.673269
0.571905
0.479624
0.406102
0.487411
0.575505
0.612775
0.573413
0.501593
0.546177
0.38727
0.424056
0.637514
0.461532
0.397254
0.544082
0.495996
0.645233
0.522949
0.498603
0.34541
0.478954
0.630994
0.671089
0.620666
0.465367
0.487814
0.485545
0.42226
0.473238
0.622765
0.480545
0.205621
0.527747
0.491062
0.548609
0.476813
0.46617
0.624813
0.623966
0.561405
0.461102
0.623735
0.596266
0.489112
0.520413
0.525424
0.647329
0.437589
0.405183
0.508335
0.552568
0.504559
0.463879
0.418885
0.558231
0.528187
0.463077
0.47741
0.340157
0.351473
0.602041
0.60596
0.369269
0.527128
0.430545
0.534204
0.453546
0.585257
0.546307
0.578009
0.495763
0.636899
0.530472
0.548521
0.500814
0.662294
0.586589
0.437875
0.485952
0.333488
0.580576
0.540922
0.291835
0.346716
0.53618
0.510667
0.461781
0.490746
0.42249
0.308368
0.451161
0.553153
0.277073
0.497551
0.548418
0.467309
0.44035
0.344451
0.533693
0.428593
0.533849
0.525696
0.370606
0.459179
0.397009
0.707322
0.621252
0.576477
0.504244
0.447475
0.693994
0.421118
0.415996
0.488462
0.478198
0.526163
0.574543
0.442072
0.489556
0.359955
0.537367
0.535391
0.344189
0.650868
0.547904
0.472592
0.399242
0.502946
0.47554
0.381475
0.542239
0.337225
0.613747
0.351828
0.480961
0.544312
0.50727
0.535921
0.580173
0.609575
0.38634
0.369782
0.511044
0.473068
0.517873
0.387117
0.423624
0.712122
0.440695
0.536092
0.522302
0.485281
0.533822
0.472414
0.518678
0.252075
0.573895
0.490464
0.555802
0.483876
0.469851
0.467502
0.542314
0.406894
0.520004
0.434256
0.404485
0.369112
0.418683
0.448475
0.558743
0.598785
0.446649
0.336323
0.526768
0.422866
0.511511
0.479744
0.459786
0.539546
0.461424
0.36626
0.408224
0.28983
0.577352
0.480885
0.567404
0.448902
0.556235
0.40816
0.349499
0.458764
0.429413
0.625588
0.476517
0.249455
0.517707
0.408013
0.458563
0.546918
0.606572
0.525794
0.516231
0.441363
0.53178
0.507875
0.525438
0.490761
0.598118
0.654171
0.407594
0.55989
0.410618
0.519929
0.357517
0.546122
0.379866
0.558045
0.596012
0.518932
0.469965
0.493564
0.553611
0.500888
0.589775
0.417905
0.43645
0.343662
0.585054
0.528595
0.494835
0.503378
0.47119
0.50362
0.509541
0.49541
0.553216
0.48775
0.530465
0.509506
0.311843
0.481484
0.446725
0.5919
0.291296
0.561557
0.536896
0.551875
0.50672
0.425211
0.642549
0.525978
0.496015
0.538734
0.527816
0.633922
0.572939
0.58402
0.432249
0.485948
0.395388
0.435239
0.393726
0.652228
0.444754
0.560916
0.312744
0.58065
0.519341
0.535072
0.448932
0.450137
0.476803
0.654303
0.485155
0.672392
0.617634
0.595982
0.564133
0.605789
0.483747
0.416058
0.596991
0.62087
0.553231
0.47318
0.562731
0.557711
0.544395
0.479179
0.462113
0.541205
0.599228
0.514208
0.458982
0.471074
0.598469
0.508137
0.736607
0.479213
0.567473
0.37806
0.51612
0.447757
0.564114
0.625066
0.52869
0.60703
0.597002
0.331711
0.40258
0.383323
0.504287
0.364897
0.62078
0.442233
0.530412
0.277151
0.524439
0.674059
0.470145
0.612582
0.381838
0.493568
0.706301
0.562071
0.412198
0.577176
0.649569
0.575521
0.548126
0.336415
0.595896
0.327309
0.440046
0.727315
0.548925
0.44431
0.450499
0.521112
0.41199
0.444195
0.555707
0.51248
0.536219
0.694957
0.466351
0.51727
0.318334
0.394909
0.399019
0.512507
0.373741
0.485673
0.474346
0.597192
0.567573
0.448982
0.48735
0.403222
0.468337
0.501362
0.690057
0.56154
0.595888
0.389071
0.445988
0.52939
0.567446
0.398952
0.66064
0.31035
0.402446
0.539114
0.661629
0.349584
0.428995
0.606671
0.396663
0.462541
0.341786
0.548016
0.337083
0.656114
0.59331
0.430413
0.419218
0.427038
0.557276
0.381967
0.625326
0.47312
0.485148
0.520297
0.400449
0.528622
0.383757
0.578538
0.621021
0.435966
0.373982
0.65057
0.4756
0.491648
0.647499
0.415657
0.58764
0.455065
0.720665
0.565951
0.704733
0.384749
0.5916
0.548613
0.698302
0.567239
0.338591
0.547566
0.462226
0.529652
0.554947
0.568198
0.568457
0.577767
0.497488
0.551585
0.53217
0.377224
0.532868
0.53312
0.458545
0.496222
0.697962
0.573685
0.487817
0.553887
0.547598
0.429801
0.524742
0.569239
0.544914
0.592471
0.333168
0.481515
0.656684
0.512701
0.395937
0.413323
0.447963
0.444981
0.584859
0.473945
0.427453
0.47828
0.55505
0.450841
0.576998
0.487388
0.372444
0.513222
0.505677
0.52573
0.602818
0.552307
0.600973
0.394041
0.335217
0.608705
0.406538
0.557598
0.482177
0.488088
0.438091
0.447952
0.493691
0.642162
0.556048
0.573423
0.541376
0.492668
0.445478
0.575868
0.573863
0.601976
0.511026
0.609528
0.613918
0.644577
0.476493
0.481053
0.262379
0.609584
0.585759
0.478062
0.593487
0.465122
0.533789
0.426888
0.570744
0.541278
0.613493
0.558449
0.481962
0.539044
0.44624
0.424437
0.686677
0.6485
0.470843
0.494346
0.488659
0.460222
0.397888
0.577086
0.490763
0.479734
0.49329
0.549253
0.658909
0.605547
0.437004
0.535393
0.4165
0.407152
0.509846
0.473874
0.510118
0.540104
0.493401
0.515262
0.531891
0.461102
0.625047
0.538391
0.653413
0.356768
0.632132
0.532579
0.520683
0.475599
0.376386
0.28274
0.579011
0.453355
0.571684
0.607418
0.541401
0.547918
0.395298
0.538037
0.583443
0.550445
0.4948
0.490967
0.442278
0.515425
0.399848
0.372268
0.516731
0.553005
0.480053
0.568266
0.41023
0.552773
0.347228
0.513376
0.427681
0.45893
0.482296
0.589915
0.431978
0.492579
0.474192
0.60286
0.585376
0.517645
0.59012
0.385858
0.545464
0.472715
0.553557
0.433021
0.655035
0.541866
0.588427
0.614364
0.459664
0.513337
0.494895
0.520975
0.506326
0.575673
0.554269
0.399351
0.320947
0.526769
0.517534
0.572553
0.432283
0.521995
0.414051
0.509155
0.504077
0.363386
0.524009
0.489229
0.656946
0.432658
0.490247
0.529886
0.306016
0.69659
0.502066
0.571183
0.509837
0.664088
0.465734
0.486482
0.520618
0.55004
0.583359
0.469629
0.445417
0.601835
0.493885
0.464599
0.372367
0.370232
0.486968
0.541546
0.485634
0.657
0.382534
0.486457
0.587269
0.547573
0.575846
0.659917
0.46369
0.437726
0.379944
0.393755
0.479031
0.589057
0.55434
0.532616
0.547157
0.498853
0.390906
0.39081
0.728642
0.445685
0.534893
0.383056
0.518563
0.572878
0.351083
0.501005
0.435492
0.597748
0.502068
0.445741
0.491573
0.485337
0.487736
0.48971
0.51815
0.401086
0.402005
0.429824
0.64089
0.457734
0.594952
0.50677
0.44292
0.497468
0.385448
0.503815
0.424001
0.701146
0.451496
0.501709
0.558308
0.392206
0.632458
0.55455
0.472902
0.403627
0.309417
0.464753
0.513528
0.402128
0.486939
0.473563
0.433903
0.514532
0.68153
0.346817
0.439154
0.577038
0.629112
0.42396
0.633669
0.528896
0.6559
0.611569
0.568065
0.49779
0.514039
0.540956
0.449599
0.474983
0.565455
0.472695
0.574796
0.454095
0.504352
0.519158
0.462675
0.508132
0.44085
0.469504
0.411419
0.50519
0.525284
0.439757
0.470912
0.414031
0.574703
0.633976
0.518085
0.526498
0.470149
0.590727
0.541523
0.424541
0.42534
0.602402
0.486353
0.445388
0.484377
0.533177
0.479934
0.449184
0.488165
0.624716
0.553416
0.569188
0.456248
0.366958
0.493765
0.525443
0.362782
0.424671
0.605373
0.408542
0.642434
0.448673
0.529915
0.590977
0.543987
0.563959
0.567647
0.399265
0.456484
0.3152
0.362854
0.580887
0.464777
0.563417
0.360702
0.425807
0.648368
0.465858
0.31228
0.553158
0.319468
0.434437
0.499149
0.449447
0.403219
0.456341
0.368225
0.545396
0.395081
0.673705
0.6124
0.54436
0.487382
0.457544
0.401775
0.365992
0.539094
0.474393
0.364976
0.344657
0.469905
0.532407
0.439498
0.422833
0.391701
0.506939
0.554594
0.405549
0.547598
0.483904
0.579728
0.492688
0.510698
0.522522
0.566168
0.381737
0.701773
0.427294
0.528808
0.634394
0.617116
0.632375
0.45984
0.42617
0.41481
0.339767
0.635443
0.54896
0.589739
0.516047
0.47117
0.512285
0.574648
0.340614
0.601258
0.489729
0.636618
0.31175
0.501608
0.482861
0.495356
0.455027
0.545717
0.525704
0.471712
0.641911
0.577379
0.428612
0.381883
0.514679
0.4035
0.761183
0.424786
0.527047
0.554894
0.399632
0.467124
0.348188
0.532482
0.514806
0.412679
0.341105
0.450822
0.552836
0.649429
0.414601
0.610436
0.761165
0.30008
0.461373
0.474951
0.53851
0.458673
0.333025
0.498571
0.538072
0.577925
0.466105
0.543947
0.529091
0.479017
0.661518
0.650051
0.42264
0.487556
0.432969
0.454155
0.593317
0.456486
0.578378
0.441606
0.67928
0.518742
0.491453
0.691551
0.41886
0.519477
0.518948
0.406362
0.582749
0.509717
0.582349
0.356986
0.386567
0.440346
0.621064
0.546021
0.319369
0.377335
0.477446
0.484827
0.399444
0.466172
0.732268
0.600505
0.569551
0.60548
0.61255
0.333141
0.369493
0.54684
0.431918
0.453201
0.574735
0.619856
0.586959
0.523533
0.565543
0.588564
0.621313
0.449929
0.59189
0.477271
0.582522
0.608767
0.525191
0.660977
0.434959
0.609747
0.53867
0.297558
0.355396
0.746296
0.433971
0.485902
0.426107
0.505734
0.432391
0.466242
0.553638
0.455824
0.3749
0.535948
0.479679
0.593868
0.625911
0.336082
0.513754
0.53903
0.551493
0.571036
0.605715
0.46812
0.443576
0.555621
0.589322
0.539569
0.587402
0.540997
0.366458
0.4199
0.520325
0.452859
0.464824
0.521487
0.405785
0.482353
0.490217
0.279967
0.547108
0.502178
0.50781
0.544165
0.49154
0.437421
0.525105
0.320944
0.425714
0.602647
0.412511
0.611926
0.439522
0.623844
0.585814
0.498541
0.636159
0.495822
0.588038
0.576418
0.391873
0.5827
0.44652
0.609637
0.519743
0.451183
0.444281
0.669915
0.46759
0.333291
0.433057
0.545321
0.480903
0.547316
0.428645
0.347639
0.387449
0.562747
0.46749
0.41704
0.410999
0.576971
0.566731
0.617252
0.397422
0.578577
0.418195
0.433954
0.437135
0.504128
0.460109
0.633625
0.493703
0.552279
0.408596
0.609655
0.49917
0.401185
0.394286
0.537014
0.552464
0.382133
0.337655
0.476334
0.458012
0.494398
0.210008
0.512773
0.367483
0.603325
0.465263
0.584568
0.63835
0.545702
0.49102
0.450725
0.298754
0.473492
0.315645
0.666806
0.508924
0.599031
0.3214
0.482314
0.435201
0.561848
0.651914
0.442716
0.503473
0.519263
0.465603
0.473663
0.474641
0.469983
0.474881
0.444495
0.585485
0.35192
0.424333
0.552673
0.524101
0.512496
0.599269
0.440277
0.359864
0.531747
0.519371
0.448272
0.523621
0.485544
0.560438
0.53376
0.534652
0.368288
0.260482
0.319955
0.596668
0.55148
0.404755
0.318185
0.535922
0.436588
0.447525
0.455721
0.630293
0.367659
0.31673
0.562775
0.378969
0.301158
0.660902
0.616556
0.388143
0.587573
0.536048
0.409778
0.598927
0.601301
0.493449
0.405566
0.459455
0.46242
0.617613
0.560229
0.443933
0.525951
0.476917
0.539896
0.347178
0.471237
0.587738
0.726556
0.533968
0.506138
0.556157
0.503556
0.398309
0.407722
0.549607
0.430159
0.58849
0.553201
0.364127
0.459282
0.47961
0.451874
0.491119
0.42208
0.526001
0.570878
0.450866
0.397553
0.701799
0.454568
0.548258
0.504902
0.43865
0.469402
0.419539
0.500892
0.395358
0.363201
0.477103
0.533985
0.545027
0.509724
0.622691
0.501578
0.441075
0.616515
0.487605
0.476177
0.624233
0.40598
0.471831
0.310886
0.45845
0.436751
0.39226
0.404122
0.5344
0.414345
0.513467
0.497988
0.455081
0.64723
0.522791
0.404284
0.418736
0.536384
0.324731
0.49664
0.54017
0.443502
0.667985
0.376823
0.502259
0.465027
0.581695
0.51777
0.505261
0.646187
0.585785
0.405437
0.582324
0.601305
0.45353
0.546107
0.575336
0.363624
0.642787
0.375298
0.616077
0.569954
0.575611
0.398964
0.333403
0.392471
0.534239
0.517217
0.507953
0.462026
0.454711
0.525304
0.421694
0.484357
0.437703
0.556145
0.500351
0.532623
0.459388
0.623216
0.622596
0.506727
0.453462
0.542151
0.570609
0.381888
0.548713
0.553921
0.522448
0.52601
0.484839
0.541995
0.7374
0.347369
0.49245
0.630443
0.561319
0.441213
0.611522
0.369418
0.479679
0.535885
0.635811
0.259054
0.571905
0.596091
0.409036
0.532281
0.4713
0.423023
0.561925
0.511637
0.610653
0.397997
0.66748
0.474674
0.53444
0.448382
0.505126
0.607071
0.484254
0.471555
0.362658
0.492122
0.514936
0.434698
0.46821
0.479786
0.474617
0.475264
0.432733
0.49801
0.482682
0.758966
0.596759
0.413591
0.465459
0.409178
0.413509
0.619349
0.660188
0.503694
0.363675
0.51892
0.373629
0.24176
0.585499
0.500028
0.482449
0.416407
0.517049
0.5316
0.288291
0.384064
0.38587
0.48964
0.491231
0.505528
0.644476
0.411288
0.421097
0.639351
0.638417
0.496048
0.666908
0.600761
0.506958
0.417682
0.470471
0.456266
0.554669
0.579787
0.30097
0.406097
0.495507
0.542649
0.403127
0.613713
0.459274
0.468437
0.412338
0.473583
0.46358
0.676381
0.455948
0.465537
0.592765
0.469093
0.410593
0.525955
0.688469
0.585705
0.661359
0.573148
0.444857
0.457058
0.409257
0.556278
0.614772
0.482687
0.599298
0.354209
0.27137
0.518881
0.592252
0.432719
0.533067
0.361637
0.478934
0.575518
0.347934
0.427858
0.436654
0.536564
0.646917
0.282647
0.553245
0.518193
0.513581
0.430141
0.49487
0.56161
0.48133
0.379789
0.369577
0.443312
0.657352
0.419562
0.639367
0.403071
0.585803
0.372097
0.559318
0.486103
0.601052
0.479297
0.473072
0.564099
0.58506
0.455457
0.669809
0.506833
0.531267
0.568511
0.508571
0.608062
0.530636
0.453526
0.441616
0.526508
0.63378
0.432093
0.419237
0.484698
0.4064
0.605816
0.334286
0.675511
0.483498
0.411611
0.465397
0.558273
0.541172
0.471058
0.403715
0.483309
0.343024
0.435615
0.398683
0.565863
0.481533
0.623971
0.434257
0.437344
0.523
0.567412
0.647675
0.533887
0.577976
0.523568
0.428688
0.439241
0.657339
0.488432
0.38797
0.581025
0.637502
0.531121
0.559158
0.386457
0.546472
0.395317
0.499802
0.435627
0.495804
0.555908
0.382257
0.607493
0.521745
0.588859
0.416332
0.495753
0.462155
0.506866
0.421315
0.378795
0.584079
0.532904
0.365738
0.459973
0.490117
0.528279
0.519065
0.451468
0.470019
0.561353
0.410232
0.45703
0.62722
0.497624
0.663788
0.515934
0.59831
0.511385
0.585121
0.402514
0.496708
0.463705
0.592078
0.532651
0.450105
0.561026
0.541044
0.510662
0.464498
0.403182
0.47133
0.557021
0.335951
0.649185
0.492509
0.489409
0.444465
0.573651
0.565107
0.486615
0.402657
0.45629
0.475855
0.446814
0.595185
0.641367
0.584474
0.458835
0.63319
0.323643
0.419754
0.53699
0.461255
0.561758
0.32846
0.527143
0.492704
0.58962
0.5314
0.373662
0.512319
0.590844
0.616744
0.543977
0.573844
0.520843
0.501487
0.439474
0.432929
0.705696
0.417713
0.578483
0.49444
0.616449
0.531116
0.619177
0.616351
0.512041
0.474995
0.497186
0.500713
0.463571
0.483745
0.684813
0.515462
0.31716
0.335614
0.435723
0.629137
0.622181
0.565321
0.461034
0.403841
0.546192
0.582872
0.489772
0.480054
0.517388
0.535706
0.498663
0.500205
0.379971
0.477102
0.453288
0.456189
0.517338
0.454524
0.684642
0.50928
0.692518
0.507397
0.432184
0.519185
0.574838
0.564564
0.416476
0.532274
0.466319
0.457461
0.561572
0.617274
0.31082
0.61585
0.469304
0.600035
0.563515
0.488684
0.554697
0.437217
0.617778
0.433516
0.583723
0.582056
0.531117
0.343592
0.511684
0.533643
0.661302
0.432599
0.402494
0.524421
0.518385
0.672772
0.416224
0.688897
0.357829
0.582885
0.484237
0.469843
0.384489
0.488413
0.548327
0.556538
0.406746
0.626927
0.52227
0.712898
0.674579
0.347588
0.541258
0.541597
0.554956
0.654362
0.396683
0.643594
0.442383
0.568384
0.510798
0.470733
0.572047
0.435651
0.587803
0.632392
0.697472
0.582036
0.484932
0.505407
0.314175
0.618372
0.479152
0.409812
0.455301
0.524155
0.462114
0.551193
0.554797
0.489179
0.578035
0.693739
0.668161
0.268207
0.52621
0.516367
0.460377
0.40457
0.581882
0.417561
0.615164
0.604343
0.546263
0.472872
0.489179
0.493566
0.618462
0.412261
0.429386
0.566718
0.589196
0.672819
0.391288
0.335456
0.488104
0.495593
0.440293
0.512426
0.473579
0.473619
0.587978
0.415695
0.53604
0.521458
0.609579
0.655168
0.392581
0.524885
0.508543
0.563122
0.283006
0.442612
0.538526
0.556776
0.334246
0.470228
0.46273
0.571583
0.442216
0.53983
0.525038
0.579733
0.627197
0.617069
0.426892
0.509118
0.550836
0.470651
0.348445
0.4038
0.439919
0.427595
0.521984
0.71781
0.44409
0.390825
0.560223
0.509874
0.461712
0.383983
0.361531
0.607444
0.600114
0.501591
0.458742
0.434218
0.59348
0.381012
0.447693
0.546077
0.483691
0.37591
0.426179
0.596171
0.47644
0.699202
0.593551
0.45067
0.616982
0.316783
0.605704
0.402465
0.586912
0.511582
0.549735
0.580885
0.60539
0.600766
0.397086
0.431291
0.525282
0.47724
0.613525
0.439181
0.446672
0.459818
0.548822
0.499211
0.527297
0.574756
0.49855
0.480341
0.551429
0.554609
0.52493
0.61407
0.425786
0.628654
0.343203
0.433539
0.503099
0.592402
0.424524
0.617011
0.490949
0.382002
0.435908
0.440088
0.385577
0.542639
0.432299
0.316729
0.57734
0.468271
0.535349
0.509982
0.506583
0.503368
0.478041
0.519083
0.505658
0.435593
0.563803
0.500364
0.444916
0.571609
0.48331
0.555205
0.607483
0.476537
0.45169
0.419041
0.449695
0.470814
0.473389
0.511204
0.461069
0.516522
0.511467
0.456178
0.519745
0.488522
0.632655
0.56262
0.34634
0.414002
0.418997
0.447281
0.491221
0.477353
0.581477
0.416734
0.547184
0.625542
0.580511
0.470618
0.461615
0.57245
0.652772
0.565863
0.529195
0.488914
0.56329
0.582171
0.578264
0.378504
0.546347
0.55477
0.420984
0.377332
0.368194
0.491282
0.419483
0.479485
0.439146
0.465304
0.627169
0.677954
0.522164
0.480077
0.596457
0.524199
0.329533
0.421413
0.501186
0.447785
0.568813
0.569833
0.503998
0.440807
0.493731
0.61763
0.506039
0.600085
0.435247
0.537379
0.548315
0.533415
0.532545
0.474177
0.491113
0.474427
0.453221
0.48468
0.579904
0.51388
0.586495
0.621806
0.513176
0.543527
0.312777
0.464716
0.659696
0.821935
0.497479
0.519502
0.629699
0.409953
0.626467
0.466783
0.586575
0.386777
0.595097
0.608166
0.59261
0.545866
0.482305
0.664351
0.614404
0.48323
0.485754
0.403415
0.470614
0.528893
0.363562
0.528585
0.486673
0.535619
0.522681
0.630619
0.428212
0.627275
0.613527
0.61067
0.516904
0.522468
0.434973
0.505296
0.489514
0.487402
0.623374
0.396065
0.542928
0.535155
0.393803
0.461992
0.615015
0.376871
0.521236
0.533794
0.483167
0.54365
0.593906
0.534779
0.619416
0.536179
0.540641
0.643922
0.323045
0.522452
0.428476
0.592486
0.458649
0.392191
0.446401
0.406324
0.559642
0.589866
0.535601
0.531782
0.514204
0.386499
0.396115
0.433879
0.532738
0.61372
0.694343
0.631267
0.602905
0.671795
0.515373
0.633213
0.570348
0.43668
0.54862
0.569649
0.440248
0.429387
0.564827
0.656114
0.376888
0.474255
0.436976
0.411178
0.585423
0.460991
0.377212
0.444752
0.492095
0.438639
0.5064
0.561428
0.39616
0.507901
0.542479
0.573814
0.448822
0.441512
0.688296
0.596573
0.521506
0.550691
0.419141
0.592694
0.557831
0.428908
0.514737
0.46927
0.660669
0.442549
0.449963
0.470858
0.647722
0.401303
0.353127
0.294281
0.516057
0.429387
0.660129
0.449497
0.388106
0.472024
0.437397
0.516954
0.468621
0.409834
0.415998
0.302622
0.524158
0.417115
0.373861
0.367693
0.503647
0.488255
0.522588
0.410688
0.450673
0.469786
0.599851
0.505535
0.415105
0.473909
0.6379
0.54991
0.353745
0.512559
0.573262
0.553972
0.516696
0.379378
0.382211
0.50036
0.448203
0.220259
0.371135
0.63212
0.387705
0.571379
0.420472
0.476007
0.538922
0.40694
0.375387
0.584393
0.581795
0.527105
0.295917
0.279788
0.534134
0.429911
0.323837
0.611767
0.626874
0.449205
0.393023
0.486864
0.438866
0.503952
0.504632
0.507802
0.544138
0.292524
0.607938
0.559173
0.456636
0.37887
0.572206
0.602507
0.514439
0.655751
0.504506
0.594401
0.427517
0.533502
0.562906
0.417204
0.520088
0.691066
0.534016
0.412511
0.530709
0.539308
0.488387
0.433497
0.490222
0.584946
0.496788
0.682937
0.679738
0.546656
0.284931
0.579478
0.577864
0.363231
0.523739
0.395584
0.438402
0.646951
0.396783
0.736294
0.496794
0.373578
0.556039
0.378747
0.3856
0.463707
0.571661
0.568206
0.446358
0.498444
0.50099
0.467081
0.457158
0.62571
0.446538
0.37925
0.55235
0.351703
0.34225
0.522744
0.392786
0.375375
0.601835
0.399643
0.65207
0.51203
0.482528
0.512838
0.416283
0.465443
0.46215
0.405043
0.551711
0.646188
0.496874
0.24628
0.377123
0.497127
0.421643
0.671801
0.384172
0.475317
0.474692
0.37321
0.581539
0.452839
0.372203
0.471322
0.495448
0.437378
0.428594
0.450084
0.44124
0.576623
0.512529
0.40666
0.387699
0.498861
0.448231
0.47356
0.46787
0.655421
0.616233
0.394481
0.547137
0.468883
0.477213
0.486309
0.441353
0.554286
0.537113
0.595504
0.684857
0.468805
0.491255
0.657878
0.380238
0.558687
0.529705
0.496562
0.418728
0.510495
0.555669
0.543721
0.342167
0.477003
0.463239
0.747388
0.52447
0.536351
0.44032
0.62553
0.5826
0.356365
0.507132
0.355276
0.384053
0.474226
0.770183
0.535997
0.399912
0.46494
0.466144
0.540718
0.459534
0.460363
0.489623
0.571116
0.394998
0.593799
0.643305
0.657155
0.520449
0.483476
0.518517
0.693163
0.3735
0.531492
0.508763
0.477968
0.652912
0.503097
0.678342
0.527472
0.518784
0.464453
0.452655
0.653825
0.478509
0.495319
0.466372
0.456143
0.463804
0.356356
0.600144
0.543516
0.511146
0.379052
0.356081
0.611785
0.589957
0.359553
0.466737
0.421403
0.479956
0.575924
0.401902
0.674445
0.481071
0.611721
0.632003
0.664603
0.546393
0.656949
0.526454
0.474832
0.560641
0.570835
0.509842
0.523029
0.543648
0.629088
0.368358
0.606963
0.540447
0.441596
0.493392
0.475425
0.566494
0.314828
0.468787
0.553357
0.508672
0.44644
0.452734
0.574506
0.539703
0.477905
0.474849
0.62591
0.385642
0.494253
0.463497
0.484339
0.393155
0.448286
0.337949
0.525557
0.475325
0.599915
0.544504
0.51308
0.571748
0.499557
0.58524
0.523872
0.540705
0.607798
0.382565
0.444205
0.508265
0.531818
0.642304
0.369702
0.731154
0.472349
0.522564
0.46934
0.587294
0.513226
0.585166
0.523989
0.589936
0.648869
0.500948
0.425844
0.528337
0.533304
0.499792
0.525879
0.569962
0.447633
0.50075
0.442238
0.516242
0.321138
0.527172
0.493263
0.485918
0.504456
0.506275
0.39463
0.507065
0.281604
0.572131
0.560861
0.430899
0.620844
0.435561
0.277244
0.537504
0.602722
0.453981
0.458985
0.48567
0.626848
0.528755
0.390195
0.566017
0.387291
0.477148
0.436097
0.448676
0.51975
0.570519
0.547614
0.373758
0.361907
0.599888
0.628292
0.514934
0.631702
0.424594
0.509271
0.453448
0.616502
0.379233
0.578832
0.331917
0.479448
0.358652
0.538797
0.514319
0.427531
0.570273
0.61085
0.56058
0.549244
0.537548
0.491652
0.431236
0.417914
0.457916
0.656354
0.469623
0.370121
0.56311
0.535951
0.466145
0.506885
0.599242
0.444656
0.59114
0.528586
0.638591
0.609276
0.489949
0.302848
0.554574
0.653353
0.565769
0.477922
0.535894
0.6146
0.43296
0.592378
0.585399
0.324971
0.505462
0.395175
0.543716
0.358445
0.49203
0.478495
0.597258
0.552423
0.402022
0.438984
0.474719
0.634404
0.422506
0.521323
0.405731
0.336376
0.409495
0.461361
0.509858
0.655152
0.443115
0.434272
0.403647
0.417676
0.528589
0.52655
0.658
0.53606
0.58192
0.488858
0.607631
0.487949
0.521195
0.590096
0.50894
0.533553
0.491465
0.681296
0.46213
0.481487
0.483184
0.491237
0.257961
0.441325
0.561232
0.61398
0.479032
0.451575
0.603558
0.511757
0.480046
0.647545
0.555536
0.544987
0.391006
0.434358
0.538124
0.554416
0.531872
0.556167
0.504992
0.458715
0.396683
0.603377
0.525777
0.594088
0.459721
0.475484
0.379663
0.510797
0.375816
0.517917
0.575548
0.454722
0.591409
0.377039
0.472026
0.500404
0.452531
0.468267
0.552522
0.565272
0.390392
0.428021
0.517877
0.523063
0.584796
0.721033
0.590761
0.547688
0.450137
0.600278
0.483302
0.357122
0.458244
0.567629
0.261352
0.490131
0.506916
0.359061
0.545838
0.536981
0.562457
0.479059
0.523707
0.558504
0.549122
0.43463
0.497942
0.566215
0.627852
0.470127
0.488242
0.399444
0.601253
0.479851
0.500907
0.323714
0.401287
0.5762
0.318559
0.587898
0.560669
0.616898
0.417339
0.515967
0.53851
0.445634
0.601246
0.672394
0.665265
0.476195
0.650325
0.528613
0.491582
0.551009
0.611442
0.471151
0.370177
0.530719
0.517413
0.430387
0.569393
0.422284
0.402272
0.37214
0.411638
0.628788
0.587533
0.482577
0.449401
0.605
0.546279
0.590224
0.536128
0.628461
0.608985
0.507129
0.418713
0.646659
0.456996
0.53451
0.572927
0.436676
0.456609
0.566522
0.522642
0.414399
0.618756
0.439021
0.428198
0.356247
0.42628
0.608527
0.398855
0.247092
0.552889
0.509829
0.478735
0.543848
0.504831
0.528991
0.475247
0.445001
0.448419
0.24177
0.743489
0.382109
0.64355
0.505762
0.709653
0.600096
0.48538
0.457859
0.411006
0.568946
0.663363
0.356879
0.449536
0.470176
0.478897
0.424536
0.400892
0.427256
0.519828
0.476156
0.589772
0.49992
0.572131
0.395872
0.537448
0.538097
0.556074
0.499284
0.506652
0.491976
0.70624
0.339849
0.413572
0.500478
0.571801
0.453578
0.546231
0.531232
0.395451
0.399849
0.723084
0.520884
0.636472
0.544485
0.345149
0.465385
0.735397
0.444469
0.539576
0.635669
0.474814
0.531993
0.362043
0.644925
0.472824
0.458797
0.419922
0.469425
0.352768
0.450047
0.697689
0.525684
0.664803
0.630264
0.310573
0.632475
0.591993
0.722122
0.58198
0.437043
0.555567
0.582199
0.534755
0.56059
0.541067
0.426046
0.405878
0.518946
0.499102
0.508222
0.43871
0.500072
0.631498
0.361234
0.376465
0.43084
0.355613
0.460583
0.375081
0.541332
0.546678
0.571422
0.573212
0.635655
0.389994
0.645586
0.501598
0.604062
0.731899
0.37606
0.483592
0.461963
0.50042
0.679219
0.373154
0.477158
0.573557
0.563458
0.496165
0.447443
0.5052
0.456109
0.605426
0.416498
0.475676
0.298834
0.529262
0.466753
0.515998
0.48494
0.588154
0.603707
0.461866
0.400379
0.373385
0.746967
0.42556
0.543441
0.426192
0.469035
0.330846
0.536457
0.525455
0.473677
0.638071
0.406089
0.586486
0.481468
0.593662
0.597084
0.493029
0.490896
0.470254
0.497636
0.629065
0.609203
0.420712
0.592789
0.646617
0.497886
0.651358
0.425591
0.500206
0.453611
0.526714
0.333997
0.498214
0.446032
0.45014
0.544786
0.465871
0.559807
0.421741
0.544059
0.58418
0.538893
0.456979
0.407146
0.563563
0.306957
0.356439
0.459042
0.530596
0.53855
0.449234
0.449782
0.650702
0.481451
0.489565
0.467414
0.479203
0.281379
0.467989
0.274553
0.427675
0.536056
0.405963
0.542749
0.552077
0.606371
0.334293
0.472194
0.413653
0.438187
0.513105
0.522574
0.433137
0.399126
0.433033
0.544158
0.353328
0.510407
0.544316
0.48648
0.344631
0.65465
0.192547
0.575283
0.53268
0.566293
0.596825
0.38663
0.496717
0.56207
0.388131
0.410419
0.481898
0.544789
0.63274
0.483781
0.488259
0.6144
0.497533
0.588132
0.343589
0.346166
0.471104
0.641953
0.53698
0.446483
0.636583
0.584611
0.384395
0.472725
0.599127
0.43486
0.517069
0.504229
0.70307
0.420909
0.428141
0.377352
0.630741
0.517239
0.382405
0.648278
0.457002
0.386639
0.488642
0.62307
0.440588
0.614191
0.35348
0.495212
0.665356
0.333245
0.480294
0.456692
0.501579
0.481671
0.446182
0.49944
0.539471
0.589988
0.48457
0.599721
0.454136
0.491239
0.720547
0.478883
0.39318
0.355749
0.650557
0.4596
0.435255
0.49221
0.627601
0.387581
0.549826
0.319798
0.60764
0.364456
0.695502
0.604315
0.432424
0.638353
0.526276
0.364636
0.46848
0.524457
0.432079
0.49401
0.391568
0.578623
0.522063
0.504051
0.500392
0.522894
0.566074
0.38755
0.462933
0.522554
0.541785
0.509491
0.443262
0.44014
0.492031
0.473957
0.526251
0.5426
0.578869
0.377902
0.452118
0.613582
0.527957
0.451003
0.592277
0.623608
0.588853
0.494147
0.442486
0.536672
0.593891
0.567338
0.478841
0.582593
0.580281
0.54112
0.416658
0.60021
0.547166
0.513884
0.431861
0.557316
0.351354
0.610701
0.548983
0.578991
0.502487
0.317624
0.369449
0.46678
0.600465
0.468659
0.508326
0.566941
0.464938
0.490906
0.327252
0.54678
0.338727
0.526641
0.59581
0.463855
0.504072
0.389392
0.483119
0.463623
0.532629
0.374357
0.575956
0.516882
0.497169
0.431768
0.639256
0.409147
0.504952
0.425108
0.579369
0.519864
0.369825
0.53436
0.539969
0.480169
0.422051
0.527756
0.555074
0.473665
0.561976
0.513752
0.603124
0.445474
0.595644
0.498281
0.550637
0.610609
0.547479
0.510558
0.543461
0.403483
0.527234
0.524047
0.498197
0.386158
0.435393
0.487453
0.465875
0.533721
0.52327
0.493884
0.584527
0.440947
0.381067
0.554609
0.40679
0.545202
0.509195
0.407143
0.483256
0.436307
0.535174
0.575631
0.501759
0.524873
0.670494
0.614817
0.527374
0.566401
0.658803
0.407153
0.657402
0.489219
0.448867
0.545876
0.600144
0.650094
0.532742
0.525188
0.405828
0.542179
0.521651
0.571923
0.422548
0.505684
0.589079
0.391382
0.519635
0.542482
0.692632
0.263315
0.615389
0.511624
0.393242
0.712273
0.565646
0.483524
0.422338
0.589861
0.614182
0.556348
0.304596
0.544706
0.575484
0.488933
0.62598
0.519217
0.414949
0.480339
0.443739
0.500506
0.511115
0.426919
0.467131
0.366124
0.529042
0.513558
0.494609
0.603545
0.503496
0.646557
0.57529
0.545593
0.525138
0.411355
0.569526
0.452332
0.44243
0.539119
0.515439
0.383169
0.436504
0.491994
0.565307
0.44124
0.495783
0.327568
0.537737
0.735408
0.611675
0.378919
0.438562
0.493501
0.336158
0.487369
0.535462
0.473675
0.486668
0.450872
0.528313
0.459098
0.453169
0.701709
0.439325
0.584403
0.556852
0.503003
0.45404
0.430667
0.529441
0.454272
0.376296
0.438928
0.526596
0.522094
0.517309
0.330552
0.558448
0.362688
0.421044
0.486036
0.414835
0.479012
0.535071
0.622116
0.482327
0.355778
0.468145
0.420329
0.594665
0.541527
0.532789
0.498455
0.627784
0.497728
0.553152
0.579559
0.54509
0.41062
0.525498
0.601621
0.418224
0.662306
0.550673
0.524029
0.493061
0.383395
0.614933
0.525493
0.640223
0.560255
0.477581
0.451212
0.523922
0.545734
0.530839
0.455416
0.542477
0.522987
0.529466
0.598688
0.538383
0.497809
0.444609
0.497727
0.445337
0.545697
0.478472
0.588545
0.434158
0.415582
0.583345
0.552304
0.339075
0.59303
0.360632
0.466355
0.390381
0.551415
0.572498
0.581255
0.548987
0.470417
0.58083
0.587861
0.632936
0.47692
0.33519
0.426877
0.545476
0.464217
0.363519
0.406484
0.558815
0.571167
0.476348
0.432004
0.377219
0.553771
0.577309
0.514794
0.597636
0.557376
0.479786
0.515875
0.605567
0.598521
0.561561
0.593059
0.488443
0.591227
0.546344
0.658644
0.518279
0.503285
0.483113
0.617998
0.44992
0.403903
0.401221
0.44766
0.500737
0.464848
0.351246
0.484861
0.422128
0.602992
0.598617
0.538632
0.542751
0.602963
0.519038
0.495972
0.457911
0.534376
0.551821
0.584821
0.459086
0.478907
0.399211
0.568846
0.542076
0.408239
0.416861
0.487369
0.601831
0.404715
0.322618
0.317008
0.516488
0.592297
0.45784
0.619899
0.442749
0.446202
0.367463
0.556656
0.489195
0.375403
0.522092
0.480499
0.503711
0.622918
0.387416
0.492258
0.60571
0.504631
0.553273
0.42424
0.313357
0.408148
0.566721
0.734252
0.360579
0.498974
0.47052
0.529318
0.568102
0.532089
0.430429
0.501933
0.52736
0.542775
0.541795
0.649976
0.57561
0.49132
0.43789
0.464677
0.485123
0.362024
0.379549
0.409316
0.458869
0.3677
0.487617
0.474623
0.319625
0.586639
0.386822
0.485123
0.498982
0.559815
0.361652
0.543932
0.577253
0.601855
0.481906
0.541841
0.494805
0.430099
0.537564
0.519746
0.549888
0.291858
0.529703
0.661809
0.517555
0.570749
0.496188
0.50999
0.46879
0.778771
0.407891
0.528892
0.438516
0.591572
0.453257
0.413116
0.485653
0.460132
0.336033
0.417631
0.407965
0.332873
0.54302
0.504931
0.418933
0.547981
0.595751
0.541032
0.563441
0.506522
0.781998
0.335639
0.543592
0.512686
0.770087
0.410127
0.445489
0.568318
0.440985
0.490197
0.50237
0.534624
0.530183
0.458425
0.398994
0.424775
0.553431
0.465139
0.416719
0.366858
0.497391
0.384382
0.538244
0.477461
0.388324
0.514976
0.575516
0.511914
0.708959
0.465008
0.35383
0.508009
0.415702
0.421299
0.379688
0.415808
0.515402
0.593754
0.53952
0.606922
0.592909
0.537715
0.520869
0.582419
0.43768
0.295775
0.517233
0.549312
0.59974
0.363736
0.572215
0.511359
0.312328
0.573727
0.538228
0.420677
0.65058
0.500749
0.569499
0.562456
0.552645
0.537195
0.53864
0.595861
0.511667
0.443193
0.460623
0.549958
0.354066
0.56889
0.527487
0.474304
0.65162
0.458063
0.401655
0.569619
0.67186
0.58075
0.485275
0.474727
0.453327
0.505867
0.377523
0.561758
0.39926
0.513037
0.551321
0.492353
0.515348
0.656172
0.425503
0.513429
0.374159
0.629602
0.477922
0.621811
0.570943
0.550847
0.439602
0.402838
0.742496
0.562395
0.429494
0.548835
0.55284
0.468136
0.533985
0.589105
0.506457
0.558383
0.504811
0.41389
0.431902
0.440693
0.443553
0.450532
0.685612
0.381978
0.460458
0.350843
0.657771
0.580688
0.539807
0.474465
0.519124
0.42611
0.513638
0.503807
0.529661
0.665128
0.540121
0.601899
0.437137
0.585065
0.402439
0.625293
0.325387
0.534496
0.488545
0.329949
0.429488
0.442221
0.281707
0.558772
0.616779
0.457858
0.486273
0.675301
0.539853
0.525797
0.432634
0.608797
0.499598
0.717543
0.349883
0.601774
0.61346
0.485746
0.464194
0.401793
0.466074
0.566524
0.675499
0.415123
0.326488
0.644915
0.584547
0.54065
0.448201
0.411641
0.486973
0.728201
0.425286
0.677596
0.420541
0.556233
0.659905
0.375767
0.546235
0.699605
0.503526
0.468601
0.563436
0.45895
0.56622
0.492062
0.403921
0.548938
0.545423
0.705972
0.518971
0.493488
0.407581
0.583429
0.568409
0.551804
0.563144
0.360463
0.4399
0.599846
0.40738
0.480298
0.671394
0.517665
0.556535
0.604913
0.51913
0.483797
0.49089
0.62987
0.508114
0.453685
0.62328
0.626637
0.421574
0.699898
0.343699
0.44994
0.430362
0.517683
0.547629
0.485957
0.432854
0.450169
0.437761
0.38042
0.570408
0.463327
0.495818
0.57401
0.402969
0.501577
0.55321
0.385696
0.473952
0.480687
0.546296
0.522932
0.563062
0.525439
0.524041
0.460943
0.520234
0.435267
0.482901
0.521577
0.493414
0.461879
0.435802
0.395514
0.407434
0.608666
0.479092
0.489868
0.320769
0.512452
0.603405
0.54654
0.48147
0.543954
0.401374
0.364918
0.423145
0.364072
0.557194
0.475851
0.386337
0.598929
0.360039
0.352044
0.42023
0.647363
0.365389
0.403366
0.314101
0.610342
0.335343
0.393798
0.327504
0.532559
0.421028
0.530049
0.532677
0.572252
0.407249
0.610144
0.452206
0.366074
0.421545
0.483579
0.369516
0.6316
0.416864
0.462897
0.40927
0.350876
0.369088
0.639847
0.629322
0.304156
0.487678
0.497556
0.535358
0.473784
0.619725
0.373409
0.623933
0.613947
0.434758
0.41566
0.279113
0.482808
0.509645
0.490017
0.592477
0.5593
0.589997
0.53078
0.445759
0.517673
0.386488
0.694357
0.589945
0.508617
0.371551
0.561279
0.374171
0.596631
0.573927
0.346117
0.222291
0.529014
0.425598
0.512972
0.724539
0.562707
0.49763
0.357512
0.506194
0.550945
0.668531
0.704791
0.654756
0.392484
0.300715
0.585381
0.631598
0.57194
0.357718
0.490608
0.46365
0.570569
0.476844
0.471002
0.505167
0.502576
0.618946
0.630308
0.379184
0.532856
0.54906
0.580723
0.65277
0.557812
0.458689
0.463273
0.469759
0.481713
0.622503
0.600562
0.559122
0.496808
0.489308
0.437368
0.556727
0.376213
0.33913
0.337874
0.322711
0.514355
0.795316
0.446579
0.406263
0.500547
0.562562
0.483233
0.604133
0.387047
0.568837
0.430414
0.378694
0.513731
0.521179
0.385639
0.445959
0.477305
0.542376
0.3882
0.513434
0.683737
0.537596
0.49418
0.442263
0.498398
0.547026
0.461395
0.427633
0.409173
0.472641
0.41928
0.435928
0.443565
0.424246
0.637042
0.606679
0.631638
0.611955
0.566642
0.421865
0.482378
0.319323
0.625496
0.564662
0.541875
0.423351
0.49703
0.334264
0.527472
0.384651
0.565532
0.452939
0.582849
0.513045
0.365
0.496001
0.474749
0.420949
0.709987
0.494921
0.552871
0.508889
0.489718
0.508332
0.520204
0.484543
0.34503
0.5252
0.611897
0.598736
0.510975
0.358991
0.556483
0.688838
0.596206
0.511154
0.494129
0.45205
0.383537
0.626826
0.552299
0.528102
0.574372
0.635139
0.530037
0.452897
0.662949
0.561087
0.417846
0.451696
0.614653
0.615411
0.380927
0.472439
0.53592
0.513505
0.559307
0.516859
0.461535
0.343886
0.389188
0.309049
0.448411
0.501271
0.425614
0.448192
0.453227
0.718877
0.647338
0.424188
0.484555
0.579054
0.450562
0.431949
0.558424
0.55092
0.488987
0.502149
0.349529
0.598176
0.493407
0.373272
0.518572
0.419828
0.504855
0.461806
0.509514
0.631067
0.381084
0.444487
0.548792
0.361083
0.386966
0.348497
0.541846
0.439134
0.555152
0.652595
0.350558
0.459708
0.604131
0.534145
0.548515
0.362158
0.326604
0.554069
0.389276
0.529723
0.511864
0.55377
0.486101
0.607352
0.541667
0.4451
0.48988
0.457333
0.399845
0.506494
0.565304
0.516199
0.361708
0.355398
0.503564
0.585957
0.480053
0.649176
0.373173
0.487205
0.660379
0.573691
0.498789
0.521224
0.418701
0.510801
0.471165
0.432676
0.54112
0.533033
0.429682
0.434069
0.315095
0.55574
0.322159
0.547663
0.278154
0.584054
0.534945
0.340054
0.430541
0.524018
0.499554
0.369179
0.484092
0.484269
0.320415
0.433022
0.370424
0.576707
0.331564
0.603837
0.407266
0.63159
0.37839
0.651235
0.52259
0.474568
0.433854
0.502009
0.361937
0.370134
0.496842
0.4541
0.455149
0.518077
0.483622
0.656652
0.394477
0.596486
0.511655
0.587616
0.376825
0.476943
0.588265
0.504913
0.588671
0.494517
0.455001
0.516674
0.462986
0.537263
0.501749
0.410644
0.713252
0.526898
0.452985
0.702316
0.450467
0.394421
0.541808
0.505948
0.414795
0.611419
0.525683
0.402099
0.604317
0.51987
0.461105
0.369885
0.559099
0.410263
0.542694
0.571675
0.559599
0.529912
0.525462
0.522463
0.624186
0.360328
0.587342
0.645722
0.641362
0.484605
0.6523
0.61203
0.448025
0.472746
0.582639
0.676336
0.36591
0.444927
0.462417
0.474211
0.634129
0.52972
0.632141
0.50703
0.626496
0.616309
0.498207
0.440489
0.518127
0.506793
0.428826
0.360446
0.366564
0.406676
0.661468
0.574583
0.398461
0.648687
0.585111
0.517916
0.543669
0.627112
0.423912
0.614724
0.534303
0.326827
0.437136
0.468989
0.487189
0.563281
0.563512
0.39997
0.513849
0.506685
0.476444
0.409066
0.352968
0.445718
0.579788
0.458675
0.596087
0.453058
0.462176
0.563238
0.478002
0.547128
0.441191
0.437246
0.629187
0.501413
0.366909
0.514483
0.438298
0.63481
0.417683
0.447305
0.448615
0.423423
0.409261
0.51433
0.413044
0.506331
0.551647
0.409383
0.458121
0.414812
0.52639
0.35412
0.558184
0.536583
0.420252
0.471275
0.396707
0.433647
0.43951
0.37498
0.592557
0.564332
0.642405
0.379179
0.594702
0.51719
0.765551
0.594655
0.399703
0.646404
0.383395
0.479739
0.422084
0.505436
0.528081
0.5293
0.448469
0.507616
0.410383
0.331126
0.532153
0.499475
0.520628
0.388376
0.435541
0.514589
0.451831
0.601271
0.603699
0.482785
0.575517
0.620759
0.553018
0.301558
0.514026
0.43139
0.284775
0.533592
0.491344
0.490202
0.484172
0.476313
0.507796
0.442909
0.341206
0.556422
0.672227
0.55826
0.330492
0.534392
0.538565
0.565925
0.612968
0.460961
0.531945
0.452821
0.273166
0.409644
0.512861
0.467328
0.28154
0.416365
0.51609
0.500346
0.472099
0.589307
0.4144
0.556704
0.451382
0.509124
0.59537
0.399961
0.505616
0.521697
0.502882
0.548143
0.548634
0.532619
0.483176
0.417524
0.453957
0.344665
0.388609
0.556084
0.540191
0.536497
0.530539
0.477777
0.629697
0.462917
0.536067
0.603323
0.676253
0.56398
0.551607
0.632728
0.558218
0.502347
0.54958
0.31929
0.459493
0.505245
0.632767
0.484371
0.511347
0.369488
0.494176
0.506748
0.543957
0.494982
0.478529
0.539888
0.497304
0.544222
0.304775
0.555022
0.466831
0.482283
0.347307
0.577431
0.510067
0.333863
0.436841
0.477877
0.716188
0.500954
0.530215
0.400641
0.541282
0.516743
0.411608
0.354194
0.637849
0.568403
0.52601
0.56
0.557859
0.503424
0.409013
0.749544
0.384481
0.441211
0.565295
0.51916
0.448352
0.643665
0.361457
0.396796
0.410058
0.455523
0.537122
0.544366
0.441277
0.307261
0.501529
0.413886
0.512803
0.68037
0.471107
0.595102
0.498468
0.466889
0.616797
0.536872
0.629745
0.512066
0.628192
0.594079
0.486611
0.61108
0.464816
0.446388
0.586012
0.437784
0.453173
0.654695
0.530079
0.515437
0.601459
0.46564
0.501988
0.496457
0.542118
0.544093
0.648188
0.500238
0.575706
0.508055
0.461447
0.565108
0.377805
0.459936
0.78
0.402538
0.544013
0.552718
0.443812
0.598752
0.286306
0.599032
0.499806
0.590897
0.557384
0.525712
0.423637
0.551987
0.46783
0.295924
0.526403
0.650858
0.574276
0.365493
0.440461
0.41039
0.454967
0.509583
0.529292
0.369307
0.55246
0.350425
0.44214
0.659869
0.351443
0.536312
0.634935
0.445834
0.572952
0.566598
0.404796
0.522064
0.504525
0.527009
0.636176
0.459215
0.449165
0.494051
0.432503
0.583946
0.464186
0.586886
0.407964
0.417153
0.57438
0.58953
0.339825
0.649727
0.682164
0.435796
0.332502
0.617394
0.660673
0.343908
0.320352
0.343213
0.404046
0.507271
0.536942
0.548342
0.522427
0.49238
0.404343
0.488715
0.307485
0.564414
0.546757
0.457303
0.357545
0.455574
0.408601
0.498659
0.53969
0.510757
0.457905
0.414486
0.479494
0.389694
0.581716
0.396
0.307305
0.474214
0.630927
0.50087
0.453303
0.523813
0.447789
0.399583
0.571811
0.542258
0.610085
0.54808
0.588647
0.362463
0.451774
0.500564
0.503565
0.52644
0.470677
0.558394
0.543125
0.531618
0.609545
0.458026
0.447609
0.434385
0.597655
0.43299
0.58888
0.446226
0.465839
0.641902
0.554372
0.527373
0.398657
0.536583
0.595665
0.577386
0.563172
0.551343
0.628391
0.541655
0.654599
0.626553
0.383496
0.497313
0.624873
0.436647
0.548167
0.551598
0.610933
0.574709
0.298003
0.480216
0.555357
0.352882
0.610301
0.452817
0.512705
0.409796
0.361617
0.537199
0.660752
0.273318
0.651011
0.543393
0.386542
0.608889
0.553711
0.463331
0.493015
0.590805
0.398173
0.58131
0.572681
0.66578
0.572817
0.674992
0.320665
0.435204
0.607002
0.696248
0.610174
0.464496
0.534055
0.515629
0.629243
0.335023
0.332503
0.433836
0.478397
0.486069
0.554883
0.508045
0.454641
0.651356
0.491814
0.610506
0.597975
0.476684
0.382312
0.43135
0.452413
0.512262
0.469561
0.65707
0.59426
0.605326
0.414694
0.600688
0.406197
0.575717
0.519364
0.729131
0.526481
0.439055
0.571217
0.527879
0.478378
0.649246
0.314608
0.562485
0.385698
0.464034
0.562234
0.541091
0.406109
0.594375
0.401601
0.551596
0.564671
0.480433
0.513539
0.441668
0.345816
0.344019
0.508258
0.52931
0.502786
0.499337
0.597727
0.576247
0.469319
0.660936
0.66142
0.725903
0.40915
0.469776
0.625768
0.50228
0.314686
0.465374
0.465948
0.785605
0.466985
0.464012
0.551891
0.425086
0.494952
0.460024
0.598702
0.518721
0.522451
0.549204
0.444945
0.384568
0.367817
0.480423
0.470545
0.567468
0.46101
0.573565
0.479324
0.469706
0.569468
0.498912
0.409482
0.363658
0.674471
0.395162
0.498605
0.538967
0.515621
0.710286
0.518073
0.456361
0.521826
0.581449
0.605014
0.524737
0.67294
0.427266
0.458235
0.487649
0.487021
0.707696
0.527847
0.299921
0.403929
0.413898
0.616564
0.394571
0.636763
0.382407
0.523971
0.584822
0.488447
0.385027
0.503295
0.515471
0.581511
0.527866
0.463532
0.672428
0.42495
0.399954
0.538037
0.578778
0.542761
0.543945
0.553988
0.550233
0.514602
0.478411
0.475392
0.452389
0.429754
0.483275
0.455604
0.596716
0.531365
0.36697
0.523599
0.531771
0.528738
0.265927
0.541521
0.530603
0.581204
0.58403
0.509317
0.344918
0.707896
0.761724
0.555536
0.491038
0.453531
0.471471
0.441674
0.552268
0.341082
0.568291
0.520703
0.426786
0.468006
0.581149
0.528714
0.41972
0.453473
0.512999
0.451901
0.472595
0.619824
0.424305
0.399356
0.542875
0.592272
0.506897
0.625472
0.490843
0.526619
0.51206
0.483996
0.500615
0.525589
0.478777
0.55907
0.456587
0.380098
0.415082
0.506884
0.516163
0.572617
0.517495
0.454836
0.464153
0.605537
0.470581
0.543381
0.403727
0.568228
0.450656
0.459031
0.33338
0.43227
0.564735
0.595247
0.578874
0.665127
0.38782
0.49125
0.693648
0.478282
0.518685
0.537059
0.510746
0.576675
0.456314
0.496336
0.423811
0.552038
0.606214
0.586909
0.394247
0.563507
0.657814
0.47213
0.426172
0.474682
0.531248
0.654484
0.320325
0.667081
0.473791
0.426173
0.712606
0.325712
0.493292
0.419667
0.622476
0.893272
0.547967
0.514486
0.48097
0.515271
0.468929
0.494785
0.577593
0.449139
0.573895
0.515562
0.459928
0.386177
0.537511
0.32362
0.639287
0.435992
0.615789
0.492679
0.300294
0.54881
0.479166
0.570312
0.481798
0.601888
0.490736
0.497676
0.491052
0.351985
0.473239
0.75128
0.432639
0.456662
0.440404
0.469305
0.478141
0.39294
0.425305
0.563292
0.572072
0.552649
0.520383
0.579287
0.464162
0.469559
0.550863
0.460793
0.477562
0.33419
0.335272
0.579204
0.467111
0.477953
0.443852
0.53563
0.591325
0.559075
0.547646
0.501339
0.516274
0.558535
0.3581
0.452297
0.589099
0.395022
0.589028
0.466597
0.563397
0.393696
0.429845
0.591816
0.328259
0.394337
0.500982
0.352641
0.687281
0.560224
0.369437
0.557394
0.453397
0.649877
0.534459
0.37534
0.46989
0.439588
0.35036
0.394966
0.537512
0.535426
0.535527
0.536692
0.622133
0.489197
0.523693
0.681758
0.336903
0.333625
0.645593
0.59231
0.437418
0.577779
0.486133
0.535991
0.537923
0.554582
0.544258
0.591625
0.451125
0.587996
0.429709
0.400858
0.273695
0.648271
0.562922
0.543913
0.484103
0.689417
0.401312
0.255884
0.388926
0.413857
0.597268
0.563279
0.448329
0.584976
0.600161
0.408813
0.530939
0.509078
0.546745
0.44572
0.492851
0.534049
0.641334
0.321134
0.545061
0.662788
0.409179
0.431395
0.568136
0.45526
0.313495
0.420371
0.452465
0.29381
0.558638
0.505223
0.386958
0.612148
0.458925
0.752271
0.488622
0.539205
0.534671
0.488937
0.559932
0.48483
0.503999
0.426006
0.48047
0.495098
0.57105
0.47772
0.383847
0.330761
0.568227
0.505523
0.540422
0.473166
0.292141
0.474541
0.460893
0.437741
0.679982
0.600152
0.455353
0.575936
0.505023
0.475325
0.42693
0.47228
0.427047
0.307616
0.44868
0.494004
0.615485
0.55808
0.566911
0.526451
0.370093
0.562552
0.593662
0.528297
0.596031
0.529099
0.39559
0.566349
0.647235
0.54368
0.456044
0.540516
0.434003
0.379368
0.381639
0.485291
0.597759
0.492735
0.544178
0.734876
0.38796
0.70431
0.593295
0.56488
0.633184
0.498294
0.544729
0.474266
0.380435
0.439976
0.543667
0.547045
0.483746
0.59762
0.522117
0.433961
0.555193
0.56882
0.513829
0.520208
0.548457
0.64965
0.459785
0.596011
0.527114
0.34818
0.631816
0.422667
0.47685
0.532245
0.421459
0.487422
0.652834
0.614588
0.585657
0.566364
0.410536
0.316842
0.410486
0.565265
0.650254
0.617033
0.548565
0.584115
0.512709
0.573616
0.405403
0.451833
0.695056
0.632308
0.594408
0.403473
0.513701
0.560284
0.64985
0.622973
0.622349
0.715559
0.381595
0.550313
0.400742
0.547686
0.474947
0.552713
0.561562
0.639166
0.583484
0.485282
0.480025
0.535247
0.432279
0.617318
0.532714
0.573077
0.743463
0.476239
0.439214
0.309461
0.415589
0.361893
0.532188
0.359725
0.432799
0.609804
0.43851
0.498523
0.449327
0.732656
0.536135
0.536646
0.389404
0.345138
0.55842
0.57622
0.422159
0.578015
0.64962
0.559932
0.515635
0.513097
0.432327
0.56822
0.543587
0.521565
0.329657
0.481635
0.413247
0.663857
0.492005
0.413875
0.501771
0.410141
0.610237
0.334253
0.533631
0.466162
0.4542
0.536672
0.600714
0.440031
0.657487
0.475422
0.321466
0.661305
0.576397
0.376445
0.454905
0.664504
0.383082
0.445934
0.429892
0.674966
0.609903
0.536483
0.519563
0.58575
0.544029
0.594214
0.585355
0.590045
0.378371
0.598657
0.434606
0.634373
0.356958
0.520379
0.580224
0.683595
0.409886
0.459688
0.360456
0.439561
0.355038
0.392993
0.471324
0.531003
0.350742
0.54168
0.483821
0.493047
0.515644
0.491664
0.462495
0.680523
0.48903
0.530048
0.471573
0.610002
0.486905
0.428587
0.549319
0.501303
0.416173
0.391968
0.550844
0.489971
0.541247
0.502169
0.504119
0.408016
0.554516
0.528459
0.493469
0.380988
0.584066
0.435866
0.579374
0.665234
0.579116
0.413245
0.382902
0.649983
0.545661
0.455337
0.607667
0.474656
0.661834
0.571498
0.641719
0.462619
0.484529
0.557067
0.476285
0.648332
0.565877
0.551607
0.497856
0.475677
0.430173
0.521557
0.554606
0.570988
0.518901
0.443085
0.367678
0.34511
0.393534
0.324234
0.3524
0.354595
0.592801
0.593745
0.334031
0.452902
0.473173
0.297174
0.487153
0.488295
0.418319
0.47927
0.597378
0.555847
0.585335
0.494795
0.538552
0.486817
0.562588
0.6783
0.578169
0.359377
0.546008
0.416621
0.568263
0.540499
0.497746
0.506156
0.648543
0.619566
0.533111
0.640255
0.5831
0.570053
0.488731
0.560343
0.471511
0.376432
0.456941
0.51768
0.519742
0.489186
0.4284
0.530933
0.525729
0.52166
0.566989
0.588018
0.629102
0.478206
0.548079
0.428974
0.593996
0.503881
0.623258
0.459865
0.538479
0.471751
0.431683
0.386042
0.593594
0.574612
0.560212
0.516335
0.569618
0.463735
0.461524
0.578052
0.526597
0.378012
0.671476
0.49593
0.490807
0.532677
0.423933
0.526471
0.528285
0.487546
0.543411
0.502371
0.481127
0.490496
0.60282
0.430044
0.591767
0.392707
0.365695
0.496503
0.484989
0.457934
0.589301
0.580165
0.446959
0.538909
0.447023
0.423408
0.535079
0.569702
0.335514
0.413009
0.572025
0.523682
0.564068
0.327846
0.42183
0.4125
0.480748
0.351567
0.515423
0.552281
0.571813
0.411158
0.387565
0.59901
0.478014
0.390691
0.306658
0.455859
0.603389
0.582738
0.623409
0.481013
0.449177
0.678284
0.433899
0.475299
0.487537
0.259218
0.547117
0.504733
0.496778
0.445757
0.466548
0.413857
0.611822
0.564482
0.439939
0.511546
0.400677
0.640879
0.400918
0.361718
0.559724
0.483633
0.52063
0.487178
0.527625
0.416143
0.407127
0.59561
0.349737
0.424041
0.534758
0.462506
0.481907
0.625779
0.455336
0.356588
0.504582
0.536599
0.637408
0.669106
0.425174
0.584531
0.499459
0.309113
0.678686
0.5503
0.447432
0.452655
0.393589
0.541324
0.396474
0.384562
0.572029
0.573281
0.451341
0.647321
0.44041
0.320957
0.539441
0.512285
0.258495
0.41344
0.434997
0.414265
0.43214
0.386927
0.482386
0.341327
0.456852
0.371759
0.6212
0.44738
0.626368
0.478533
0.435133
0.555966
0.572484
0.561457
0.391315
0.549389
0.359419
0.575363
0.306251
0.488156
0.537992
0.706101
0.569058
0.481432
0.47195
0.542302
0.67221
0.530035
0.480811
0.669791
0.344559
0.589261
0.600605
0.408187
0.450889
0.649594
0.445943
0.572557
0.616842
0.509177
0.563863
0.531217
0.557547
0.412654
0.601944
0.444084
0.532828
0.45682
0.570199
0.304273
0.621402
0.514259
0.458293
0.568885
0.601006
0.601955
0.576682
0.453239
0.540917
0.42263
0.522255
0.476067
0.357878
0.43236
0.626146
0.481479
0.355942
0.338776
0.623377
0.52679
0.465322
0.509958
0.491038
0.61357
0.414822
0.474917
0.633736
0.352565
0.716982
0.422305
0.55209
0.491437
0.514601
0.654828
0.512059
0.597502
0.531813
0.532567
0.73993
0.676
0.492448
0.439228
0.699849
0.517636
0.51292
0.531108
0.36775
0.307467
0.446429
0.479345
0.497639
0.590468
0.649793
0.591813
0.48317
0.377391
0.563745
0.501781
0.349494
0.487823
0.642084
0.436274
0.367416
0.56562
0.434574
0.527801
0.46389
0.565176
0.523041
0.708962
0.409937
0.695272
0.529627
0.530166
0.499101
0.420544
0.360717
0.566511
0.486581
0.55884
0.419552
0.430648
0.641207
0.476099
0.415102
0.584233
0.669473
0.568575
0.514306
0.641337
0.402855
0.435596
0.429273
0.683004
0.696689
0.484255
0.400632
0.552875
0.470897
0.470768
0.43271
0.579628
0.529892
0.471479
0.355743
0.572735
0.531034
0.589793
0.434898
0.563815
0.428011
0.443593
0.315362
0.716681
0.497581
0.340969
0.58733
0.804899
0.465123
0.440394
0.374228
0.456523
0.376486
0.404722
0.492047
0.391407
0.520646
0.496719
0.497201
0.32729
0.689729
0.427062
0.534838
0.506631
0.469969
0.454059
0.419084
0.496963
0.389218
0.447627
0.621216
0.543292
0.503648
0.668306
0.611293
0.601873
0.288316
0.275426
0.493314
0.360457
0.503296
0.566775
0.393497
0.450903
0.539118
0.465418
0.405801
0.585807
0.502277
0.407617
0.568354
0.40161
0.383605
0.449037
0.538967
0.466395
0.45935
0.49475
0.557468
0.411398
0.306801
0.471807
0.627085
0.571014
0.473372
0.401429
0.51669
0.566867
0.720054
0.691157
0.480183
0.547305
0.467192
0.455585
0.408894
0.594453
0.602576
0.487564
0.37735
0.636722
0.668857
0.440064
0.41234
0.555503
0.529348
0.642158
0.509697
0.450484
0.418263
0.360869
0.542771
0.528888
0.513541
0.433901
0.551108
0.70964
0.527363
0.636561
0.667342
0.484301
0.591554
0.30947
0.43489
0.55237
0.522072
0.561912
0.588526
0.449338
0.478807
0.478981
0.714465
0.511647
0.393979
0.598963
0.476121
0.473522
0.52441
0.490651
0.386214
0.566384
0.590008
0.448593
0.425465
0.592362
0.492837
0.537554
0.652607
0.469195
0.568132
0.355732
0.520011
0.49459
0.700723
0.44958
0.503739
0.55389
0.647284
0.501342
0.376359
0.495695
0.436918
0.423714
0.495405
0.425833
0.579583
0.434291
0.449894
0.62089
0.49391
0.445785
0.301825
0.538282
0.472993
0.496241
0.679142
0.500611
0.638758
0.656781
0.621158
0.457852
0.492556
0.492685
0.446968
0.581706
0.451649
0.416883
0.611921
0.422197
0.568302
0.563247
0.536746
0.457416
0.460203
0.320314
0.638446
0.493068
0.537987
0.504375
0.361633
0.519275
0.497663
0.314156
0.603487
0.60785
0.352761
0.297553
0.54505
0.434069
0.61308
0.474239
0.34612
0.332713
0.373903
0.596154
0.330518
0.448962
0.461628
0.391243
0.283043
0.520497
0.588747
0.42406
0.398962
0.527924
0.403172
0.520116
0.571412
0.476463
0.573921
0.43918
0.371612
0.622576
0.537208
0.445965
0.571339
0.635022
0.734023
0.514978
0.476622
0.480596
0.402309
0.519514
0.586167
0.450588
0.543871
0.593148
0.557538
0.594789
0.568203
0.515271
0.558657
0.70565
0.422429
0.360559
0.401732
0.395959
0.648589
0.465526
0.601208
0.539225
0.566555
0.60358
0.466939
0.492703
0.562843
0.623304
0.338232
0.698781
0.472691
0.692945
0.484008
0.561259
0.574721
0.507399
0.538818
0.51878
0.474613
0.552235
0.614001
0.388521
0.536187
0.482606
0.517798
0.328955
0.325368
0.363149
0.437763
0.471359
0.564497
0.528295
0.483351
0.395448
0.551532
0.260652
0.556088
0.575358
0.680658
0.548431
0.309262
0.497936
0.407906
0.571153
0.478606
0.656109
0.537386
0.576175
0.509968
0.445866
0.56077
0.446816
0.679513
0.546172
0.464699
0.426197
0.496506
0.536927
0.527834
0.549142
0.398276
0.510838
0.461253
0.647807
0.491499
0.460886
0.603002
0.534946
0.563429
0.575817
0.359559
0.432054
0.581301
0.551905
0.494072
0.397849
0.517594
0.429971
0.493204
0.425897
0.283423
0.392474
0.401503
0.318412
0.421843
0.506224
0.594195
0.606583
0.507365
0.672081
0.666372
0.476039
0.617539
0.443772
0.548556
0.569355
0.486985
0.403737
0.515645
0.475773
0.523761
0.634709
0.638306
0.481615
0.362527
0.601494
0.432884
0.443108
0.64846
0.558215
0.297933
0.55667
0.590427
0.422069
0.482524
0.639944
0.491453
0.605402
0.413495
0.500178
0.359031
0.573713
0.515838
0.554811
0.517395
0.397974
0.592482
0.482426
0.488349
0.395427
0.686712
0.520484
0.576842
0.603801
0.432543
0.489567
0.591957
0.509682
0.505364
0.412116
0.653534
0.552544
0.417222
0.506932
0.679195
0.651731
0.358129
0.579013
0.516027
0.654457
0.466822
0.487545
0.475765
0.378678
0.521426
0.463179
0.351793
0.525482
0.572512
0.35898
0.340863
0.561388
0.398049
0.55775
0.461919
0.421775
0.441825
0.621658
0.558975
0.462399
0.503889
0.458449
0.59452
0.486775
0.483644
0.491735
0.384443
0.702939
0.633224
0.461181
0.495009
0.613948
0.360825
0.541686
0.316959
0.522177
0.630703
0.558896
0.351323
0.328335
0.338566
0.791733
0.486072
0.531839
0.598134
0.390847
0.512261
0.590012
0.456655
0.405212
0.522867
0.569311
0.664221
0.39736
0.557026
0.422615
0.553723
0.441027
0.596923
0.45235
0.545362
0.533257
0.394127
0.470025
0.571617
0.616317
0.496675
0.538534
0.425636
0.393032
0.467745
0.584357
0.468031
0.632436
0.531315
0.592571
0.484101
0.400932
0.449691
0.448374
0.565513
0.617406
0.432353
0.664596
0.397542
0.619053
0.495095
0.535451
0.464968
0.237935
0.632949
0.482581
0.546772
0.52657
0.339931
0.610206
0.351802
0.53415
0.50317
0.361978
0.554627
0.423247
0.418518
0.572937
0.522797
0.530159
0.519265
0.435722
0.483779
0.510331
0.679115
0.550982
0.561884
0.573559
0.545112
0.607728
0.522483
0.501968
0.375737
0.340121
0.492905
0.55704
0.503932
0.732991
0.486388
0.420258
0.514317
0.499161
0.537506
0.475178
0.418431
0.527425
0.364544
0.52708
0.431336
0.400814
0.606281
0.569568
0.497455
0.610566
0.53772
0.545813
0.383055
0.342
0.351295
0.615408
0.447319
0.484261
0.397154
0.626062
0.623462
0.516704
0.408105
0.502667
0.485911
0.55046
0.491884
0.504544
0.649064
0.354493
0.555413
0.564952
0.737704
0.371258
0.532751
0.415228
0.488656
0.527849
0.620468
0.309211
0.48781
0.574288
0.481226
0.401875
0.61618
0.631416
0.358343
0.399388
0.473175
0.506604
0.45118
0.58609
0.364807
0.436295
0.433219
0.447157
0.48908
0.640174
0.451705
0.544021
0.520363
0.422519
0.529792
0.462864
0.589028
0.532112
0.399137
0.544825
0.472229
0.392818
0.422932
0.519799
0.456179
0.642768
0.52639
0.604025
0.499835
0.570821
0.633725
0.484919
0.424438
0.514808
0.517726
0.504886
0.47287
0.486793
0.600006
0.669156
0.527327
0.616402
0.497093
0.44093
0.443348
0.654051
0.489526
0.450429
0.452761
0.651648
0.498152
0.532725
0.307635
0.539185
0.383876
0.522482
0.581868
0.441361
0.644116
0.47206
0.516576
0.529194
0.461274
0.522681
0.389953
0.577346
0.465533
0.546645
0.511843
0.498673
0.406367
0.491893
0.487757
0.653282
0.484127
0.598444
0.566629
0.480178
0.475152
0.519565
0.481118
0.375343
0.590837
0.468783
0.608808
0.540886
0.443156
0.627135
0.527168
0.45568
0.346161
0.483348
0.504698
0.468678
0.464983
0.442899
0.565184
0.49189
0.430947
0.430204
0.381539
0.570776
0.573374
0.72146
0.50023
0.435596
0.475746
0.483947
0.56682
0.588046
0.545883
0.360875
0.517697
0.553263
0.59685
0.529137
0.522573
0.528109
0.567318
0.570639
0.606887
0.482375
0.467155
0.736111
0.752769
0.620367
0.516045
0.543625
0.471747
0.386098
0.649951
0.442322
0.561926
0.496085
0.302303
0.485095
0.606887
0.609559
0.423784
0.492318
0.443074
0.496641
0.586645
0.551926
0.517012
0.340852
0.526507
0.389489
0.473175
0.613079
0.406626
0.455161
0.557884
0.479916
0.446645
0.412702
0.494159
0.460085
0.539876
0.279015
0.576938
0.418392
0.490196
0.550962
0.457659
0.387509
0.531665
0.569464
0.431684
0.433591
0.451001
0.609209
0.311611
0.532568
0.415104
0.545536
0.564026
0.499706
0.312803
0.538384
0.60681
0.515834
0.252094
0.386434
0.408597
0.419376
0.511114
0.442892
0.501571
0.384164
0.523151
0.447614
0.613267
0.57874
0.483033
0.418573
0.442607
0.503664
0.394234
0.458939
0.549926
0.429109
0.533117
0.374327
0.500252
0.505834
0.488702
0.458048
0.39368
0.49836
0.54345
0.490496
0.336156
0.39001
0.392518
0.512042
0.648576
0.635205
0.656021
0.567148
0.681577
0.48523
0.620836
0.380636
0.597989
0.389438
0.555542
0.415372
0.504391
0.37465
0.474086
0.573885
0.45779
0.531298
0.580836
0.544718
0.542949
0.585629
0.411685
0.557617
0.510422
0.313066
0.492907
0.499903
0.384905
0.348621
0.471506
0.559697
0.498011
0.376021
0.427827
0.599914
0.569141
0.427984
0.563215
0.530245
0.652633
0.40589
0.562567
0.332622
0.488907
0.427839
0.363619
0.508932
0.441865
0.4399
0.421884
0.558045
0.474315
0.476107
0.542135
0.252486
0.507747
0.428574
0.454408
0.473374
0.632296
0.589841
0.54451
0.475523
0.477271
0.655384
0.50603
0.492893
0.522159
0.424978
0.362925
0.557837
0.522536
0.617388
0.418743
0.395916
0.544866
0.713652
0.420596
0.571268
0.248678
0.569989
0.683039
0.395872
0.424157
0.492168
0.699
0.379274
0.487716
0.438917
0.571998
0.483647
0.35764
0.522782
0.535857
0.462338
0.476426
0.602579
0.485193
0.698327
0.615982
0.512402
0.621986
0.422322
0.396372
0.547899
0.430531
0.578458
0.468318
0.53134
0.525168
0.41891
0.554228
0.702759
0.572158
0.446942
0.612008
0.335236
0.469129
0.491251
0.380499
0.348187
0.472562
0.482711
0.48486
0.49328
0.39578
0.61793
0.524783
0.513401
0.556979
0.432283
0.437955
0.625863
0.538831
0.5684
0.525684
0.456838
0.528246
0.714342
0.447187
0.454768
0.436908
0.398991
0.533514
0.436298
0.660214
0.470462
0.441655
0.569045
0.5143
0.546622
0.563898
0.471321
0.597854
0.415088
0.427015
0.509675
0.457452
0.573346
0.46042
0.500931
0.492178
0.337927
0.681943
0.476166
0.515339
0.314852
0.644418
0.539857
0.498092
0.611838
0.505803
0.358194
0.451843
0.486039
0.33007
0.536375
0.363324
0.459379
0.495673
0.395417
0.578251
0.496808
0.482881
0.534879
0.636533
0.531113
0.530835
0.568588
0.394012
0.531167
0.599709
0.546319
0.62274
0.64881
0.542863
0.325096
0.563867
0.44281
0.688449
0.42962
0.414189
0.466667
0.649428
0.442052
0.259484
0.42026
0.425495
0.487218
0.42478
0.303668
0.729956
0.330045
0.493712
0.574728
0.469114
0.377826
0.45619
0.400215
0.421252
0.580709
0.4756
0.503793
0.506856
0.549567
0.623808
0.452149
0.511218
0.461199
0.514279
0.384048
0.415116
0.396589
0.370607
0.475287
0.508794
0.458729
0.399858
0.645817
0.408982
0.442298
0.597082
0.653609
0.368248
0.378273
0.589439
0.683078
0.460493
0.352315
0.535382
0.524202
0.54593
0.296571
0.526387
0.451721
0.563428
0.580308
0.395748
0.552106
0.367625
0.475562
0.620976
0.409258
0.522752
0.549803
0.413397
0.548173
0.584631
0.438353
0.620539
0.449112
0.546853
0.575106
0.523969
0.683067
0.396672
0.410877
0.397241
0.682615
0.520671
0.524465
0.495661
0.450535
0.419795
0.43234
0.381609
0.421829
0.537881
0.528589
0.646178
0.533073
0.277349
0.537596
0.369934
0.51633
0.470217
0.437658
0.572622
0.623097
0.492197
0.514569
0.433679
0.497069
0.552087
0.52994
0.422449
0.452777
0.458266
0.439848
0.559013
0.480436
0.558596
0.475147
0.533608
0.385618
0.56957
0.495587
0.544592
0.385656
0.355101
0.355652
0.472002
0.522947
0.48483
0.470817
0.585726
0.518639
0.596425
0.448692
0.494387
0.578412
0.305811
0.450322
0.473041
0.575414
0.553853
0.47268
0.46483
0.573625
0.447509
0.494173
0.433768
0.418262
0.448034
0.60076
0.552861
0.608073
0.478306
0.411075
0.443791
0.577684
0.465924
0.444713
0.541443
0.55642
0.508221
0.328627
0.538562
0.53332
0.739881
0.412362
0.472873
0.546329
0.503385
0.463638
0.451026
0.326953
0.56704
0.641575
0.560753
0.369924
0.504856
0.495614
0.504667
0.460714
0.447107
0.514015
0.39615
0.582021
0.429907
0.346539
0.589814
0.533618
0.516675
0.451746
0.376068
0.338252
0.433913
0.570094
0.451313
0.569554
0.458206
0.499828
0.382364
0.526203
0.410954
0.553407
0.615708
0.489861
0.561792
0.498018
0.539223
0.442703
0.511268
0.33449
0.486052
0.483602
0.417823
0.444716
0.477324
0.370369
0.453669
0.438468
0.43246
0.428668
0.618697
0.456263
0.432826
0.506555
0.411067
0.435736
0.506547
0.516847
0.547675
0.424734
0.509284
0.49781
0.647206
0.425161
0.607866
0.635956
0.533032
0.477336
0.430639
0.53298
0.582743
0.545462
0.530474
0.362198
0.545604
0.440542
0.613387
0.548086
0.668808
0.517883
0.517743
0.415832
0.51788
0.512096
0.386074
0.496079
0.446152
0.523298
0.453558
0.43331
0.462743
0.443989
0.584223
0.534632
0.568015
0.516857
0.718012
0.508982
0.470001
0.439561
0.448825
0.485052
0.564847
0.483308
0.435728
0.559524
0.45882
0.367827
0.456524
0.415484
0.42899
0.636123
0.44493
0.564174
0.464195
0.298176
0.509613
0.501486
0.597465
0.46354
0.415399
0.533943
0.535577
0.558547
0.513971
0.517135
0.410974
0.624659
0.443424
0.562894
0.525785
0.420219
0.473065
0.40977
0.527246
0.49871
0.451882
0.514628
0.54832
0.512341
0.526137
0.511505
0.566864
0.390621
0.623569
0.597106
0.381226
0.569319
0.358714
0.540634
0.569673
0.396009
0.495912
0.378916
0.295591
0.514189
0.413548
0.746052
0.539921
0.428717
0.445176
0.500133
0.386845
0.581109
0.530128
0.64782
0.458239
0.514031
0.488308
0.43087
0.486963
0.480072
0.540874
0.426995
0.438594
0.450692
0.530519
0.330671
0.535698
0.607
0.452154
0.317861
0.508338
0.44483
0.486757
0.561849
0.588971
0.502307
0.538237
0.455666
0.489476
0.618952
0.505173
0.509914
0.442554
0.461082
0.376304
0.433008
0.559283
0.699099
0.320716
0.364201
0.449149
0.298008
0.550658
0.51799
0.468386
0.383305
0.366986
0.511823
0.50701
0.570143
0.354245
0.387262
0.594448
0.394479
0.574449
0.598091
0.598213
0.560679
0.615613
0.627087
0.709569
0.520832
0.583175
0.506502
0.554721
0.426825
0.479435
0.455542
0.439533
0.546987
0.598182
0.411441
0.43035
0.614917
0.568725
0.318996
0.493026
0.378875
0.515547
0.356709
0.556766
0.445894
0.356865
0.315973
0.538954
0.465571
0.547385
0.513006
0.561649
0.674257
0.477576
0.401535
0.409971
0.52116
0.473838
0.467494
0.527129
0.423642
0.600944
0.425306
0.410365
0.449794
0.350181
0.598567
0.566642
0.602128
0.603647
0.45627
0.506406
0.477036
0.597188
0.48895
0.698309
0.600409
0.56149
0.447451
0.477294
0.490636
0.602875
0.530253
0.492981
0.475944
0.492381
0.293623
0.704827
0.493847
0.463736
0.672104
0.47506
0.526234
0.477867
0.635149
0.479913
0.274427
0.393616
0.568989
0.554235
0.554314
0.49137
0.6611
0.504055
0.592424
0.328334
0.577921
0.566246
0.429629
0.561225
0.364757
0.563929
0.589902
0.454175
0.460065
0.700812
0.447378
0.39667
0.404638
0.557187
0.625702
0.388398
0.63944
0.594831
0.48948
0.204886
0.524164
0.547599
0.338383
0.539854
0.471833
0.569007
0.690271
0.62724
0.483089
0.627675
0.540462
0.477874
0.477034
0.285986
0.610067
0.522836
0.553833
0.666873
0.54708
0.537519
0.687531
0.608175
0.719709
0.427504
0.635819
0.423534
0.342205
0.589337
0.566788
0.333325
0.59922
0.616357
0.540965
0.498661
0.585527
0.601753
0.450223
0.586031
0.553701
0.498039
0.503436
0.509667
0.363137
0.624203
0.562017
0.443266
0.449586
0.468778
0.566789
0.362223
0.485137
0.419146
0.560878
0.472069
0.574385
0.554392
0.401642
0.598322
0.433295
0.571082
0.567891
0.657517
0.523035
0.268346
0.606976
0.398689
0.361878
0.500694
0.529561
0.499112
0.413992
0.514013
0.548213
0.517667
0.554783
0.412243
0.469199
0.453686
0.538181
0.559233
0.48518
0.528694
0.542085
0.402337
0.379754
0.602984
0.343932
0.511324
0.443098
0.458499
0.379146
0.558209
0.411231
0.524013
0.26103
0.520655
0.479705
0.588152
0.591387
0.573613
0.505808
0.440311
0.467002
0.440904
0.601651
0.499072
0.587862
0.51048
0.533788
0.532237
0.498759
0.274132
0.78329
0.542143
0.246761
0.534443
0.483506
0.584438
0.512732
0.528803
0.440979
0.508046
0.475954
0.452373
0.558313
0.648575
0.396612
0.518857
0.416029
0.376933
0.451717
0.580034
0.433766
0.499482
0.435836
0.631982
0.519421
0.625575
0.438745
0.567994
0.628152
0.562836
0.437924
0.395197
0.69141
0.47011
0.394602
0.513915
0.439461
0.492503
0.517808
0.565874
0.429153
0.422503
0.461713
0.389336
0.50194
0.575656
0.447273
0.476324
0.435476
0.438857
0.450029
0.409094
0.415361
0.343803
0.57163
0.360074
0.441912
0.537697
0.413494
0.271491
0.400105
0.667855
0.396753
0.687961
0.559122
0.466341
0.623434
0.497339
0.531211
0.415343
0.349606
0.542155
0.70785
0.393501
0.641996
0.396003
0.504503
0.447927
0.415373
0.456262
0.383503
0.406226
0.498759
0.586583
0.58792
0.637302
0.354331
0.549601
0.607513
0.389314
0.473643
0.502332
0.51118
0.477649
0.501582
0.483808
0.61858
0.465322
0.489251
0.406463
0.446891
0.472738
0.552771
0.569873
0.556942
0.673295
0.615743
0.547451
0.536253
0.575815
0.338918
0.453739
0.39478
0.664345
0.4914
0.581969
0.412457
0.560395
0.39348
0.5086
0.365899
0.392193
0.56198
0.593566
0.474919
0.600096
0.514783
0.462001
0.54779
0.476813
0.441992
0.635233
0.567462
0.43562
0.426933
0.585889
0.549223
0.519296
0.501034
0.62396
0.413589
0.507027
0.442343
0.477721
0.55647
0.446059
0.578287
0.515431
0.46195
0.529413
0.428992
0.560764
0.391305
0.560519
0.428324
0.486962
0.595148
0.490119
0.48555
0.431712
0.633893
0.680375
0.601329
0.656819
0.454992
0.445601
0.527488
0.383733
0.463692
0.538599
0.560875
0.568043
0.437337
0.396088
0.487295
0.433095
0.37151
0.526278
0.342372
0.46489
0.409626
0.516134
0.431937
0.67747
0.395814
0.35543
0.555313
0.590036
0.504262
0.419222
0.500677
0.414054
0.536442
0.619903
0.632442
0.530652
0.540935
0.534509
0.566375
0.445634
0.598834
0.532515
0.528979
0.44148
0.431029
0.573865
0.523409
0.502709
0.621894
0.716516
0.57501
0.573041
0.517238
0.567316
0.505322
0.609806
0.542631
0.629545
0.584179
0.633089
0.501503
0.545023
0.435338
0.424116
0.350691
0.39816
0.521805
0.609449
0.514415
0.543913
0.412864
0.474553
0.485899
0.641105
0.435546
0.482348
0.679189
0.417104
0.539096
0.529396
0.531951
0.359416
0.551739
0.454383
0.423351
0.424224
0.384871
0.420612
0.559373
0.471499
0.540536
0.526233
0.691245
0.480778
0.503873
0.452987
0.370869
0.571301
0.452966
0.546249
0.610507
0.544661
0.49433
0.52621
0.502186
0.587708
0.533045
0.362053
0.46561
0.31796
0.512318
0.498013
0.431632
0.523282
0.50806
0.502254
0.431619
0.542168
0.439808
0.4165
0.451343
0.450469
0.260153
0.616424
0.621271
0.464922
0.410564
0.449794
0.453463
0.443414
0.382324
0.501443
0.498517
0.456404
0.49704
0.441122
0.384324
0.623476
0.521992
0.542359
0.511638
0.353527
0.561375
0.417465
0.419783
0.596612
0.515219
0.695856
0.599071
0.410028
0.473637
0.479895
0.414813
0.460712
0.514741
0.544492
0.321059
0.530591
0.400421
0.40373
0.580502
0.561041
0.314919
0.449805
0.470264
0.667133
0.466931
0.376627
0.541551
0.571901
0.57674
0.432421
0.514451
0.455369
0.39568
0.702738
0.427433
0.382631
0.455991
0.50729
0.724386
0.469788
0.724925
0.501058
0.450309
0.366089
0.537735
0.602176
0.440059
0.575161
0.409959
0.626085
0.522835
0.407719
0.480204
0.487522
0.42836
0.65271
0.510392
0.33892
0.468997
0.573347
0.571248
0.545817
0.585341
0.379053
0.366546
0.456935
0.581075
0.593818
0.600456
0.408588
0.436181
0.536066
0.66808
0.610125
0.475886
0.544602
0.450069
0.38915
0.385976
0.629773
0.517982
0.532278
0.703417
0.398504
0.407831
0.539227
0.274494
0.596393
0.495048
0.415082
0.460966
0.629586
0.504874
0.657577
0.487998
0.673678
0.417964
0.353301
0.465941
0.546438
0.581783
0.578743
0.381286
0.515648
0.514134
0.609132
0.740416
0.332922
0.485966
0.470059
0.563053
0.528867
0.596365
0.62389
0.460581
0.374505
0.703435
0.565031
0.49771
0.608377
0.550536
0.605114
0.524215
0.448322
0.428147
0.561217
0.476786
0.351411
0.437385
0.517257
0.489291
0.455078
0.472014
0.510739
0.41303
0.527017
0.611527
0.50405
0.336863
0.470921
0.41871
0.431546
0.610348
0.379716
0.46083
0.470691
0.511332
0.497415
0.724406
0.56755
0.562692
0.445316
0.56929
0.553964
0.491237
0.487728
0.568555
0.425767
0.53503
0.45701
0.606502
0.608433
0.543689
0.427172
0.457839
0.418586
0.57952
0.619883
0.546882
0.436815
0.515568
0.446206
0.586434
0.539288
0.64002
0.431951
0.521734
0.592676
0.514615
0.544044
0.555682
0.598942
0.39804
0.429859
0.50732
0.383562
0.633543
0.500975
0.456321
0.652805
0.613291
0.537363
0.35203
0.502695
0.470288
0.457535
0.316383
0.444345
0.311923
0.394717
0.445793
0.617357
0.497531
0.538645
0.4179
0.595021
0.375606
0.547098
0.434847
0.442093
0.634607
0.500847
0.585521
0.467934
0.484558
0.470183
0.484998
0.42485
0.574939
0.480763
0.350189
0.433488
0.567654
0.611017
0.596488
0.47418
0.522106
0.522896
0.490986
0.465167
0.312746
0.522283
0.473602
0.655636
0.487688
0.464901
0.458278
0.393578
0.590306
0.568106
0.552132
0.485475
0.503993
0.558457
0.581286
0.546856
0.543527
0.479519
0.587832
0.649812
0.504813
0.403853
0.363201
0.60558
0.498004
0.437707
0.40898
0.477327
0.427314
0.576426
0.566979
0.600319
0.444119
0.763164
0.636181
0.39367
0.488196
0.522966
0.394928
0.379916
0.545262
0.58888
0.472529
0.585672
0.587247
0.606217
0.465226
0.478668
0.524995
0.495686
0.467252
0.303507
0.591413
0.375597
0.488482
0.410489
0.686309
0.487888
0.455975
0.428905
0.552511
0.742272
0.647474
0.318214
0.416076
0.587298
0.480714
0.637566
0.411714
0.636688
0.583184
0.406149
0.427839
0.42381
0.392734
0.383882
0.643914
0.526709
0.590258
0.683998
0.496053
0.500625
0.441392
0.436099
0.595126
0.474471
0.625018
0.450293
0.434902
0.51227
0.452093
0.490047
0.466011
0.410085
0.429138
0.543449
0.474834
0.393509
0.496479
0.489555
0.494681
0.500302
0.37213
0.488578
0.589908
0.677304
0.357983
0.381682
0.591895
0.390288
0.515747
0.368167
0.529115
0.539925
0.595869
0.434891
0.481766
0.396606
0.503439
0.344772
0.404762
0.411343
0.41088
0.448282
0.501117
0.529554
0.477978
0.56383
0.491076
0.529036
0.415625
0.580016
0.410603
0.522966
0.630386
0.464722
0.586125
0.313322
0.412828
0.423058
0.570722
0.649611
0.583286
0.428224
0.590204
0.342358
0.584562
0.556351
0.335849
0.500318
0.5118
0.488445
0.553795
0.504915
0.595592
0.499562
0.519412
0.504939
0.505121
0.537404
0.548235
0.509065
0.51396
0.399516
0.483327
0.373287
0.571889
0.450352
0.412216
0.524899
0.351926
0.276439
0.604841
0.734169
0.592482
0.459973
0.527231
0.439407
0.530399
0.458148
0.473877
0.350639
0.521362
0.607591
0.475113
0.401637
0.469978
0.5303
0.574029
0.589596
0.542597
0.599493
0.53077
0.336262
0.611726
0.430835
0.50033
0.323857
0.48167
0.396518
0.443252
0.503686
0.570812
0.516727
0.566899
0.64482
0.476731
0.465012
0.558274
0.484803
0.626135
0.431182
0.457617
0.46385
0.612375
0.51729
0.43532
0.368537
0.449059
0.299394
0.472943
0.580514
0.519115
0.469725
0.612449
0.320301
0.674385
0.480998
0.625993
0.595779
0.54164
0.446586
0.671937
0.609474
0.516688
0.507326
0.441016
0.548315
0.479003
0.657756
0.459863
0.374048
0.535132
0.531613
0.407388
0.452012
0.599854
0.67845
0.612789
0.500555
0.449909
0.520265
0.442245
0.612843
0.635852
0.559062
0.444634
0.4974
0.513396
0.513311
0.514887
0.703203
0.456369
0.293263
0.546885
0.239729
0.639196
0.382177
0.486073
0.471838
0.527625
0.472472
0.455259
0.463954
0.492144
0.612897
0.615334
0.467496
0.559369
0.654836
0.635945
0.590066
0.642438
0.54288
0.589425
0.554429
0.542228
0.676835
0.544556
0.549846
0.687001
0.479385
0.325054
0.497855
0.378866
0.535632
0.510904
0.599122
0.441208
0.427788
0.398992
0.497527
0.412058
0.47031
0.502736
0.292171
0.404093
0.457811
0.358711
0.547516
0.452816
0.470107
0.421548
0.696419
0.500171
0.435794
0.466654
0.50034
0.51169
0.537771
0.383601
0.525533
0.501001
0.551172
0.531284
0.513568
0.436363
0.536182
0.439273
0.46906
0.629601
0.365264
0.478015
0.457014
0.558679
0.446337
0.583862
0.496716
0.450856
0.41049
0.413168
0.358656
0.554207
0.66484
0.61297
0.615463
0.451034
0.36817
0.334068
0.567401
0.717492
0.46903
0.47559
0.657486
0.609542
0.452998
0.638403
0.410813
0.456096
0.677841
0.378029
0.477219
0.46604
0.432338
0.585986
0.52595
0.506565
0.43656
0.491781
0.535509
0.386042
0.508456
0.566026
0.641409
0.475447
0.45357
0.618479
0.649081
0.428127
0.59182
0.423041
0.588724
0.50848
0.51723
0.665058
0.483401
0.615892
0.493588
0.494548
0.521234
0.591084
0.421005
0.482243
0.467073
0.61776
0.465404
0.713636
0.418541
0.483273
0.524968
0.519491
0.3059
0.537775
0.614647
0.529559
0.5547
0.492114
0.481813
0.649521
0.474722
0.720514
0.52323
0.499476
0.308241
0.684866
0.455485
0.51554
0.565166
0.373227
0.598101
0.504452
0.492172
0.445912
0.460569
0.454304
0.567425
0.408346
0.481549
0.442857
0.482076
0.580619
0.650555
0.348131
0.464202
0.509476
0.549451
0.554278
0.620422
0.469245
0.483102
0.559
0.514929
0.523998
0.325593
0.32708
0.475231
0.474016
0.390428
0.497848
0.508402
0.585407
0.640164
0.642724
0.531205
0.402511
0.482961
0.582201
0.461943
0.368516
0.26058
0.40999
0.491459
0.630464
0.514355
0.435258
0.445224
0.380643
0.422739
0.542211
0.567967
0.487112
0.536016
0.579559
0.506873
0.391906
0.290839
0.430646
0.438856
0.406229
0.469251
0.478354
0.581988
0.507761
0.573896
0.467129
0.450672
0.545942
0.423171
0.377802
0.358684
0.586901
0.527061
0.569105
0.543743
0.280489
0.386472
0.403128
0.281799
0.50763
0.56589
0.460183
0.478756
0.567008
0.621214
0.461861
0.471883
0.585867
0.521672
0.559339
0.34269
0.490516
0.386729
0.607269
0.537594
0.347869
0.365947
0.531874
0.612207
0.690173
0.521783
0.415135
0.35963
0.460825
0.632339
0.455277
0.452654
0.369981
0.413113
0.626981
0.424317
0.624435
0.563829
0.453098
0.53077
0.497024
0.378463
0.312871
0.584977
0.426598
0.513593
0.549968
0.419249
0.490385
0.392256
0.506929
0.629213
0.566338
0.427524
0.500881
0.471273
0.503864
0.582006
0.368674
0.63022
0.34709
0.436579
0.547874
0.543133
0.405614
0.423615
0.323317
0.460256
0.543474
0.487055
0.557222
0.643083
0.357833
0.463672
0.434139
0.444394
0.344681
0.536935
0.590279
0.584527
0.499621
0.496875
0.560073
0.432691
0.377589
0.446424
0.561078
0.521686
0.536147
0.426705
0.651613
0.568877
0.612753
0.590792
0.633834
0.345857
0.437229
0.437483
0.538182
0.633713
0.456366
0.523671
0.313461
0.42039
0.54847
0.605921
0.460077
0.441127
0.531343
0.518898
0.582224
0.63252
0.518064
0.480307
0.398123
0.56526
0.550636
0.619065
0.535671
0.540155
0.442405
0.455434
0.554154
0.476544
0.485911
0.418871
0.47095
0.391776
0.533612
0.571415
0.335447
0.464938
0.534714
0.511418
0.480645
0.597544
0.512113
0.464494
0.496243
0.628451
0.389244
0.625573
0.505253
0.429764
0.327396
0.497985
0.389468
0.505067
0.509865
0.482519
0.597433
0.430807
0.510057
0.501463
0.381782
0.42621
0.706478
0.499616
0.551146
0.506643
0.458283
0.446336
0.385089
0.569858
0.630885
0.469705
0.548807
0.484081
0.561868
0.585908
0.557624
0.591454
0.383251
0.543979
0.679587
0.609862
0.466917
0.488084
0.527745
0.310707
0.435819
0.446541
0.381981
0.369721
0.584339
0.488816
0.693553
0.332447
0.476972
0.44877
0.363763
0.405546
0.645271
0.594429
0.451474
0.579618
0.478792
0.53164
0.552468
0.608754
0.606544
0.460947
0.506913
0.516571
0.491224
0.464091
0.529506
0.568018
0.40933
0.478554
0.520117
0.440753
0.465978
0.525599
0.601056
0.549458
0.394081
0.489296
0.44037
0.520937
0.41329
0.501049
0.658837
0.487436
0.574896
0.466166
0.581636
0.560104
0.394677
0.476062
0.483912
0.664065
0.376438
0.581693
0.492792
0.561116
0.554796
0.460874
0.546626
0.555565
0.53652
0.594148
0.37556
0.473289
0.395538
0.57091
0.455809
0.523593
0.377491
0.579518
0.403265
0.598005
0.595493
0.592173
0.510383
0.529664
0.249554
0.537342
0.493559
0.631479
0.477889
0.459572
0.606476
0.350796
0.449117
0.498553
0.488216
0.522809
0.330152
0.376309
0.653179
0.474502
0.415336
0.363456
0.593138
0.425439
0.678198
0.402467
0.650078
0.451246
0.50794
0.497943
0.631683
0.620151
0.518588
0.540898
0.679675
0.582504
0.369493
0.416099
0.66446
0.487711
0.511666
0.348563
0.567821
0.522537
0.375197
0.677297
0.72869
0.409309
0.538812
0.401433
0.565299
0.372016
0.473372
0.425934
0.550289
0.3729
0.526933
0.641072
0.603672
0.441614
0.519735
0.301906
0.381762
0.563578
0.543305
0.631043
0.478526
0.363695
0.608598
0.449965
0.419067
0.516108
0.563918
0.451255
0.513221
0.430224
0.604125
0.456085
0.450553
0.507749
0.518415
0.458362
0.4563
0.435024
0.57475
0.53894
0.491104
0.469473
0.714781
0.340367
0.465651
0.5985
0.533907
0.624647
0.654611
0.393727
0.446884
0.59353
0.43257
0.552961
0.390172
0.432883
0.517904
0.516847
0.588008
0.449719
0.498843
0.566662
0.50996
0.602496
0.629257
0.554261
0.373496
0.482325
0.719958
0.484696
0.395898
0.484756
0.414608
0.466592
0.575625
0.418865
0.527605
0.464848
0.383991
0.632347
0.334597
0.434806
0.573851
0.588406
0.444546
0.586551
0.562714
0.612238
0.545568
0.522505
0.423532
0.431917
0.505024
0.711064
0.317157
0.470567
0.517652
0.603511
0.526267
0.503697
0.433794
0.57099
0.501334
0.577632
0.463043
0.43286
0.604969
0.491983
0.436941
0.567269
0.441804
0.381152
0.627621
0.539323
0.586802
0.38688
0.357576
0.651765
0.475706
0.595896
0.399016
0.41759
0.2971
0.623728
0.449557
0.473575
0.426342
0.557815
0.684262
0.498231
0.567404
0.530029
0.42235
0.467182
0.519445
0.470804
0.610147
0.373575
0.660726
0.504069
0.510158
0.560578
0.543231
0.574211
0.499402
0.457616
0.517184
0.353353
0.518445
0.481489
0.655387
0.559226
0.575839
0.658074
0.523119
0.62098
0.50097
0.439811
0.540102
0.462276
0.451571
0.438747
0.40682
0.428078
0.420476
0.564399
0.618271
0.463536
0.449438
0.550265
0.563991
0.760437
0.546134
0.572323
0.614001
0.418703
0.51376
0.507383
0.616076
0.627446
0.340887
0.548723
0.480541
0.452141
0.46255
0.390924
0.504573
0.52148
0.291809
0.615383
0.488757
0.439531
0.534303
0.552513
0.524455
0.505841
0.63661
0.666147
0.581284
0.408144
0.482492
0.400218
0.499831
0.659399
0.539402
0.547312
0.695474
0.48287
0.470891
0.543216
0.50497
0.606038
0.568862
0.661114
0.558275
0.506122
0.52286
0.673631
0.533804
0.55705
0.531916
0.570433
0.556149
0.459741
0.477701
0.563642
0.421049
0.494583
0.616056
0.482846
0.583169
0.617033
0.607227
0.556011
0.518061
0.524292
0.693434
0.492152
0.470417
0.553049
0.445657
0.62613
0.526552
0.725291
0.439841
0.555486
0.599799
0.541251
0.485964
0.593743
0.393294
0.525553
0.521714
0.584162
0.605417
0.364675
0.495811
0.462436
0.468929
0.530871
0.604269
0.426359
0.565609
0.469721
0.506184
0.565046
0.434025
0.635513
0.533922
0.519774
0.688788
0.490699
0.425857
0.193097
0.395485
0.542683
0.448083
0.392372
0.39621
0.673244
0.534817
0.388397
0.556446
0.622926
0.465484
0.489366
0.604784
0.424743
0.509761
0.574916
0.462788
0.438604
0.410135
0.504524
0.413061
0.51988
0.434805
0.609077
0.52938
0.46255
0.42206
0.293967
0.493519
0.489439
0.550519
0.526573
0.549187
0.51904
0.50792
0.450549
0.394273
0.520482
0.494421
0.563848
0.488366
0.575214
0.484651
0.51696
0.553333
0.396027
0.486044
0.432358
0.470467
0.511044
0.56925
0.615684
0.52854
0.602356
0.509718
0.523745
0.452875
0.496008
0.567824
0.47391
0.646291
0.432073
0.548173
0.524034
0.598617
0.50057
0.417035
0.52156
0.572199
0.61104
0.520101
0.415003
0.446643
0.470596
0.431063
0.440518
0.506793
0.577313
0.3748
0.54082
0.683735
0.492848
0.407205
0.543219
0.509402
0.540211
0.297018
0.618104
0.521135
0.479651
0.543252
0.658701
0.553323
0.547625
0.675136
0.567504
0.47905
0.400886
0.619747
0.404255
0.51543
0.38972
0.58579
0.444949
0.482131
0.291421
0.500271
0.320796
0.503316
0.367122
0.448092
0.650674
0.369071
0.462098
0.602867
0.55008
0.62312
0.351746
0.500546
0.494157
0.519438
0.64242
0.395729
0.331889
0.391149
0.56837
0.453791
0.393086
0.300864
0.483048
0.570287
0.599317
0.39242
0.525082
0.672307
0.484488
0.339729
0.446237
0.444812
0.650269
0.589261
0.520737
0.338197
0.426139
0.318447
0.612334
0.651655
0.473315
0.583072
0.357538
0.550172
0.466387
0.4025
0.530476
0.661264
0.506006
0.832397
0.586862
0.510874
0.460496
0.300319
0.541585
0.496086
0.503793
0.430414
0.516476
0.655643
0.311664
0.459164
0.601821
0.387489
0.497659
0.544974
0.607244
0.475875
0.514811
0.500107
0.534586
0.428828
0.518604
0.424315
0.487466
0.290074
0.581285
0.395255
0.439223
0.577776
0.467099
0.371575
0.512969
0.415746
0.422593
0.590338
0.384531
0.461051
0.505629
0.491229
0.501071
0.495238
0.471298
0.575772
0.515214
0.634655
0.352468
0.41057
0.466552
0.428661
0.517192
0.609346
0.5994
0.452763
0.45479
0.579373
0.487749
0.567024
0.436883
0.393636
0.545345
0.598371
0.419256
0.450852
0.630904
0.518682
0.394908
0.611287
0.615456
0.528848
0.478196
0.347039
0.660889
0.522261
0.394518
0.421279
0.56575
0.48949
0.469508
0.511714
0.266432
0.439141
0.556227
0.519297
0.538876
0.448234
0.508407
0.654015
0.527969
0.418663
0.602286
0.465355
0.538833
0.404624
0.429147
0.485835
0.556253
0.48915
0.52518
0.58176
0.615497
0.426182
0.574827
0.556152
0.529834
0.527898
0.51829
0.42458
0.387085
0.465286
0.513434
0.585403
0.559545
0.563234
0.44683
0.53171
0.528695
0.609699
0.458218
0.603035
0.508109
0.561788
0.637204
0.650688
0.655019
0.519863
0.370545
0.491354
0.49301
0.55409
0.562882
0.449356
0.425385
0.506081
0.523344
0.438795
0.600725
0.551626
0.504947
0.612524
0.599233
0.598725
0.403273
0.405744
0.540474
0.608471
0.465417
0.527731
0.47015
0.464577
0.529737
0.506035
0.465582
0.480628
0.511479
0.363252
0.506604
0.522447
0.568863
0.407241
0.490605
0.536197
0.728755
0.441464
0.627486
0.511177
0.720589
0.552891
0.532326
0.569499
0.461725
0.410693
0.740594
0.463164
0.556959
0.40974
0.602757
0.572283
0.519438
0.518683
0.672182
0.436529
0.589769
0.443207
0.582261
0.615132
0.524622
0.490789
0.415695
0.459049
0.545686
0.524113
0.500939
0.492204
0.48434
0.41604
0.427821
0.536981
0.526961
0.369845
0.456378
0.582428
0.660292
0.544185
0.399986
0.481913
0.535857
0.523069
0.495913
0.480275
0.616906
0.696854
0.533405
0.608743
0.540935
0.371112
0.691512
0.349242
0.62534
0.495947
0.545829
0.357936
0.563298
0.609153
0.535411
0.65116
0.401508
0.712393
0.538106
0.495175
0.660939
0.250321
0.384628
0.604458
0.656277
0.538392
0.448677
0.341518
0.689304
0.485862
0.28248
0.62451
0.335933
0.586269
0.424142
0.487209
0.716209
0.598465
0.485224
0.599181
0.631068
0.617058
0.634012
0.442254
0.469217
0.63189
0.621952
0.452714
0.531992
0.601963
0.357777
0.476884
0.493619
0.520026
0.515865
0.551059
0.408804
0.519785
0.572413
0.405041
0.599131
0.578492
0.495041
0.401791
0.494255
0.493476
0.568452
0.564009
0.473442
0.461909
0.420841
0.501731
0.547502
0.568926
0.422742
0.643303
0.540723
0.489982
0.462058
0.585393
0.476914
0.539103
0.656027
0.51596
0.443243
0.445491
0.542947
0.727396
0.500024
0.616691
0.703456
0.525343
0.724201
0.547347
0.493259
0.351943
0.618767
0.45833
0.426166
0.480589
0.589899
0.601807
0.528393
0.402514
0.488129
0.643601
0.392048
0.513823
0.529392
0.534995
0.487814
0.424888
0.456326
0.411862
0.453832
0.552267
0.669734
0.809851
0.559834
0.416619
0.454643
0.46008
0.352609
0.658364
0.444938
0.530617
0.620904
0.29609
0.415055
0.604769
0.474916
0.491047
0.55679
0.538011
0.617529
0.644275
0.493758
0.511164
0.491516
0.541274
0.505628
0.598187
0.418935
0.37233
0.57873
0.592762
0.505986
0.494956
0.569218
0.588625
0.568619
0.468139
0.559455
0.384341
0.341248
0.476403
0.507854
0.484073
0.462889
0.574942
0.436924
0.491595
0.192164
0.52541
0.473797
0.545655
0.484543
0.555164
0.452052
0.620509
0.472321
0.461116
0.503189
0.516286
0.51979
0.492575
0.510618
0.589585
0.583128
0.585752
0.568568
0.525502
0.486559
0.385913
0.482875
0.528066
0.533356
0.481402
0.37009
0.406846
0.402299
0.387072
0.455933
0.563263
0.437237
0.552919
0.44361
0.530928
0.419412
0.437012
0.417058
0.600121
0.619262
0.470094
0.463726
0.457275
0.556435
0.352484
0.545997
0.496148
0.55378
0.462231
0.519924
0.408118
0.553106
0.616719
0.594466
0.53483
0.467553
0.418227
0.543936
0.467215
0.47742
0.327199
0.630922
0.500651
0.433357
0.645306
0.466455
0.506857
0.512822
0.45362
0.52874
0.45886
0.482787
0.439513
0.481306
0.446171
0.553647
0.359203
0.575924
0.343091
0.266373
0.521103
0.49523
0.443839
0.53694
0.538448
0.584475
0.653973
0.589127
0.587946
0.341372
0.42838
0.638775
