0.636066
0.0782284
0.700307
0.729787
0.387176
0.876076
0.696955
0.273558
0.599262
0.570078
0.40884
0.486814
0.611321
0.62526
0.59901
0.860603
0.120746
0.313942
0.699506
0.222047
0.471351
0.445543
0.556483
0.237841
0.457176
0.163567
0.420162
0.69495
0.597252
0.578457
0.644574
0.165086
0.137312
0.21202
0.425357
0.429065
0.460221
0.561162
0.892119
0.431667
0.137649
0.0457141
0.485182
0.557165
0.531333
0.187135
0.284804
0.660211
0.653019
0.571933
0.824241
0.556308
0.417983
0.485674
0.906309
0.57062
0.477791
0.560458
0.056378
0.763403
0.49375
0.360812
0.483018
0.0948835
0.51329
0.539932
0.280783
0.56192
0.537279
0.530287
0.597926
0.233344
0.417065
0.68959
0.605095
0.63037
0.395833
0.405189
0.339352
0.543042
0.409618
0.366973
0.361139
0.14317
0.689122
0.550893
0.650093
0.14877
0.254245
0.412251
0.778902
0.31454
0.569042
0.869931
0.642648
0.66745
0.42558
0.369786
0.384406
0.176026
0.0509499
0.647405
0.646122
0.436474
0.482499
0.767554
0.887062
0.478301
0.432088
0.0995695
0.250454
0.936617
0.660987
0.595054
0.322163
0.607857
0.312803
0.566226
0.613579
0.800161
0.702599
0.62033
0.714129
0.409211
0.236164
0.487527
0.297155
0.794842
0.434153
0.686725
0.526124
0.803259
0.461622
0.805839
0.396481
0.674265
0.614251
0.630002
0.661677
0.59239
0.388317
0.433275
0.230229
0.785381
0.0622894
0.456446
0.283931
0.843003
0.143678
0.925524
0.355613
0.323686
0.585552
0.422581
0.718143
0.73603
0.35293
0.50261
0.674627
0.626741
0.220028
0.657121
0.703062
0.776111
0.605125
0.557196
0.896967
0.396647
0.800578
0.465787
0.256805
0.250033
0.631343
0.291059
0.625275
0.742103
0.376066
0.9596
0.422867
0.825058
0.710671
0.620372
0.328312
0.43067
0.485089
0.147298
0.661876
0.177776
0.319587
0.490403
0.467707
0.74186
0.307932
0.632481
0.654731
0.544093
0.540386
0.240264
0.543885
0.811687
0.71036
0.556121
0.282734
0.580996
0.744253
0.658337
0.326818
0.359291
0.194888
0.425054
0.550358
0.430695
0.564628
0.368993
0.53721
0.186271
0.275142
0.46709
0.216263
0.377804
0.176477
0.191242
0.743746
0.33935
0.288946
0.653353
0.398185
0.490143
0.397091
0.609928
0.242038
0.32699
0.665747
0.528486
0.417333
0.633823
0.624055
0.500094
0.680875
0.780591
0.164016
0.489343
0.647913
0.753218
0.625984
0.245155
0.201419
0.450891
0.594249
0.652787
0.637397
0.80645
0.201684
0.889487
0.354964
0.430205
0.543174
0.453232
0.763175
0.247029
0.223333
0.466067
0.564887
0.491106
0.614823
0.110538
0.691211
0.442244
0.579328
0.639789
0.398406
0.932196
0.204058
0.6089
0.402317
0.418963
0.532409
0.807078
0.413785
0.821581
0.818202
0.327346
0.551688
0.827437
0.5087
0.792422
0.848602
0.52867
0.962389
0.462466
0.42731
0.513759
0.333276
0.282466
0.414703
0.434936
0.104258
0.38401
0.772868
0.591576
0.927886
0.138263
0.465472
0.714255
0.733618
0.563966
0.740788
0.403709
0.48647
0.726338
0.301045
0.573445
0.532712
0.219757
0.241018
0.26428
0.644075
0.40917
0.87708
0.343645
0.172695
0.812166
0.451206
0.371985
0.154804
0.835721
0.182724
0.313141
0.251965
0.538625
0.253856
0.285133
0.59443
0.172642
0.553391
0.192272
0.391962
0.462494
0.366131
0.349084
0.603287
0.416777
0.683979
0.101049
0.50606
0.41895
0.427897
0.466694
0.185074
0.429591
0.608153
0.970095
0.25718
0.338105
0.813647
0.60241
0.577184
0.334145
0.409315
0.245544
0.719758
0.625997
0.93393
0.410633
0.708204
0.415248
0.428896
0.788521
0.261668
0.744058
0.791898
0.378968
0.258187
0.663405
0.737573
0.359828
0.661754
0.6277
0.560617
0.376998
0.337334
0.603191
0.135067
0.580452
0.478576
0.084631
0.946743
0.501195
0.798719
0.546672
0.44412
0.25854
0.686004
0.313539
0.606211
0.6066
0.700655
0.412501
0.864285
0.473447
0.0912818
0.683755
0.377544
0.415903
0.43436
0.75131
0.651168
0.807487
0.0511868
0.416534
0.598413
0.596526
0.532524
0.118033
0.886718
0.616023
0.50191
0.30857
0.27108
0.696363
0.174402
0.43177
0.606218
0.7265
0.818285
0.63837
0.342337
0.328776
0.903082
0.463828
0.547587
0.45707
0.517979
0.396115
0.363578
0.497496
0.570521
0.594561
0.788622
0.345414
0.326292
0.477639
0.796616
0.452028
0.525993
0.479635
0.537802
0.478397
0.617167
0.483133
0.230881
0.464207
0.0635789
0.266337
0.844282
0.313178
0.746048
0.761219
0.777621
0.416522
0.644302
0.500567
0.492709
0.380399
0.290214
0.339008
0.906727
0.0928283
0.408556
0.365117
0.348463
0.260082
0.712198
0.378766
0.491811
0.562078
0.494434
0.389881
0.918977
0.720852
0.461938
0.301822
0.829163
0.545698
0.677597
0.274618
0.396736
0.913117
0.533269
0.720335
0.396207
0.659228
0.348298
0.464877
0.449598
0.506831
0.490382
0.317545
0.115084
0.418859
0.841189
0.621731
0.524047
0.664455
0.479886
0.317135
0.386991
0.403482
0.633536
0.125929
0.927019
0.739757
0.744085
0.182337
0.66289
0.462885
0.427466
0.257103
0.451908
0.593056
0.651101
0.18539
0.316227
0.862715
0.131879
0.688639
0.314395
0.413561
0.757474
0.487989
0.583272
0.756832
0.759632
0.438858
0.663713
0.439398
0.418849
0.373345
0.836714
0.377681
0.255641
0.419113
0.934973
0.465983
0.464389
0.770479
0.458129
0.33531
0.771514
0.719437
0.808186
0.533336
0.450535
0.711383
0.574956
0.415648
0.402334
0.272366
0.539593
0.682987
0.509728
0.36166
0.427596
0.768685
0.901241
0.535561
0.43094
0.675079
0.309741
0.765277
0.632262
0.377162
0.387403
0.83385
0.702317
0.556307
0.639215
0.944063
0.105211
0.696406
0.563041
0.501326
0.534178
0.469304
0.635056
0.492555
0.41397
0.355935
0.455094
0.464108
0.0441887
0.594116
0.667295
0.80884
0.321198
0.313452
0.697175
0.404415
0.964503
0.112378
0.397039
0.602004
0.286794
0.351858
0.36744
0.146551
0.28511
0.584819
0.023158
0.316817
0.193881
0.309909
0.39798
0.405443
0.128866
0.632723
0.233298
0.616286
0.0642994
0.437138
0.0713789
0.53836
0.623845
0.313972
0.374884
0.562682
0.529218
0.26367
0.620052
0.440418
0.538629
0.584291
0.8617
0.637692
0.820502
0.37556
0.443991
0.224519
0.446154
0.734326
0.831709
0.242294
0.0484604
0.486261
0.462546
0.326335
0.181761
0.693175
0.571702
0.817006
0.531589
0.194876
0.615863
0.674964
0.861044
0.588999
0.224427
0.723114
0.443945
0.321789
0.531603
0.0698906
0.223153
0.457339
0.793811
0.52551
0.54577
0.212319
0.372576
0.404863
0.565151
0.487764
0.463905
0.317771
0.762998
0.399019
0.380901
0.379326
0.533062
0.699472
0.247168
0.2301
0.881251
0.513236
0.634325
0.33802
0.535243
0.436472
0.477732
0.260744
0.619977
0.336573
0.530331
0.379389
0.543677
0.572972
0.165252
0.571536
0.85233
0.382856
0.513649
0.873402
0.548852
0.819596
0.724988
0.388166
0.736429
0.401257
0.062802
0.529428
0.433812
0.521054
0.599718
0.645814
0.523623
0.191174
0.951307
0.15479
0.533029
0.335898
0.789139
0.520769
0.809377
0.61951
0.299164
0.744607
0.641722
0.188977
0.302349
0.488662
0.492414
0.730965
0.430255
0.543566
0.741222
0.887225
0.549059
0.549934
0.707732
0.341977
0.551264
0.720245
0.206049
0.789404
0.685145
0.763163
0.499124
0.508923
0.76777
0.794605
0.758282
0.420427
0.428175
0.226881
0.496827
0.761216
0.453116
0.959283
0.434886
0.420882
0.358529
0.650501
0.865915
0.489921
0.485684
0.435311
0.833591
0.722398
0.721738
0.654978
0.291081
0.882514
0.87021
0.502876
0.90297
0.339449
0.747676
0.443835
0.76341
0.294402
0.258751
0.347768
0.542322
0.168253
0.502216
0.485173
0.434785
0.947844
0.386936
0.364108
0.277002
0.683365
0.786979
0.845293
0.805542
0.348887
0.441133
0.554018
0.774812
0.422611
0.602817
0.314556
0.511008
0.312938
0.872135
0.664829
0.469084
0.650968
0.192624
0.466098
0.47253
0.489617
0.671018
0.704466
0.554072
0.594025
0.679134
0.788042
0.678642
0.777487
0.622774
0.975629
0.618292
0.631657
0.313302
0.529812
0.861975
0.519316
0.553356
0.269404
0.181415
0.342518
0.348916
0.403184
0.337554
0.368467
0.585753
0.358919
0.900365
0.289997
0.559043
0.278708
0.268085
0.217073
0.420726
0.433671
0.210212
0.440253
0.409961
0.518102
0.121879
0.576587
0.657827
0.615157
0.665523
0.102952
0.408172
0.583269
0.589022
0.801363
0.672324
0.194426
0.747768
0.785333
0.136141
0.562546
0.221427
0.545868
0.563661
0.73218
0.404413
0.850238
0.49239
0.754811
0.56238
0.846176
0.691076
0.662052
0.585333
0.368711
0.651544
0.452082
0.531221
0.216339
0.812003
0.537675
0.542168
0.557809
0.259988
0.561225
0.328776
0.650288
0.33888
0.0641861
0.156228
0.694241
0.382743
0.705397
0.629159
0.419866
0.729991
0.554768
0.560608
0.394461
0.717176
0.445854
0.823583
0.559641
0.529968
0.452873
0.322099
0.651844
0.589196
0.264739
0.581797
0.429099
0.575574
0.0607403
0.448553
0.521564
0.747538
0.449489
0.49677
0.242863
0.882396
0.614841
0.487301
0.843802
0.471765
0.519472
0.0782618
0.459549
0.728068
0.348869
0.480267
0.395916
0.509623
0.33549
0.360882
0.419898
0.447659
0.684907
0.541397
0.364177
0.85936
0.532763
0.392289
0.624789
0.456832
0.693393
0.822024
0.525728
0.412646
0.918032
0.867134
0.543777
0.518428
0.462506
0.629795
0.531357
0.47371
0.47139
0.172382
0.844775
0.768067
0.517604
0.4668
0.679732
0.170324
0.59348
0.609638
0.435498
0.514417
0.931339
0.752497
0.57372
0.272259
0.738678
0.0600981
0.707303
0.829746
0.765063
0.497094
0.549404
0.432834
0.574886
0.357751
0.372045
0.446373
0.482161
0.690981
0.768433
0.369187
0.81056
0.13646
0.782578
0.474665
0.473938
0.175865
0.36433
0.496894
0.329607
0.416545
0.62752
0.458184
0.338672
0.263207
0.533371
0.534555
0.274757
0.696492
0.390916
0.781618
0.554473
0.365605
0.460682
0.0939758
0.720056
0.815412
0.467411
0.447125
0.686558
0.406744
0.472155
0.271575
0.0730905
0.351882
0.823572
0.734702
0.26958
0.275527
0.802826
0.256631
0.347574
0.824783
0.595976
0.762221
0.505634
0.590029
0.372327
0.472006
0.446919
0.461767
0.516687
0.46074
0.418551
0.536884
0.458053
0.762956
0.599424
0.300977
0.556757
0.480732
0.105128
0.551742
0.156643
0.649674
0.585693
0.391642
0.178364
0.544836
0.223899
0.106411
0.524436
0.159168
0.398917
0.359176
0.586218
0.762774
0.862083
0.868316
0.287489
0.752118
0.478643
0.600401
0.368867
0.42405
0.921328
0.497895
0.511812
0.360321
0.658655
0.374524
0.420508
0.284052
0.662884
0.849562
0.624428
0.550363
0.469588
0.555493
0.533951
0.359199
0.0528196
0.841861
0.675887
0.329133
0.436907
0.311349
0.555346
0.246728
0.547915
0.762428
0.734866
0.606809
0.51487
0.476212
0.491305
0.484786
0.462851
0.273399
0.805467
0.832943
0.797103
0.380512
0.459037
0.468409
0.559331
0.382877
0.15785
0.821259
0.644413
0.405105
0.370133
0.93705
0.497736
0.148096
0.462818
0.278801
0.870458
0.524881
0.238609
0.54926
0.291969
0.37589
0.620983
0.555058
0.625909
0.607511
0.503852
0.560145
0.408089
0.58611
0.677142
0.626669
0.621719
0.232932
0.759074
0.117246
0.64737
0.5036
0.210471
0.333368
0.332127
0.299221
0.775917
0.690439
0.454416
0.344362
0.591188
0.380757
0.318034
0.180466
0.215818
0.651497
0.290936
0.661543
0.494288
0.625562
0.811347
0.202263
0.418772
0.51894
0.215833
0.516851
0.560982
0.65898
0.700954
0.700466
0.660111
0.38379
0.812205
0.743042
0.598474
0.703745
0.56092
0.428815
0.765925
0.531854
0.601904
0.563096
0.708684
0.340543
0.361552
0.581065
0.477748
0.278173
0.588259
0.331706
0.236555
0.0793975
0.503952
0.69324
0.457145
0.529253
0.567609
0.164707
0.428567
0.791647
0.318671
0.191645
0.320807
0.588698
0.850249
0.722068
0.192079
0.518149
0.669114
0.352247
0.596794
0.721884
0.531433
0.910075
0.346125
0.669323
0.800293
0.437064
0.492544
0.995287
0.453048
0.26833
0.754294
0.632672
0.573577
0.273177
0.365272
0.906092
0.496583
0.307187
0.730308
0.80339
0.728043
0.54
0.285396
0.81772
0.84803
0.561253
0.606938
0.553701
0.309073
0.530417
0.583593
0.216874
0.375327
0.124575
0.358871
0.156535
0.904804
0.15143
0.272129
0.307753
0.758976
0.433153
0.670157
0.679181
0.331074
0.429931
0.731085
0.459051
0.516463
0.560376
0.336862
0.862528
0.405468
0.289224
0.550093
0.0193534
0.0610982
0.291038
0.395551
0.501536
0.951109
0.361925
0.416218
0.516577
0.435907
0.73953
0.368225
0.342546
0.670807
0.604869
0.438611
0.257065
0.863195
0.277858
0.514341
0.513065
0.532193
0.481633
0.30055
0.839961
0.750411
0.539093
0.480533
0.499641
0.804469
0.478323
0.629498
0.602498
0.292931
0.261888
0.238665
0.689464
0.387388
0.718226
0.475806
0.511817
0.314401
0.741683
0.202843
0.491312
0.573102
0.94098
0.290688
0.018944
0.485237
0.654229
0.415997
0.551467
0.38149
0.61185
0.294076
0.390548
0.0599448
0.517045
0.196679
0.0802237
0.609601
0.426776
0.123006
0.534114
0.773841
0.554444
0.136687
0.304623
0.735834
0.478785
0.151139
0.83214
0.539844
0.231746
0.340139
0.563031
0.819478
0.35141
0.370051
0.501002
0.585921
0.724307
0.794635
0.557186
0.536235
0.404735
0.222917
0.490093
0.173847
0.0869882
0.265122
0.777343
0.490361
0.519691
0.28121
0.436877
0.539881
0.889686
0.601083
0.616138
0.44404
0.566234
0.655047
0.693472
0.697991
0.584555
0.34769
0.686801
0.604616
0.361015
0.527797
0.440394
0.246258
0.870546
0.551532
0.361335
0.610318
0.380187
0.205584
0.403083
0.31707
0.320878
0.151547
0.544292
0.355092
0.492959
0.572311
0.686836
0.811748
0.539081
0.345789
0.697775
0.793168
0.481528
0.340822
0.245775
0.56022
0.609227
0.324645
0.633276
0.363995
0.613011
0.49083
0.501475
0.546361
0.605969
0.261135
0.585996
0.178154
0.529008
0.284247
0.626869
0.839642
0.43003
0.448917
0.587249
0.604886
0.718412
0.24852
0.511067
0.373696
0.234748
0.478618
0.650596
0.401862
0.339103
0.518614
0.420705
0.212436
0.709314
0.84313
0.287322
0.527801
0.654135
0.428271
0.873458
0.444347
0.484325
0.362472
0.366879
0.278589
0.348056
0.741143
0.739324
0.345574
0.425274
0.818871
0.337932
0.387497
0.488979
0.412464
0.585331
0.452434
0.579606
0.692662
0.325621
0.730148
0.402031
0.771847
0.279265
0.183982
0.542963
0.389651
0.620672
0.774829
0.219797
0.517858
0.368066
0.655248
0.510246
0.850553
0.575974
0.418807
0.875404
0.414981
0.246497
0.321766
0.777112
0.433136
0.426254
0.351242
0.803841
0.0835989
0.63173
0.596039
0.457536
0.457701
0.546478
0.583345
0.617173
0.273618
0.359464
0.576543
0.183069
0.806506
0.664586
0.786394
0.519239
0.512361
0.517193
0.529911
0.549401
0.467779
0.544212
0.578238
0.225494
0.517349
0.93027
0.266913
0.575871
0.414933
0.652984
0.898907
0.65359
0.764608
0.516365
0.552858
0.443535
0.211611
0.332061
0.115969
0.150342
0.603108
0.523972
0.19305
0.277432
0.233188
0.482503
0.500234
0.520691
0.305981
0.67056
0.433911
0.238653
0.395349
0.784117
0.712461
0.624297
0.449122
0.696015
0.820412
0.691863
0.280377
0.462397
0.441659
0.805383
0.507812
0.346987
0.650418
0.213873
0.551765
0.11919
0.835638
0.421455
0.561986
0.307776
0.16659
0.208914
0.047791
0.642699
0.364417
0.736525
0.50076
0.0933656
0.626451
0.396218
0.944666
0.712464
0.757111
0.444464
0.116864
0.420249
0.391266
0.43554
0.379892
0.914934
0.652944
0.588097
0.481576
0.57066
0.674329
0.456248
0.426444
0.485261
0.106984
0.639687
0.490814
0.265838
0.58931
0.755596
0.808417
0.190945
0.0912473
0.508415
0.472987
0.563949
0.139274
0.431816
0.248741
0.372938
0.631789
0.240486
0.249238
0.298292
0.286993
0.71765
0.339611
0.659857
0.722401
0.677489
0.536712
0.571412
0.247189
0.779944
0.326243
0.370908
0.65555
0.338634
0.585457
0.320749
0.641326
0.250931
0.194582
0.623159
0.411173
0.29249
0.4396
0.471443
0.655564
0.756832
0.4536
0.658785
0.743962
0.28385
0.713412
0.191921
0.34253
0.709392
0.502785
0.407907
0.609764
0.38135
0.27289
0.267893
0.707497
0.625985
0.475472
0.802654
0.571705
0.411463
0.713487
0.610387
0.719624
0.743904
0.448624
0.358066
0.326689
0.44449
0.524601
0.413431
0.388856
0.69447
0.409693
0.53547
0.492875
0.0981935
0.331463
0.477028
0.549141
0.502575
0.871188
0.403958
0.298768
0.424662
0.605042
0.211033
0.488552
0.677294
0.52357
0.615573
0.314545
0.64607
0.230588
0.335571
0.566971
0.159187
0.817106
0.709853
0.866248
0.504927
0.325452
0.293601
0.961942
0.38991
0.363298
0.263338
0.773452
0.494462
0.696784
0.391274
0.683323
0.769771
0.546525
0.399674
0.551056
0.234753
0.829764
0.681696
0.497362
0.268847
0.736506
0.175942
0.715802
0.26024
0.796965
0.607721
0.40082
0.457293
0.492223
0.360827
0.338163
0.484236
0.47949
0.419406
0.285774
0.220464
0.647926
0.620263
0.480208
0.606065
0.490493
0.38175
0.435711
0.424476
0.671836
0.626165
0.160088
0.226453
0.691732
0.288336
0.493551
0.297831
0.188186
0.603897
0.483749
0.936797
0.193749
0.296509
0.542215
0.794736
0.553213
0.334067
0.0845145
0.147933
0.230326
0.599718
0.938374
0.705732
0.375729
0.624308
0.511151
0.924033
0.797835
0.952628
0.0399856
0.281259
0.872902
0.766646
0.705042
0.587254
0.450099
0.0646549
0.468265
0.133798
0.95186
0.496093
0.207104
0.358765
0.139401
0.377522
0.5447
0.684185
0.407755
0.466083
0.235057
0.301771
0.494258
0.242482
0.543738
0.417758
0.128909
0.756382
0.271689
0.332171
0.924591
0.512819
0.901778
0.715928
0.699656
0.429087
0.804726
0.562461
0.444905
0.567259
0.523078
0.528823
0.291529
0.648356
0.858942
0.744522
0.606122
0.279912
0.323221
0.654619
0.733383
0.379474
0.461125
0.576899
0.426672
0.452378
0.650744
0.891187
0.151116
0.682894
0.178537
0.642219
0.713483
0.723632
0.227578
0.325675
0.567584
0.618877
0.871479
0.240353
0.163485
0.473312
0.748898
0.527661
0.35335
0.278343
0.800596
0.882956
0.636259
0.234054
0.283036
0.411488
0.418887
0.45558
0.22954
0.715013
0.488451
0.128471
0.112056
0.533422
0.538864
0.478412
0.163623
0.129005
0.360582
0.346424
0.153637
0.589243
0.699132
0.211474
0.36508
0.837335
0.306872
0.678196
0.604871
0.3779
0.857042
0.748196
0.285565
0.668625
0.658707
0.619206
0.448619
0.496863
0.505723
0.307142
0.0565156
0.853517
0.51238
0.561872
0.963032
0.534778
0.432931
0.348316
0.677995
0.565601
0.731712
0.590264
0.87488
0.527073
0.565114
0.425065
0.546654
0.483097
0.356204
0.393165
0.297294
0.440122
0.787293
0.287197
0.463422
0.636906
0.305321
0.31116
0.592569
0.449596
0.629414
0.250956
0.761565
0.310677
0.769553
0.53339
0.30063
0.778639
0.209768
0.351457
0.695726
0.758484
0.678857
0.459583
0.773805
0.861468
0.826119
0.29322
0.232579
0.50577
0.639132
0.742998
0.658513
0.598054
0.585168
0.714429
0.883718
0.499161
0.227317
0.5299
0.364513
0.465479
0.960964
0.280531
0.721407
0.370778
0.535778
0.411193
0.162314
0.751616
0.172901
0.12281
0.217821
0.0826846
0.35657
0.601834
0.0493936
0.676743
0.273913
0.637549
0.54839
0.717083
0.396224
0.363664
0.525835
0.668728
0.33951
0.161426
0.499887
0.677883
0.411682
0.687262
0.420013
0.557392
0.148258
0.538744
0.123871
0.569279
0.157986
0.74846
0.404959
0.453701
0.744345
0.596134
0.776123
0.51695
0.538372
0.655146
0.346017
0.579387
0.772852
0.54036
0.682688
0.697515
0.847375
0.49997
0.120431
0.812636
0.978353
0.294836
0.673156
0.341859
0.497579
0.734583
0.549475
0.715467
0.257469
0.290495
0.721803
0.477971
0.620635
0.881041
0.58376
0.308426
0.156002
0.726628
0.437217
0.678897
0.433168
0.0959816
0.382341
0.358214
0.70128
0.817312
0.641043
0.581456
0.758207
0.603219
0.426246
0.443887
0.460322
0.53907
0.17645
0.441326
0.0927526
0.510364
0.807051
0.567242
0.714466
0.395367
0.586975
0.490132
0.112115
0.525109
0.331136
0.573014
0.641074
0.713582
0.306343
0.360168
0.501646
0.586792
0.580233
0.644521
0.892943
0.490073
0.499903
0.342362
0.506481
0.428869
0.568901
0.640361
0.466045
0.798965
0.698295
0.743122
0.589936
0.587922
0.63955
0.537814
0.746222
0.280279
0.363988
0.605684
0.591159
0.374821
0.235638
0.748543
0.625465
0.223042
0.531294
0.561591
0.272685
0.323676
0.693666
0.572247
0.0783896
0.758978
0.660499
0.0779107
0.6485
0.63419
0.694601
0.553869
0.089553
0.682434
0.84673
0.865849
0.483256
0.623049
0.515338
0.51
0.822215
0.412143
0.524181
0.21635
0.353242
0.69997
0.720852
0.490094
0.419186
0.610456
0.306328
0.528328
0.159762
0.384031
0.43763
0.438125
0.32638
0.475681
0.602753
0.795157
0.485518
0.375913
0.349041
0.320304
0.529693
0.72313
0.153208
0.815025
0.684642
0.201665
0.553252
0.48449
0.595839
0.27052
0.119533
0.890806
0.596996
0.443643
0.42431
0.516914
0.407769
0.14334
0.876071
0.285041
0.77736
0.574216
0.617032
0.361843
0.485293
0.115815
0.639182
0.19569
0.130143
0.407895
0.856316
0.469804
0.281528
0.603094
0.576505
0.518242
0.340231
0.687479
0.151499
0.240006
0.845806
0.320279
0.536575
0.659843
0.490609
0.319879
0.576391
0.522569
0.243664
0.723927
0.539425
0.171042
0.25737
0.277203
0.255607
0.446194
0.624529
0.251646
0.168803
0.96079
0.572744
0.17877
0.697819
0.336902
0.827748
0.875416
0.506626
0.86032
0.14677
0.569641
0.116567
0.493455
0.417559
0.48425
0.750291
0.801521
0.238234
0.411321
0.379234
0.585098
0.53765
0.611828
0.153474
0.375449
0.5655
0.800233
0.724822
0.937238
0.47592
0.524732
0.431045
0.536585
0.747862
0.429606
0.391155
0.470685
0.330075
0.686891
0.768711
0.718466
0.16803
0.8104
0.292129
0.560087
0.16467
0.615879
0.0780268
0.126322
0.146397
0.266879
0.885636
0.0771758
0.55024
0.146686
0.637391
0.472347
0.817682
0.722476
0.372783
0.884455
0.375132
0.618576
0.259649
0.419205
0.600607
0.291565
0.869044
0.544951
0.320665
0.500673
0.62694
0.497429
0.651205
0.692759
0.187951
0.513652
0.390252
0.471891
0.933397
0.762314
0.690399
0.499376
0.377965
0.576263
0.883091
0.470832
0.47634
0.455938
0.596475
0.242685
0.653142
0.300904
0.703076
0.731283
0.836577
0.439938
0.153075
0.383552
0.358228
0.768365
0.393523
0.318934
0.288441
0.664656
0.843322
0.668133
0.108796
0.846555
0.788362
0.684937
0.580188
0.440297
0.580726
0.383217
0.747063
0.274766
0.670402
0.251941
0.225389
0.275703
0.767476
0.526851
0.254
0.323376
0.827308
0.548219
0.445919
0.55039
0.570744
0.409878
0.258375
0.294612
0.895899
0.405519
0.407196
0.28545
0.307646
0.204005
0.283331
0.630012
0.385411
0.736259
0.38627
0.278968
0.329455
0.452033
0.371152
0.890191
0.77033
0.40569
0.513412
0.371555
0.29572
0.555862
0.226818
0.372551
0.543443
0.214662
0.727799
0.107637
0.228888
0.757913
0.520989
0.632559
0.619704
0.508601
0.587946
0.558123
0.240087
0.631583
0.493036
0.674209
0.481565
0.928339
0.577496
0.570074
0.316658
0.596346
0.494744
0.575301
0.456388
0.318415
0.546994
0.708995
0.562093
0.473157
0.115319
0.313156
0.516554
0.308465
0.432278
0.659384
0.278981
0.595744
0.528314
0.556405
0.492907
0.58334
0.8901
0.349156
0.785607
0.49345
0.701104
0.188454
0.592158
0.357562
0.491613
0.0635673
0.35681
0.661221
0.607541
0.828273
0.608857
0.569764
0.114342
0.314271
0.679733
0.932384
0.584396
0.614122
0.722582
0.812707
0.673265
0.729121
0.715099
0.469829
0.472239
0.515843
0.770951
0.514536
0.331638
0.228351
0.354624
0.391232
0.181356
0.441335
0.889091
0.386866
0.332168
0.252762
0.765193
0.543924
0.323348
0.402853
0.906188
0.655354
0.589186
0.309532
0.310439
0.445054
0.549021
0.508736
0.389742
0.588351
0.182421
0.601276
0.440334
0.402655
0.233209
0.546212
0.228149
0.839288
0.393018
0.00399103
0.939418
0.333242
0.647139
0.420879
0.642242
0.118402
0.422412
0.159492
0.424306
0.291576
0.758973
0.218512
0.516412
0.209429
0.434689
0.447982
0.481078
0.2282
0.803144
0.1548
0.439929
0.346899
0.0630639
0.106377
0.333193
0.490392
0.759125
0.678655
0.849099
0.969651
0.521084
0.757996
0.430541
0.582145
0.380237
0.494705
0.660875
0.366189
0.459207
0.119265
0.850268
0.698813
0.413138
0.770606
0.288544
0.727515
0.707353
0.149044
0.399986
0.552032
0.148608
0.794789
0.430123
0.623051
0.0440771
0.906202
0.314008
0.500553
0.444255
0.350275
0.520085
0.915286
0.632971
0.881075
0.433221
0.502609
0.359775
0.570179
0.735039
0.628772
0.766935
0.566421
0.259227
0.905439
0.545384
0.540525
0.443988
0.289078
0.560923
0.0335069
0.273382
0.587592
0.524049
0.416003
0.493797
0.747359
0.733815
0.278941
0.411343
0.469649
0.508138
0.814293
0.720486
0.506126
0.620012
0.607889
0.0837654
0.408966
0.891127
0.754576
0.0769822
0.561874
0.551399
0.819288
0.633764
0.494082
0.554976
0.405856
0.267949
0.280178
0.750294
0.458688
0.621769
0.254412
0.633804
0.410726
0.282324
0.818885
0.374009
0.404347
0.828399
0.300841
0.374491
0.5502
0.21418
0.615022
0.351641
0.552201
0.365973
0.412861
0.73482
0.51523
0.762552
0.451057
0.653734
0.365335
0.289298
0.587853
0.359808
0.550536
0.800831
0.616125
0.635419
0.0535878
0.59634
0.568169
0.57682
0.736383
0.406378
0.677854
0.593673
0.648898
0.509416
0.361604
0.550115
0.673918
0.740951
0.380408
0.679305
0.742036
0.927536
0.270917
0.735445
0.839693
0.172604
0.684377
0.304311
0.146334
0.440498
0.448002
0.775315
0.375009
0.529651
0.464138
0.185214
0.754044
0.795387
0.488342
0.475554
0.575694
0.377348
0.378315
0.163012
0.350946
0.706089
0.581374
0.503803
0.347952
0.207898
0.428952
0.440365
0.654836
0.396447
0.232385
0.450557
0.395893
0.934409
0.225037
0.376644
0.343511
0.267681
0.571571
0.393373
0.406383
0.579438
0.465998
0.481462
0.337892
0.580706
0.26587
0.604885
0.496832
0.548739
0.660792
0.747325
0.105881
0.543965
0.549213
0.545242
0.691551
0.880836
0.0982126
0.462006
0.252615
0.197407
0.886804
0.779583
0.192287
0.363057
0.584048
0.641295
0.162706
0.483227
0.789053
0.461207
0.708584
0.404646
0.960708
0.222726
0.960116
0.394004
0.290804
0.52102
0.613578
0.557578
0.424945
0.160915
0.551282
0.0888544
0.611461
0.203923
0.690859
0.575706
0.659299
0.565141
0.51712
0.36823
0.511652
0.592734
0.238018
0.402867
0.792882
0.519784
0.119526
0.397978
0.862047
0.760301
0.792514
0.480557
0.207144
0.728246
0.688009
0.573303
0.439967
0.690396
0.245477
0.765824
0.202223
0.120991
0.652074
0.913234
0.469392
0.608046
0.609075
0.849983
0.539522
0.568317
0.48498
0.376248
0.420009
0.359903
0.703074
0.568788
0.37613
0.338488
0.824504
0.487649
0.580916
0.485299
0.0262091
0.494685
0.106718
0.441852
0.536329
0.169349
0.424607
0.61859
0.577996
0.70177
0.628522
0.50158
0.485686
0.662657
0.276869
0.363426
0.396608
0.694075
0.545054
0.291624
0.282868
0.434721
0.308209
0.279575
0.0784402
0.38781
0.324157
0.0825545
0.768254
0.459232
0.362442
0.622914
0.544991
0.538189
0.426028
0.43587
0.502454
0.762016
0.638059
0.479223
0.82268
0.501454
0.916841
0.587426
0.0272067
0.622155
0.738006
0.432402
0.601234
0.722737
0.583586
0.560598
0.162656
0.319241
0.603498
0.407736
0.336258
0.840368
0.565759
0.649805
0.106628
0.817401
0.347481
0.330834
0.661626
0.29727
0.519517
0.415023
0.601537
0.776714
0.503392
0.242869
0.377305
0.85006
0.829936
0.827902
0.434539
0.782649
0.704818
0.512737
0.27825
0.866474
0.386978
0.710128
0.536569
0.684137
0.311687
0.786772
0.0899809
0.801748
0.440818
0.104642
0.445871
0.430922
0.498621
0.816627
0.276483
0.744587
0.552131
0.220344
0.401665
0.300795
0.321076
0.305957
0.48604
0.923329
0.65298
0.590915
0.33356
0.407351
0.774881
0.416531
0.400633
0.562946
0.733922
0.588365
0.512344
0.378884
0.364813
0.574385
0.254529
0.483495
0.17296
0.43195
0.627777
0.599058
0.19784
0.216649
0.287687
0.330654
0.221971
0.333077
0.559014
0.399958
0.61663
0.619683
0.899598
0.32896
0.166217
0.41681
0.603272
0.098173
0.888984
0.449124
0.269195
0.448377
0.672595
0.560624
0.928384
0.764507
0.468793
0.172488
0.206448
0.874818
0.842213
0.791012
0.514848
0.117971
0.844156
0.47495
0.501275
0.675256
0.482953
0.878586
0.353004
0.434656
0.48828
0.81891
0.535394
0.548023
0.61762
0.772279
0.160963
0.362133
0.428793
0.788
0.42274
0.0489583
0.743315
0.513294
0.888918
0.529989
0.45108
0.856123
0.444063
0.183996
0.357656
0.269407
0.275448
0.347135
0.451291
0.222179
0.541355
0.258844
0.767462
0.130261
0.721458
0.376502
0.45462
0.35108
0.137703
0.376359
0.695542
0.304266
0.747361
0.677761
0.814498
0.361699
0.548217
0.472258
0.7012
0.857742
0.79915
0.508676
0.108318
0.402357
0.747635
0.279785
0.430084
0.636919
0.668959
0.775738
0.245322
0.65449
0.760259
0.613952
0.709011
0.513421
0.295756
0.624677
0.302261
0.605116
0.437814
0.865989
0.501381
0.593871
0.711793
0.561503
0.102476
0.22872
0.890881
0.0986253
0.738819
0.53422
0.900425
0.494683
0.554002
0.219195
0.339521
0.632824
0.544659
0.599443
0.330937
0.589088
0.762339
0.412452
0.648704
0.516596
0.364892
0.609228
0.435992
0.822333
0.433493
0.540329
0.314186
0.266521
0.522227
0.410263
0.297335
0.634133
0.582945
0.456425
0.164448
0.272596
0.208855
0.51577
0.305377
0.559302
0.566131
0.474483
0.544324
0.757041
0.433566
0.552894
0.558273
0.735022
0.4461
0.45995
0.245942
0.677685
0.438839
0.158584
0.266131
0.673002
0.713939
0.815327
0.452607
0.966556
0.603527
0.464578
0.425977
0.687152
0.377619
0.499948
0.461248
0.4943
0.346754
0.812134
0.533089
0.367406
0.434865
0.224816
0.449054
0.651058
0.548673
0.33711
0.59434
0.490311
0.74569
0.463095
0.549921
0.434421
0.50368
0.566043
0.209163
0.257001
0.82021
0.416917
0.506348
0.435091
0.921733
0.163831
0.98377
0.249199
0.537366
0.581104
0.662385
0.110868
0.493388
0.473654
0.544248
0.493858
0.810181
0.544442
0.563281
0.239602
0.534184
0.489757
0.41416
0.527064
0.213176
0.669129
0.42744
0.441714
0.723991
0.403715
0.522262
0.347838
0.0875649
0.289017
0.256319
0.662929
0.456964
0.364819
0.10599
0.152459
0.139865
0.567289
0.84789
0.507837
0.817708
0.595186
0.776304
0.739914
0.549532
0.654172
0.479295
0.314905
0.699297
0.500241
0.50955
0.479137
0.60126
0.285329
0.524303
0.363581
0.57876
0.415176
0.331941
0.228621
0.357562
0.461556
0.271226
0.104087
0.46566
0.62803
0.46229
0.599061
0.387258
0.35039
0.206883
0.800556
0.539397
0.32
0.678621
0.449632
0.565498
0.55028
0.532258
0.478115
0.490859
0.563607
0.674288
0.50854
0.960941
0.357919
0.17548
0.564553
0.584036
0.519366
0.669208
0.508459
0.325719
0.679382
0.56773
0.117194
0.45324
0.471547
0.541857
0.227494
0.703812
0.725691
0.44772
0.525593
0.151535
0.343686
0.24764
0.326277
0.173447
0.633418
0.460366
0.580699
0.466022
0.834454
0.789261
0.37184
0.239166
0.65097
0.315259
0.301088
0.515588
0.814506
0.504721
0.938874
0.389169
0.531174
0.770596
0.406906
0.646755
0.624956
0.438569
0.679007
0.833572
0.270779
0.20816
0.332141
0.643246
0.418068
0.562028
0.248727
0.439191
0.337513
0.564996
0.165851
0.764901
0.18083
0.607625
0.48657
0.876491
0.0253102
0.387403
0.412966
0.631561
0.581995
0.783948
0.230202
0.494313
0.578338
0.272857
0.465308
0.467547
0.283248
0.63615
0.664017
0.438015
0.224449
0.465511
0.673427
0.72236
0.855101
0.31784
0.587879
0.526636
0.758681
0.370874
0.909899
0.58323
0.938149
0.539963
0.497633
0.404732
0.31743
0.755308
0.514708
0.895134
0.790322
0.46232
0.368003
0.484482
0.483923
0.395967
0.513322
0.503904
0.360734
0.293329
0.528515
0.693713
0.365613
0.446795
0.498111
0.538066
0.530781
0.363672
0.523058
0.0454491
0.784129
0.286221
0.56371
0.645016
0.663092
0.939437
0.84371
0.0446269
0.218389
0.612159
0.68697
0.697172
0.598969
0.540387
0.929467
0.447588
0.64152
0.0499553
0.94211
0.483718
0.244942
0.528992
0.320475
0.389982
0.392204
0.538898
0.441699
0.403572
0.389054
0.735821
0.858418
0.398704
0.721061
0.262915
0.894094
0.175198
0.387511
0.886947
0.323667
0.803487
0.652718
0.391083
0.167959
0.578887
0.362319
0.0989793
0.399817
0.563783
0.304174
0.893586
0.254485
0.747139
0.550527
0.707342
0.856255
0.526543
0.300081
0.19873
0.517949
0.518758
0.445717
0.193434
0.339356
0.630543
0.425586
0.456644
0.625217
0.372301
0.872343
0.476287
0.162958
0.0728559
0.657334
0.67531
0.544833
0.454491
0.633562
0.334356
0.48872
0.453114
0.713286
0.494514
0.506314
0.21923
0.87318
0.723054
0.287007
0.411176
0.761941
0.363377
0.810274
0.192831
0.292329
0.753674
0.468909
0.773834
0.431624
0.387067
0.379999
0.881093
0.361507
0.0993021
0.580034
0.726165
0.260438
0.608325
0.44511
0.833854
0.6686
0.593366
0.446689
0.523181
0.227521
0.489437
0.747924
0.38263
0.543529
0.286429
0.665083
0.757379
0.506217
0.360264
0.663147
0.566987
0.600114
0.726867
0.824167
0.197822
0.579812
0.0979641
0.621526
0.765244
0.835817
0.231041
0.352749
0.716389
0.360425
0.304029
0.728075
0.545158
0.429957
0.408605
0.381492
0.816792
0.451713
0.744259
0.46551
0.750203
0.381049
0.708554
0.51044
0.782018
0.695992
0.317305
0.873514
0.337062
0.123868
0.251664
0.372678
0.455792
0.64641
0.317398
0.594454
0.479977
0.766885
0.214917
0.384765
0.673704
0.604789
0.256889
0.176183
0.457558
0.590679
0.533569
0.574557
0.359619
0.365775
0.514239
0.522541
0.837695
0.447966
0.186458
0.877047
0.802991
0.307901
0.0730624
0.382193
0.476189
0.705867
0.830196
0.288852
0.632717
0.472207
0.117866
0.766416
0.344728
0.371031
0.54786
0.77196
0.503142
0.269032
0.752101
0.186468
0.203831
0.0382459
0.477811
0.797378
0.507854
0.4536
0.604153
0.601166
0.636396
0.803167
0.588262
0.419291
0.83688
0.511036
0.586902
0.465286
0.457458
0.279771
0.363229
0.270368
0.692922
0.591429
0.57646
0.269428
0.515802
0.863181
0.665478
0.368831
0.482248
0.635567
0.27574
0.46195
0.403041
0.378475
0.542101
0.127922
0.295867
0.831971
0.528448
0.643619
0.58579
0.7561
0.238346
0.458384
0.696606
0.545857
0.349149
0.425581
0.476567
0.37453
0.185323
0.354583
0.327736
0.860642
0.435021
0.341295
0.459028
0.710785
0.727206
0.354905
0.858737
0.372624
0.424922
0.203038
0.383186
0.439428
0.353575
0.767036
0.78386
0.379466
0.671396
0.793628
0.546215
0.620686
0.202495
0.548767
0.089091
0.603095
0.791246
0.28396
0.674481
0.618294
0.0999826
0.234935
0.80315
0.0876616
0.760294
0.767016
0.422415
0.387711
0.401471
0.801141
0.448148
0.413161
0.817955
0.798938
0.403862
0.275317
0.900899
0.354851
0.405526
0.365363
0.447255
0.837816
0.771516
0.469223
0.573061
0.544519
0.212907
0.202658
0.195908
0.470806
0.360089
0.242314
0.414821
0.57735
0.307471
0.660457
0.604086
0.820195
0.408811
0.628162
0.650839
0.23634
0.731501
0.333765
0.504499
0.51906
0.878915
0.670411
0.569421
0.787191
0.815703
0.07855
0.460422
0.647116
0.381706
0.386292
0.754118
0.665762
0.355936
0.572538
0.60728
0.517406
0.232858
0.584854
0.47671
0.33665
0.29898
0.176059
0.663423
0.704442
0.648555
0.180574
0.51718
0.713546
0.452956
0.23356
0.375721
0.704424
0.0990977
0.642942
0.176326
0.531976
0.738029
0.456427
0.66559
0.618168
0.335616
0.222663
0.746618
0.565068
0.493028
0.527719
0.241089
0.247363
0.605493
0.59509
0.206939
0.572957
0.85359
0.569464
0.440705
0.494779
0.572137
0.061528
0.406818
0.376458
0.717465
0.613114
0.574451
0.459063
0.454728
0.449011
0.505796
0.44563
0.312603
0.213814
0.527904
0.11473
0.403558
0.349202
0.433547
0.393863
0.383654
0.34908
0.394806
0.467996
0.626587
0.837025
0.636372
0.2681
0.512499
0.742543
0.903862
0.579053
0.782852
0.309653
0.375689
0.525833
0.588431
0.253345
0.405338
0.841435
0.658343
0.586495
0.344164
0.58949
0.443636
0.471857
0.683117
0.409086
0.639976
0.410779
0.365082
0.368836
0.669563
0.662304
0.357799
0.661751
0.503284
0.493386
0.4406
0.642021
0.629845
0.192945
0.646509
0.599334
0.529458
0.739534
0.4145
0.685893
0.185365
0.0944266
0.245008
0.0558262
0.467355
0.798952
0.515072
0.546207
0.147111
0.886938
0.597748
0.123446
0.356103
0.58017
0.543746
0.338344
0.47244
0.816782
0.321489
0.177604
0.22393
0.369539
0.475102
0.969183
0.22037
0.643006
0.548107
0.393326
0.67883
0.195615
0.73388
0.670731
0.281539
0.614695
0.452217
0.643755
0.406709
0.0795283
0.414624
0.736154
0.398439
0.279572
0.229237
0.67136
0.592623
0.311966
0.709565
0.848817
0.491558
0.264521
0.289507
0.92247
0.780734
0.897389
0.810398
0.394973
0.807066
0.668653
0.934113
0.435773
0.188619
0.806111
0.549542
0.150718
0.401645
0.209553
0.778011
0.675382
0.49154
0.674865
0.0465446
0.733837
0.48011
0.763324
0.1861
0.199116
0.0923166
0.0964791
0.125226
0.211169
0.601441
0.939049
0.987853
0.552608
0.39242
0.139288
0.267207
0.752114
0.768839
0.328312
0.236143
0.279865
0.579906
0.736909
0.367434
0.218908
0.419449
0.570382
0.27588
0.440916
0.449825
0.0890043
0.557336
0.584293
0.829359
0.373708
0.388088
0.527155
0.772728
0.713649
0.36123
0.567196
0.449515
0.634323
0.275046
0.665024
0.726884
0.291942
0.451603
0.377062
0.688163
0.291812
0.152121
0.49864
0.409858
0.445477
0.7689
0.457446
0.65545
0.563441
0.711913
0.642015
0.945046
0.587293
0.271433
0.119503
0.885811
0.697095
0.72634
0.59147
0.198814
0.486948
0.08105
0.455991
0.553764
0.883633
0.552285
0.488884
0.123854
0.690319
0.79017
0.426421
0.198733
0.469294
0.306441
0.626399
0.744388
0.434768
0.695831
0.503971
0.474534
0.608778
0.474959
0.583202
0.29884
0.700292
0.726359
0.274795
0.439148
0.499623
0.223543
0.385016
0.555605
0.537288
0.826287
0.380345
0.40039
0.338511
0.673606
0.576915
0.817542
0.31155
0.565159
0.693347
0.333126
0.140116
0.910122
0.600103
0.630806
0.507129
0.235828
0.618028
0.883632
0.559132
0.486778
0.363261
0.713656
0.227682
0.707881
0.90525
0.476756
0.356095
0.694085
0.399114
0.620856
0.536928
0.801827
0.373155
0.541467
0.647632
0.856034
0.496814
0.1593
0.27884
0.449646
0.423949
0.370455
0.581758
0.42096
0.700785
0.0704782
0.518207
0.40735
0.247467
0.629375
0.0788457
0.6122
0.0666515
0.995416
0.24217
0.285171
0.602112
0.531388
0.278895
0.404212
0.564862
0.737709
0.463376
0.660996
0.563828
0.192597
0.335729
0.589743
0.522651
0.340282
0.365373
0.542684
0.133704
0.684025
0.198731
0.20369
0.494957
0.491484
0.130852
0.444878
0.594856
0.29575
0.522764
0.569281
0.454908
0.776166
0.593391
0.345956
0.509189
0.528816
0.346888
0.232188
0.194533
0.287344
0.353303
0.790717
0.744691
0.330566
0.682489
0.548209
0.82628
0.614092
0.498216
0.404464
0.423855
0.588991
0.651479
0.690141
0.776009
0.72127
0.569026
0.0840676
0.183882
0.901756
0.315147
0.339458
0.658053
0.736736
0.911823
0.631677
0.139263
0.63549
0.834325
0.328443
0.422989
0.661639
0.55644
0.596666
0.437396
0.291001
0.101469
0.498371
0.66874
0.519447
0.76223
0.0914675
0.297824
0.690012
0.485292
0.0393884
0.505624
0.459309
0.371709
0.346904
0.42576
0.499064
0.328572
0.577708
0.365996
0.329393
0.612684
0.772647
0.690495
0.606193
0.339757
0.775738
0.149086
0.235824
0.489491
0.788428
0.459323
0.366028
0.518993
0.710781
0.591665
0.602831
0.403971
0.191626
0.477611
0.728908
0.259203
0.297915
0.755179
0.749751
0.146806
0.326861
0.68564
0.269667
0.76284
0.522701
0.519947
0.5005
0.899846
0.823204
0.86283
0.631697
0.414932
0.249317
0.477073
0.841136
0.890038
0.164653
0.489991
0.401926
0.753067
0.369766
0.608691
0.641148
0.335599
0.359475
0.22021
0.932317
0.174905
0.559765
0.147154
0.454087
0.825051
0.974055
0.849011
0.623542
0.523884
0.406958
0.503817
0.913171
0.769735
0.79687
0.674407
0.68642
0.693709
0.677063
0.15801
0.737481
0.570443
0.898215
0.137461
0.396781
0.392278
0.483581
0.896857
0.864385
0.638785
0.351311
0.634004
0.359351
0.205648
0.626699
0.296536
0.2238
0.413914
0.380404
0.388109
0.296302
0.102674
0.367007
0.835627
0.169926
0.515241
0.701504
0.77796
0.37608
0.520958
0.399655
0.531164
0.586084
0.171762
0.821364
0.504744
0.598148
0.174706
0.294566
0.488017
0.178263
0.568616
0.560346
0.495181
0.749251
0.225149
0.668353
0.252224
0.47302
0.751509
0.564781
0.428319
0.446856
0.454125
0.85354
0.858914
0.53535
0.729625
0.574463
0.277228
0.285357
0.58147
0.330723
0.465421
0.922147
0.417644
0.710885
0.256207
0.600702
0.866825
0.689302
0.460243
0.386893
0.557499
0.051868
0.0641348
0.869045
0.636499
0.382394
0.438442
0.351188
0.760498
0.258172
0.31459
0.255062
0.375999
0.541567
0.434137
0.658748
0.31042
0.517752
0.543362
0.825542
0.528862
0.61701
0.80069
0.627508
0.368239
0.0732542
0.183977
0.443899
0.142414
0.60877
0.129232
0.415437
0.219074
0.598393
0.401872
0.361204
0.50107
0.654675
0.596137
0.215701
0.701998
0.688831
0.677833
0.519384
0.887817
0.240574
0.630083
0.2968
0.463343
0.233188
0.531327
0.582198
0.614486
0.798518
0.28931
0.403294
0.674109
0.429793
0.27435
0.209628
0.46146
0.458501
0.239713
0.532759
0.852112
0.214822
0.686419
0.591297
0.667417
0.21939
0.724391
0.10458
0.429489
0.367438
0.50133
0.754551
0.109758
0.804681
0.415274
0.536218
0.7062
0.557548
0.596313
0.662814
0.316329
0.468675
0.537455
0.742578
0.830128
0.101827
0.274198
0.619868
0.449065
0.518738
0.656852
0.574084
0.444426
0.193601
0.529229
0.495648
0.400188
0.319236
0.521824
0.709115
0.642717
0.372252
0.687141
0.789208
0.641575
0.542793
0.349373
0.516406
0.872788
0.497732
0.310137
0.544464
0.967926
0.434483
0.446544
0.403036
0.429391
0.49584
0.757371
0.634348
0.274354
0.354591
0.557659
0.163653
0.676778
0.639872
0.791586
0.928993
0.50903
0.365562
0.328001
0.346532
0.641603
0.634272
0.122511
0.363579
0.441491
0.628762
0.774588
0.652108
0.116809
0.765915
0.277652
0.421459
0.387261
0.876678
0.654642
0.379604
0.41712
0.888634
0.691108
0.548197
0.529379
0.226192
0.622394
0.937383
0.926782
0.506632
0.401014
0.512133
0.477492
0.598531
0.56484
0.432641
0.580147
0.72239
0.246272
0.227116
0.705113
0.511539
0.507082
0.356072
0.415766
0.314705
0.453154
0.553007
0.505677
0.509888
0.47787
0.877132
0.344572
0.21248
0.502439
0.589606
0.608025
0.498852
0.225975
0.265517
0.272812
0.629889
0.667681
0.479597
0.591937
0.247272
0.678017
0.454495
0.220338
0.128546
0.615255
0.236161
0.744333
0.825334
0.528378
0.761704
0.574881
0.872299
0.456785
0.610869
0.49678
0.242784
0.351809
0.783041
0.622941
0.840278
0.644595
0.517483
0.58492
0.553216
0.629379
0.475284
0.49791
0.763819
0.100806
0.527291
0.570442
0.690039
0.578372
0.443049
0.686054
0.552889
0.470693
0.4516
0.366238
0.799767
0.676763
0.445721
0.730991
0.47764
0.39094
0.527011
0.405348
0.338241
0.272909
0.639981
0.77727
0.870713
0.163412
0.719104
0.594336
0.195421
0.671057
0.573556
0.0936875
0.11592
0.725063
0.660157
0.191709
0.114367
0.0833133
0.445811
0.216975
0.188929
0.804626
0.736518
0.752014
0.170032
0.338698
0.650811
0.356461
0.515572
0.656678
0.841266
0.276233
0.0734925
0.739892
0.618485
0.20035
0.413409
0.763737
0.307779
0.7091
0.567253
0.458329
0.469503
0.764237
0.882171
0.396994
0.539832
0.423968
0.677227
0.358229
0.499503
0.422485
0.508694
0.426311
0.353858
0.335853
0.587044
0.640219
0.50829
0.763086
0.751995
0.770122
0.548986
0.78327
0.400286
0.195161
0.489627
0.906634
0.374089
0.375838
0.220497
0.319496
0.556299
0.558802
0.697246
0.430035
0.282185
0.621405
0.332299
0.553887
0.165182
0.357888
0.602714
0.53558
0.547889
0.528625
0.564074
0.683861
0.527603
0.638351
0.760753
0.606
0.369027
0.678867
0.448702
0.358183
0.105041
0.466204
0.597675
0.786137
0.239726
0.721804
0.315592
0.512175
0.706109
0.191768
0.638522
0.731848
0.594369
0.867784
0.555547
0.815473
0.654546
0.76785
0.188558
0.666772
0.691047
0.754472
0.722792
0.372959
0.704546
0.512506
0.484737
0.887581
0.500152
0.578389
0.489777
0.819492
0.469004
0.707002
0.332754
0.358348
0.363706
0.881955
0.470394
0.449059
0.626347
0.419612
0.745329
0.534643
0.191077
0.386695
0.927228
0.518983
0.671537
0.445869
0.597331
0.0579992
0.456692
0.263192
0.378461
0.369796
0.476904
0.755895
0.31337
0.461358
0.765383
0.228448
0.120061
0.501416
0.428404
0.339434
0.603493
0.526129
0.750977
0.861251
0.678886
0.746248
0.90295
0.339221
0.262593
0.431487
0.573768
0.526196
0.712309
0.679828
0.352436
0.363301
0.549164
0.336529
0.28249
0.296963
0.370011
0.40965
0.260061
0.366931
0.659035
0.535915
0.306416
0.769496
0.133554
0.882785
0.73461
0.494684
0.809691
0.329628
0.843212
0.655691
0.649361
0.352925
0.508287
0.773387
0.950815
0.247459
0.408163
0.548235
0.570732
0.647479
0.60374
0.546509
0.616682
0.768865
0.810405
0.24721
0.424512
0.875337
0.935906
0.540637
0.43602
0.678802
0.821783
0.539083
0.518055
0.71594
0.114289
0.454648
0.314964
0.700182
0.303959
0.318726
0.402079
0.430266
0.711307
0.462215
0.308734
0.543554
0.559398
0.445065
0.405068
0.734376
0.762321
0.518273
0.197661
0.514653
0.671861
0.721009
0.254828
0.676117
0.262991
0.360053
0.783177
0.320436
0.102015
0.888263
0.802821
0.155642
0.429558
0.0933381
0.419408
0.214225
0.303802
0.527661
0.866919
0.730342
0.487703
0.25453
0.79598
0.620589
0.627185
0.255642
0.208176
0.344829
0.255582
0.239189
0.48768
0.88059
0.772893
0.107497
0.65727
0.626598
0.786688
0.487639
0.286578
0.25801
0.564792
0.498
0.406226
0.88798
0.838144
0.31829
0.332253
0.847189
0.305516
0.650064
0.481042
0.475025
0.430067
0.299282
0.555732
0.52311
0.480963
0.382039
0.410855
0.60393
0.261613
0.549084
0.452783
0.574327
0.579302
0.644275
0.609259
0.325646
0.749345
0.356685
0.702172
0.659398
0.290103
0.195574
0.483411
0.259275
0.453537
0.511971
0.644518
0.22742
0.349222
0.310171
0.286543
0.734899
0.658041
0.236949
0.137371
0.543296
0.295058
0.405847
0.229507
0.486456
0.869344
0.608416
0.302129
0.458374
0.401818
0.483814
0.366979
0.535288
0.500442
0.862713
0.678438
0.567065
0.555401
0.770988
0.773947
0.404985
0.505151
0.473182
0.30167
0.390074
0.837544
0.455292
0.528106
0.808162
0.728482
0.390951
0.71914
0.724871
0.583839
0.404583
0.513783
0.445776
0.738709
0.839682
0.960656
0.304012
0.681249
0.259864
0.56303
0.55962
0.406747
0.554889
0.479046
0.901966
0.870757
0.793376
0.449486
0.878616
0.498473
0.358467
0.576277
0.531031
0.320766
0.422217
0.750663
0.599535
0.545608
0.45905
0.330799
0.367002
0.236872
0.268096
0.594251
0.542756
0.760792
0.868825
0.041728
0.545196
0.773643
0.153859
0.30409
0.623712
0.262472
0.327423
0.20551
0.46746
0.514022
0.427405
0.461421
0.780623
0.375227
0.623519
0.540667
0.260795
0.781986
0.503625
0.397052
0.499164
0.771164
0.704758
0.0762795
0.528213
0.554078
0.514974
0.630043
0.574667
0.217993
0.466639
0.819799
0.532458
0.235439
0.461321
0.768567
0.752516
0.69943
0.110981
0.519844
0.453211
0.565977
0.749683
0.38854
0.387321
0.673527
0.464586
0.539583
0.358406
0.922276
0.514484
0.405666
0.261532
0.734571
0.648743
0.356344
0.530287
0.280888
0.108949
0.456516
0.204093
0.444178
0.490177
0.203066
0.28682
0.608629
0.65827
0.304258
0.64977
0.597192
0.0640854
0.367222
0.939096
0.445494
0.565169
0.784681
0.279784
0.68803
0.259876
0.662839
0.525342
0.945834
0.358466
0.308118
0.884361
0.843087
0.760236
0.59124
0.462172
0.643403
0.775304
0.932906
0.58783
0.484837
0.824155
0.206124
0.253694
0.205908
0.467629
0.526004
0.576908
0.49324
0.764527
0.698629
0.399112
0.444688
0.223572
0.526394
0.472762
0.130097
0.510967
0.717977
0.639428
0.845144
0.594346
0.826892
0.487519
0.49196
0.648439
0.443355
0.183889
0.383544
0.317279
0.789987
0.00580274
0.75724
0.82236
0.422626
0.556794
0.395836
0.425627
0.413345
0.73196
0.493128
0.900768
0.69352
0.205282
0.264077
0.435765
0.66059
0.543578
0.787948
0.784206
0.702923
0.50874
0.686129
0.502411
0.472999
0.191929
0.474586
0.253925
0.539877
0.330439
0.794214
0.43248
0.477724
0.489961
0.710596
0.249056
0.497935
0.752035
0.88799
0.44821
0.408179
0.128465
0.680634
0.463348
0.482479
0.631559
0.547738
0.590185
0.752202
0.761037
0.186818
0.152123
0.778643
0.625513
0.393309
0.650867
0.643636
0.498471
0.392665
0.540052
0.695447
0.315705
0.75445
0.529277
0.512932
0.453193
0.486204
0.22039
0.601783
0.581447
0.518123
0.897445
0.512416
0.474373
0.527917
0.936292
0.369868
0.357735
0.418458
0.569242
0.731841
0.714335
0.749112
0.634835
0.741799
0.420046
0.0349594
0.462242
0.219842
0.666892
0.566356
0.684363
0.634816
0.336364
0.264583
0.543223
0.826929
0.818227
0.577613
0.645797
0.400927
0.727076
0.533318
0.647927
0.385635
0.550952
0.805678
0.488515
0.556492
0.473347
0.512898
0.565726
0.743448
0.441961
0.454561
0.641448
0.497406
0.514609
0.608262
0.779799
0.664151
0.594708
0.444438
0.269997
0.715502
0.375789
0.48139
0.253446
0.613197
0.646541
0.49078
0.169408
0.531805
0.564893
0.377147
0.153182
0.442742
0.591697
0.493308
0.665229
0.362247
0.481581
0.516744
0.399213
0.491956
0.560606
0.500383
0.911469
0.531488
0.47735
0.324465
0.433933
0.618251
0.196116
0.514457
0.477092
0.650447
0.707957
0.253256
0.599068
0.675033
0.767266
0.404219
0.111457
0.573191
0.418699
0.474824
0.51208
0.451622
0.66123
0.689052
0.57935
0.448783
0.803181
0.699866
0.832468
0.590944
0.394069
0.461433
0.45621
0.883734
0.576199
0.89404
0.808586
0.500641
0.280896
0.712892
0.774192
0.230671
0.901355
0.655323
0.495604
0.77321
0.406094
0.329165
0.409685
0.518853
0.314029
0.518364
0.535235
0.630799
0.534215
0.520161
0.602903
0.542156
0.280353
0.45147
0.387856
0.91029
0.602164
0.450363
0.500191
0.620156
0.532777
0.811833
0.407646
0.104284
0.433317
0.335306
0.609655
0.54793
0.322885
0.524653
0.651367
0.473628
0.314186
0.269728
0.0607458
0.750208
0.732065
0.751739
0.811412
0.247092
0.574256
0.0530473
0.558429
0.655485
0.680674
0.31526
0.663745
0.923833
0.809621
0.777778
0.422554
0.80574
0.776299
0.642229
0.921359
0.694268
0.391046
0.446503
0.603056
0.717372
0.641772
0.49538
0.383882
0.494977
0.897073
0.383045
0.561616
0.508979
0.863535
0.756031
0.273938
0.213269
0.612808
0.703446
0.41039
0.811609
0.700994
0.52459
0.150913
0.557025
0.735001
0.612389
0.69846
0.477109
0.697483
0.8043
0.292733
0.605456
0.424052
0.290684
0.236597
0.600193
0.833472
0.533868
0.936284
0.556386
0.343566
0.139442
0.350997
0.369852
0.362623
0.234593
0.767102
0.685705
0.328081
0.646565
0.456578
0.265746
0.471346
0.537624
0.548955
0.534589
0.819594
0.641174
0.840502
0.615176
0.402456
0.856966
0.283941
0.340148
0.213515
0.701605
0.546511
0.526291
0.683571
0.473867
0.293728
0.725086
0.254665
0.482588
0.250724
0.71313
0.600874
0.298201
0.612567
0.662037
0.623949
0.227246
0.519519
0.228142
0.558852
0.572487
0.582691
0.228175
0.356331
0.229533
0.340111
0.617799
0.466658
0.28415
0.542734
0.665734
0.230728
0.512732
0.314466
0.516928
0.291702
0.551669
0.499797
0.764059
0.772457
0.48965
0.907171
0.697391
0.421101
0.250214
0.175771
0.578823
0.508853
0.370118
0.637878
0.586735
0.471627
0.642426
0.318565
0.504016
0.118686
0.58144
0.608956
0.77244
0.688752
0.279935
0.668842
0.712352
0.116007
0.467397
0.758979
0.507381
0.575439
0.941264
0.472903
0.479703
0.709031
0.531452
0.732659
0.732143
0.391292
0.371727
0.432337
0.909195
0.474709
0.489755
0.757868
0.129806
0.662687
0.0909637
0.48106
0.570583
0.489588
0.399604
0.420357
0.228818
0.344526
0.533718
0.280381
0.570542
0.557595
0.128954
0.726811
0.569599
0.774216
0.789497
0.8227
0.569479
0.675379
0.432627
0.846859
0.450483
0.558513
0.206729
0.534477
0.260516
0.875815
0.400832
0.424657
0.768637
0.0338545
0.627056
0.269101
0.826246
0.590318
0.545626
0.35069
0.471569
0.440803
0.515369
0.580262
0.388906
0.67057
0.790937
0.384385
0.634862
0.953222
0.751223
0.666483
0.469576
0.210303
0.631778
0.518199
0.68175
0.702818
0.34726
0.377401
0.472038
0.807756
0.228279
0.473771
0.760169
0.439665
0.360249
0.672457
0.206923
0.409426
0.700149
0.220789
0.2929
0.469344
0.760386
0.922594
0.47176
0.375749
0.887213
0.409183
0.216434
0.00731484
0.524467
0.445601
0.702559
0.909322
0.841633
0.605274
0.924181
0.591154
0.718565
0.66572
0.212557
0.486308
0.317442
0.222501
0.429655
0.191274
0.335831
0.288156
0.0337435
0.431629
0.523022
0.537358
0.765246
0.660756
0.65505
0.379092
0.376792
0.778598
0.402144
0.181158
0.632222
0.664923
0.885574
0.241857
0.225032
0.553581
0.709197
0.498247
0.317572
0.231266
0.364252
0.479854
0.578069
0.62635
0.644234
0.161311
0.893318
0.560361
0.569994
0.636882
0.360699
0.266722
0.313449
0.434374
0.713924
0.2384
0.721585
0.305483
0.512721
0.548133
0.780736
0.474135
0.227431
0.491956
0.224369
0.593922
0.27529
0.23875
0.475916
0.560259
0.61593
0.125604
0.731446
0.342437
0.689426
0.320765
0.725295
0.645243
0.781008
0.783038
0.584988
0.479388
0.322302
0.778481
0.170152
0.614492
0.189794
0.672293
0.40331
0.407911
0.236947
0.795832
0.3388
0.147225
0.0972189
0.895705
0.579316
0.813732
0.720979
0.503939
0.637824
0.0688343
0.160128
0.525231
0.455951
0.784727
0.289994
0.419349
0.528146
0.585324
0.458857
0.563757
0.444276
0.132898
0.481243
0.213572
0.651523
0.790455
0.44191
0.433019
0.349796
0.309346
0.453214
0.454535
0.673108
0.336223
0.309355
0.628755
0.672666
0.3029
0.406746
0.460595
0.605709
0.657285
0.350566
0.683725
0.147397
0.413007
0.343306
0.407717
0.381349
0.13997
0.251935
0.57921
0.787691
0.787518
0.676045
0.830455
0.43578
0.126498
0.39018
0.745629
0.202027
0.115988
0.709261
0.157357
0.0715481
0.145019
0.626875
0.792888
0.445624
0.369124
0.501903
0.421419
0.865261
0.256118
0.619824
0.611092
0.674406
0.474995
0.630724
0.286208
0.884657
0.406397
0.166907
0.482244
0.366593
0.822636
0.86872
0.528292
0.481125
0.179753
0.59802
0.843555
0.877549
0.483673
0.294483
0.616589
0.423279
0.837003
0.730737
0.342987
0.593495
0.542587
0.348079
0.529261
0.637233
0.534446
0.405319
0.327664
0.44974
0.426247
0.349087
0.448791
0.319175
0.612021
0.11469
0.40576
0.579026
0.123333
0.492426
0.475853
0.685901
0.34166
0.745013
0.722511
0.355631
0.184281
0.837582
0.502605
0.628891
0.526471
0.942481
0.0909495
0.600847
0.392369
0.806874
0.886035
0.537595
0.341385
0.621962
0.618012
0.215463
0.496568
0.708376
0.561974
0.557516
0.305871
0.133108
0.966623
0.50487
0.896787
0.299124
0.240421
0.548746
0.779367
0.0995605
0.394399
0.46242
0.672141
0.404228
0.322773
0.510558
0.870033
0.446878
0.209585
0.276666
0.342849
0.607521
0.68162
0.737693
0.647467
0.634813
0.284848
0.328096
0.756413
0.529363
0.443709
0.473954
0.549987
0.109548
0.269566
0.441003
0.488682
0.70723
0.416699
0.32875
0.87714
0.491544
0.64122
0.656098
0.150437
0.0947111
0.300353
0.222195
0.258018
0.514596
0.736527
0.789508
0.490113
0.694538
0.822771
0.124401
0.986044
0.231736
0.402935
0.54377
0.183297
0.341272
0.442294
0.354585
0.610836
0.503617
0.411099
0.436453
0.699611
0.649278
0.755716
0.705613
0.67777
0.284979
0.268973
0.812037
0.637617
0.641602
0.753412
0.659616
0.505877
0.724846
0.578139
0.702663
0.418364
0.575385
0.562019
0.460282
0.394697
0.596061
0.0729906
0.303386
0.228201
0.479432
0.315287
0.307478
0.650711
0.569798
0.483414
0.827557
0.601482
0.41957
0.293735
0.439798
0.823976
0.85067
0.36157
0.507956
0.533795
0.507405
0.473724
0.870686
0.545595
0.188046
0.513416
0.509304
0.516321
0.668122
0.626583
0.54374
0.356636
0.779232
0.175592
0.51777
0.381974
0.682938
0.608407
0.672836
0.419138
0.0801078
0.07829
0.773114
0.353929
0.521836
0.481157
0.0326907
0.499815
0.538867
0.534733
0.809076
0.687159
0.482215
0.605678
0.465484
0.117095
0.268474
0.697897
0.667646
0.293629
0.649064
0.347273
0.36918
0.742114
0.673471
0.625087
0.352828
0.741747
0.6923
0.534441
0.433151
0.444286
0.546749
0.791
0.289545
0.520712
0.51689
0.811428
0.386752
0.372083
0.651925
0.689909
0.553279
0.46038
0.781375
0.525187
0.526453
0.459642
0.806925
0.667569
0.636103
0.697267
0.300435
0.787396
0.287159
0.249826
0.484428
0.623494
0.514706
0.57733
0.847106
0.35215
0.623356
0.724371
0.444772
0.724218
0.286047
0.386128
0.370283
0.949944
0.465678
0.531729
0.416956
0.768168
0.636261
0.797013
0.643132
0.218587
0.518557
0.503253
0.343366
0.842769
0.408445
0.427952
0.35803
0.371667
0.664551
0.348322
0.703843
0.414414
0.534942
0.397625
0.183676
0.245178
0.240988
0.41906
0.434727
0.491926
0.59975
0.771415
0.799964
0.862961
0.454554
0.435254
0.45849
0.00411699
0.296691
0.287908
0.926289
0.661555
0.199443
0.5601
0.839594
0.532096
0.548951
0.256544
0.358865
0.515108
0.544692
0.717407
0.582197
0.536935
0.555622
0.517032
0.532714
0.200955
0.656339
0.540882
0.585321
0.723317
0.530871
0.351159
0.623933
0.446496
0.420012
0.34612
0.771124
0.6798
0.401365
0.237614
0.207871
0.198002
0.52959
0.515918
0.401892
0.436317
0.727568
0.840456
0.488838
0.751959
0.807547
0.689552
0.601371
0.579536
0.614542
0.621851
0.616973
0.889604
0.522615
0.646631
0.596074
0.566704
0.377876
0.469701
0.607897
0.15524
0.470384
0.276157
0.192186
0.378608
0.730365
0.230786
0.380769
0.418988
0.582468
0.521411
0.503683
0.652269
0.755066
0.0400573
0.93038
0.864585
0.329858
0.691297
0.447302
0.433995
0.430358
0.836692
0.648903
0.542849
0.686092
0.528773
0.519979
0.193426
0.47263
0.457539
0.31293
0.131456
0.415864
0.426969
0.374388
0.239184
0.262211
0.198589
0.751407
0.0416285
0.454698
0.683658
0.70819
0.676767
0.618194
0.23508
0.210118
0.512377
0.645306
0.684662
0.482639
0.549296
0.687746
0.290878
0.928312
0.832919
0.596271
0.90685
0.486152
0.801753
0.715555
0.447741
0.943123
0.333893
0.428658
0.631339
0.258479
0.209329
0.459022
0.485107
0.637392
0.787994
0.1762
0.75752
0.391088
0.410514
0.514838
0.641027
0.546527
0.360665
0.604663
0.608545
0.219399
0.185534
0.322555
0.684856
0.440021
0.751456
0.716034
0.618892
0.422493
0.120793
0.610788
0.692346
0.693247
0.666685
0.203145
0.294636
0.545909
0.299909
0.551669
0.413751
0.46517
0.764022
0.620359
0.337044
0.463164
0.662001
0.889176
0.625577
0.697586
0.209619
0.535952
0.820137
0.291624
0.667823
0.806967
0.8566
0.451518
0.48842
0.431804
0.312819
0.778339
0.4144
0.301338
0.878773
0.0964057
0.608266
0.116028
0.836222
0.671476
0.838761
0.324933
0.353658
0.867689
0.838422
0.414172
0.546873
0.592972
0.651417
0.466834
0.524989
0.308435
0.623157
0.4046
0.536322
0.428038
0.640198
0.934651
0.348014
0.610619
0.810995
0.463695
0.637846
0.747124
0.485076
0.104237
0.446226
0.871691
0.840266
0.386498
0.630857
0.27599
0.224597
0.902659
0.786105
0.782045
0.521581
0.348412
0.733649
0.429488
0.514557
0.290043
0.460512
0.259033
0.557853
0.473596
0.275089
0.424699
0.819528
0.105919
0.471348
0.54312
0.442498
0.275675
0.435892
0.489032
0.177881
0.545703
0.4021
0.27184
0.376427
0.236382
0.450106
0.678926
0.680916
0.532917
0.370911
0.547148
0.84447
0.787778
0.65742
0.324768
0.806723
0.252793
0.654791
0.511811
0.49184
0.463648
0.796931
0.61766
0.749415
0.612884
0.375593
0.450455
0.441281
0.485716
0.432988
0.853653
0.384339
0.396291
0.138388
0.430894
0.191502
0.550306
0.403746
0.351078
0.509903
0.37315
0.512844
0.501372
0.73755
0.581057
0.183048
0.556603
0.506634
0.635994
0.748268
0.459333
0.55372
0.213335
0.546257
0.355625
0.554105
0.424614
0.612896
0.707352
0.57964
0.775955
0.430676
0.102643
0.546341
0.706052
0.748086
0.21185
0.850165
0.535845
0.381169
0.387221
0.346341
0.775341
0.428029
0.580212
0.409681
0.471275
0.471612
0.0511753
0.520333
0.642628
0.115597
0.271945
0.651465
0.339271
0.592797
0.4726
0.192395
0.47229
0.20496
0.459491
0.722723
0.302849
0.497425
0.132376
0.660056
0.339687
0.841604
0.554321
0.635917
0.383686
0.492793
0.478762
0.411514
0.57116
0.710352
0.413944
0.227021
0.505856
0.671816
0.105716
0.685089
0.432906
0.682041
0.745439
0.10133
0.396252
0.573007
0.260558
0.211533
0.434362
0.209455
0.221156
0.707431
0.607328
0.160029
0.696604
0.779832
0.511708
0.863164
0.322191
0.17999
0.427779
0.511464
0.886398
0.767116
0.857124
0.397867
0.425277
0.591943
0.446779
0.111399
0.11116
0.273308
0.659426
0.239885
0.648704
0.756752
0.53742
0.131476
0.442085
0.501132
0.521705
0.286421
0.472894
0.221329
0.524958
0.595018
0.129109
0.522107
0.321588
0.407214
0.651268
0.590255
0.305493
0.313866
0.912772
0.569153
0.279754
0.539201
0.427013
0.32193
0.180731
0.488533
0.274803
0.496437
0.502327
0.264839
0.571385
0.637264
0.674416
0.862331
0.643046
0.0470722
0.262774
0.264676
0.259174
0.68155
0.596089
0.820062
0.566364
0.569313
0.288921
0.534828
0.796947
0.580131
0.117779
0.821922
0.875133
0.321854
0.82073
0.759965
0.219697
0.52849
0.629269
0.563237
0.342957
0.508868
0.204448
0.732447
0.771537
0.557393
0.637535
0.250648
0.365234
0.685406
0.788763
0.708222
0.286038
0.6137
0.476018
0.385378
0.170185
0.673783
0.388578
0.590118
0.481859
0.597483
0.0893179
0.944208
0.577983
0.631574
0.582047
0.329154
0.689282
0.496058
0.658968
0.348779
0.823607
0.411849
0.106481
0.434489
0.523284
0.755573
0.335884
0.61385
0.45903
0.856267
0.618758
0.482651
0.518759
0.53077
0.345142
0.565136
0.350389
0.161654
0.585863
0.516637
0.743533
0.453539
0.228681
0.517351
0.285746
0.460701
0.571174
0.225556
0.404779
0.560903
0.491584
0.303083
0.209068
0.757388
0.682129
0.795392
0.464473
0.523049
0.417539
0.543122
0.596059
0.357775
0.444897
0.321549
0.779499
0.312034
0.319115
0.548867
0.487452
0.43678
0.371668
0.673785
0.782048
0.451786
0.988487
0.247441
0.695411
0.381564
0.486204
0.70416
0.215913
0.490034
0.61421
0.520136
0.698639
0.552158
0.573263
0.68863
0.44433
0.332782
0.429698
0.34481
0.241843
0.599944
0.417521
0.392908
0.344964
0.581963
0.859005
0.632866
0.655163
0.484632
0.29763
0.653216
0.307693
0.516885
0.925554
0.651435
0.4092
0.330337
0.501019
0.36256
0.350785
0.360107
0.689427
0.421395
0.421263
0.261404
0.625077
0.753139
0.371119
0.468355
0.478841
0.481833
0.628464
0.358585
0.430338
0.365526
0.544061
0.589125
0.681448
0.411601
0.34328
0.876205
0.51129
0.595246
0.388621
0.323571
0.861063
0.498564
0.407215
0.360945
0.550438
0.707362
0.513521
0.93633
0.965465
0.447189
0.658178
0.312852
0.421244
0.709715
0.559796
0.652882
0.390885
0.515085
0.227212
0.529215
0.90557
0.475417
0.355551
0.585094
0.668806
0.469117
0.180188
0.27193
0.291243
0.505254
0.298503
0.925563
0.540705
0.251737
0.5201
0.398974
0.615378
0.220589
0.481933
0.551373
0.686359
0.748133
0.565579
0.60061
0.319074
0.677425
0.0796648
0.677912
0.371339
0.544844
0.721247
0.880962
0.579117
0.592217
0.50571
0.20336
0.279325
0.0704462
0.655553
0.425573
0.582301
0.570095
0.864191
0.384466
0.294846
0.50895
0.401696
0.495571
0.508009
0.42609
0.705175
0.484267
0.502101
0.376524
0.897269
0.489078
0.484669
0.490012
0.602036
0.532338
0.665462
0.652175
0.478254
0.310472
0.78571
0.785588
0.0659833
0.338226
0.457286
0.353009
0.342982
0.688144
0.530645
0.474502
0.313368
0.398684
0.698676
0.444694
0.501695
0.0813579
0.156911
0.455943
0.401396
0.339318
0.878804
0.477759
0.22732
0.316856
0.428078
0.5123
0.247879
0.531297
0.718417
0.840342
0.523097
0.0958165
0.244064
0.391626
0.55064
0.523725
0.543166
0.518023
0.622675
0.511805
0.518983
0.717494
0.622206
0.432319
0.232372
0.751353
0.538299
0.72033
0.392229
0.616863
0.655401
0.425009
0.508849
0.48173
0.172726
0.900643
0.538455
0.456603
0.435483
0.945084
0.335429
0.476209
0.51048
0.650394
0.342043
0.579269
0.514432
0.812516
0.683794
0.52191
0.404083
0.453773
0.201704
0.428779
0.863022
0.844082
0.941247
0.580622
0.470874
0.363768
0.730829
0.45661
0.516302
0.632906
0.221047
0.294238
0.616059
0.539152
0.619216
0.199129
0.22811
0.628053
0.341942
0.231646
0.197598
0.776842
0.421808
0.416697
0.650249
0.6548
0.742504
0.267701
0.348565
0.680231
0.540039
0.685166
0.551938
0.516198
0.595913
0.484902
0.47261
0.104141
0.661456
0.330391
0.595179
0.816566
0.890797
0.488396
0.42813
0.517011
0.423194
0.596386
0.681652
0.647526
0.243774
0.524939
0.416795
0.42094
0.564975
0.937747
0.386774
0.777218
0.709295
0.796443
0.592044
0.470228
0.337213
0.326967
0.496531
0.483312
0.352432
0.358714
0.403171
0.429016
0.929889
0.467271
0.662733
0.670444
0.850236
0.496035
0.690637
0.608668
0.687795
0.801591
0.192287
0.412696
0.387272
0.462196
0.048223
0.425516
0.377774
0.708312
0.48614
0.0617613
0.110982
0.478604
0.467663
0.719591
0.7736
0.774402
0.643494
0.561394
0.412477
0.380102
0.781359
0.474959
0.324099
0.036573
0.746945
0.608795
0.798399
0.299114
0.418829
0.582302
0.670153
0.581073
0.844137
0.303539
0.619471
0.278749
0.492494
0.284354
0.276204
0.39275
0.641587
0.424679
0.42136
0.705482
0.728438
0.944827
0.441885
0.344011
0.42629
0.476648
0.683484
0.452039
0.257762
0.281447
0.4594
0.714292
0.230728
0.644586
0.211377
0.62112
0.284159
0.203727
0.18229
0.13068
0.25692
0.799713
0.448248
0.280564
0.64334
0.896098
0.271189
0.820292
0.57512
0.195381
0.471354
0.580607
0.269922
0.287032
0.382216
0.565054
0.612809
0.494417
0.93881
0.643836
0.587417
0.544771
0.563614
0.749496
0.449589
0.768398
0.252468
0.61848
0.33694
0.240298
0.12627
0.392188
0.433611
0.609471
0.202479
0.285647
0.360267
0.818162
0.253733
0.551445
0.635159
0.495345
0.359176
0.111152
0.352854
0.515795
0.617361
0.495922
0.153024
0.548087
0.47789
0.132545
0.602463
0.371941
0.762218
0.530733
0.28928
0.327333
0.682339
0.571962
0.729002
0.464816
0.529355
0.369704
0.608096
0.798561
0.692198
0.0654466
0.44121
0.520631
0.280078
0.4444
0.394202
0.617026
0.860485
0.399337
0.325817
0.533108
0.187864
0.540541
0.526648
0.367997
0.286393
0.644365
0.184799
0.534597
0.363508
0.652439
0.283458
0.403922
0.769179
0.578088
0.436347
0.659437
0.57916
0.446073
0.592828
0.419139
0.368746
0.286267
0.595194
0.640173
0.85686
0.221438
0.246479
0.402757
0.338538
0.833832
0.847898
0.877267
0.187203
0.764776
0.590789
0.110344
0.196375
0.896053
0.238737
0.222909
0.643748
0.481341
0.711337
0.19503
0.698854
0.240533
0.481808
0.619576
0.658813
0.699285
0.626485
0.638668
0.484937
0.450667
0.414985
0.233942
0.726265
0.535336
0.505606
0.62366
0.154352
0.281171
0.111339
0.726783
0.296945
0.212844
0.427606
0.486087
0.546443
0.536325
0.663662
0.29949
0.632334
0.222867
0.695351
0.390762
0.485068
0.861537
0.657701
0.657815
0.882108
0.218882
0.221624
0.868831
0.755204
0.338872
0.849749
0.533482
0.651184
0.535774
0.502244
0.35855
0.576855
0.777151
0.564196
0.404285
0.3219
0.723713
0.691969
0.389856
0.8419
0.587265
0.826686
0.553296
0.396944
0.487552
0.798802
0.553368
0.879513
0.633308
0.248487
0.607808
0.628664
0.422361
0.512337
0.394432
0.515766
0.450177
0.677709
0.198639
0.200371
0.435741
0.181754
0.872842
0.693045
0.718242
0.632996
0.380429
0.225281
0.247512
0.45911
0.528859
0.414913
0.38573
0.535306
0.453537
0.328697
0.357439
0.623525
0.496155
0.782032
0.329428
0.253422
0.328187
0.579077
0.371585
0.601911
0.502306
0.384773
0.444352
0.478799
0.571463
0.5336
0.577939
0.201854
0.497456
0.818145
0.552992
0.44539
0.2778
0.66386
0.661936
0.572281
0.551782
0.0846615
0.524757
0.510057
0.403581
0.427309
0.452492
0.407534
0.162385
0.15077
0.496261
0.609217
0.206471
0.250081
0.589183
0.41048
0.110223
0.422472
0.583053
0.607322
0.430116
0.186819
0.501194
0.530274
0.507726
0.405762
0.473432
0.552813
0.374825
0.523121
0.588655
0.490413
0.677705
0.317495
0.29497
0.357172
0.494859
0.586248
0.496999
0.12269
0.504187
0.412331
0.644361
0.412695
0.662967
0.529701
0.374964
0.522684
0.395794
0.791358
0.171223
0.664604
0.742778
0.357306
0.506857
0.042415
0.502303
0.458039
0.606486
0.153138
0.609671
0.452419
0.209714
0.63577
0.825
0.887093
0.625985
0.541237
0.260774
0.877893
0.385978
0.572346
0.361462
0.871937
0.439872
0.143444
0.154682
0.212411
0.622317
0.535324
0.925379
0.41633
0.498501
0.471653
0.42155
0.688827
0.725215
0.619001
0.282063
0.435815
0.705375
0.313334
0.584159
0.400136
0.0839482
0.741603
0.740241
0.534615
0.527814
0.357846
0.930607
0.338688
0.251584
0.489012
0.840788
0.623583
0.895941
0.386475
0.679226
0.534289
0.134619
0.405018
0.282994
0.64485
0.280627
0.541814
0.576367
0.556794
0.181893
0.743738
0.229013
0.668779
0.341022
0.192119
0.567664
0.648836
0.463381
0.199811
0.62711
0.628863
0.532278
0.406259
0.68342
0.254299
0.529514
0.632006
0.194329
0.460192
0.56412
0.554879
0.278717
0.708174
0.441643
0.295858
0.699213
0.407099
0.100851
0.553425
0.268898
0.353416
0.364263
0.100972
0.185198
0.265626
0.0934585
0.262621
0.501027
0.850422
0.609633
0.908595
0.275301
0.326435
0.634407
0.562055
0.901968
0.444768
0.525417
0.885112
0.698735
0.283772
0.725774
0.612483
0.543693
0.458824
0.615962
0.427067
0.180078
0.876129
0.351336
0.322474
0.766457
0.272859
0.28785
0.173339
0.331606
0.524217
0.243235
0.535028
0.500456
0.561292
0.610332
0.620111
0.18943
0.73188
0.233846
0.449795
0.426598
0.549674
0.481295
0.354238
0.534058
0.515572
0.583486
0.296505
0.61701
0.558066
0.589357
0.920653
0.636005
0.628025
0.674564
0.275254
0.295904
0.596403
0.562736
0.839431
0.567074
0.341729
0.46282
0.779251
0.861434
0.277497
0.695514
0.288134
0.717939
0.557855
0.576269
0.415669
0.309162
0.313286
0.141914
0.465067
0.16265
0.506239
0.452467
0.34021
0.697755
0.359961
0.469221
0.649066
0.510688
0.302058
0.904746
0.921021
0.797556
0.477593
0.45997
0.47144
0.387196
0.124817
0.508015
0.247576
0.562629
0.469894
0.554032
0.415706
0.182002
0.285284
0.694774
0.500161
0.566918
0.369718
0.821206
0.560721
0.208071
0.945974
0.451956
0.695569
0.545151
0.835953
0.354967
0.582856
0.410008
0.260841
0.509224
0.824648
0.679093
0.727404
0.477971
0.532826
0.763228
0.199768
0.409352
0.397322
0.769793
0.619305
0.14996
0.902796
0.504432
0.82351
0.351299
0.9107
0.936441
0.528089
0.968678
0.499408
0.333999
0.274688
0.196631
0.755911
0.482459
0.110031
0.654435
0.638329
0.730936
0.250488
0.529881
0.579284
0.0694582
0.599387
0.408936
0.175966
0.520994
0.722657
0.663504
0.613495
0.839675
0.751671
0.539005
0.39396
0.338587
0.670454
0.478023
0.494317
0.127524
0.557677
0.735819
0.252088
0.623132
0.592159
0.488013
0.578586
0.400891
0.493879
0.400297
0.525199
0.290443
0.0607661
0.524545
0.779007
0.0727732
0.574834
0.905246
0.339812
0.719793
0.589501
0.424694
0.431447
0.323923
0.473212
0.684905
0.125988
0.197276
0.572772
0.618773
0.710304
0.577091
0.473075
0.542503
0.500121
0.456096
0.568186
0.505876
0.607612
0.763509
0.522038
0.0664622
0.0942509
0.454405
0.185256
0.508393
0.491485
0.522237
0.64793
0.545871
0.347549
0.531305
0.346421
0.196096
0.759531
0.472993
0.505578
0.275842
0.77557
0.581666
0.686007
0.870432
0.602864
0.203095
0.319347
0.643397
0.232928
0.390353
0.352748
0.499647
0.39634
0.609138
0.487059
0.384485
0.684991
0.266505
0.481506
0.395364
0.230625
0.234038
0.110909
0.402777
0.504247
0.618498
0.599794
0.521243
0.601757
0.240054
0.721009
0.540847
0.306946
0.110189
0.234749
0.324343
0.773777
0.158431
0.457187
0.19437
0.845646
0.539101
0.486158
0.479817
0.330104
0.556267
0.47466
0.659972
0.473307
0.577148
0.831187
0.439559
0.429238
0.761253
0.339211
0.607335
0.694524
0.0145314
0.42641
0.675436
0.780449
0.284893
0.177491
0.5662
0.319563
0.147444
0.172792
0.507718
0.855046
0.58484
0.848072
0.318894
0.736785
0.45019
0.309223
0.409346
0.348881
0.806958
0.398883
0.588985
0.319121
0.172358
0.800251
0.17665
0.411688
0.147761
0.576641
0.416721
0.480196
0.501667
0.283627
0.357145
0.658901
0.477824
0.65391
0.611847
0.895734
0.433109
0.343286
0.32504
0.481561
0.866814
0.33942
0.674453
0.405881
0.985018
0.373393
0.89507
0.169946
0.650753
0.537249
0.57445
0.614051
0.902691
0.299089
0.365284
0.866552
0.182146
0.220518
0.280329
0.197935
0.49017
0.419532
0.87942
0.864033
0.403591
0.685212
0.427798
0.448294
0.710843
0.638897
0.499473
0.76375
0.385503
0.449746
0.51895
0.551158
0.697446
0.350927
0.379103
0.510529
0.468576
0.565915
0.542563
0.62906
0.312136
0.242681
0.428495
0.819274
0.651602
0.606841
0.906172
0.556927
0.397221
0.783091
0.361297
0.509047
0.365277
0.597555
0.570535
0.568251
0.357194
0.661963
0.514268
0.260238
0.772624
0.153817
0.277113
0.667178
0.212698
0.445041
0.330251
0.810467
0.736646
0.594829
0.759195
0.362119
0.267028
0.210759
0.395101
0.104825
0.0958416
0.795437
0.827293
0.236526
0.525815
0.434308
0.4192
0.416083
0.38821
0.543467
0.219419
0.872449
0.510506
0.384647
0.554168
0.450503
0.664362
0.167811
0.606898
0.642501
0.60627
0.300067
0.43541
0.454868
0.530376
0.702891
0.646301
0.885858
0.0849457
0.607959
0.841119
0.340355
0.561002
0.355122
0.468166
0.483913
0.443675
0.954385
0.35835
0.838877
0.723867
0.537004
0.4931
0.851221
0.699824
0.809097
0.446812
0.707533
0.455281
0.23447
0.4659
0.357342
0.782836
0.411611
0.79098
0.496761
0.528283
0.473101
0.598321
0.195225
0.663625
0.323979
0.331167
0.39785
0.353549
0.648853
0.211107
0.71175
0.362154
0.355872
0.364175
0.685416
0.853783
0.488904
0.265914
0.716045
0.4738
0.627601
0.604148
0.270479
0.552227
0.408259
0.677757
0.281223
0.355155
0.536708
0.594264
0.879754
0.515896
0.527724
0.298594
0.555144
0.609862
0.393735
0.359871
0.376792
0.294185
0.618891
0.462677
0.595835
0.515142
0.492825
0.693707
0.240595
0.493456
0.241744
0.484298
0.747201
0.5296
0.882743
0.463832
0.717315
0.628236
0.340519
0.498556
0.570635
0.522974
0.603976
0.83488
0.16069
0.389659
0.563438
0.535756
0.848165
0.36842
0.657518
0.293269
0.576812
0.471758
0.57195
0.72009
0.172763
0.537972
0.470965
0.366998
0.888869
0.596252
0.105097
0.483194
0.641428
0.34181
0.627557
0.430639
0.437492
0.376441
0.564628
0.183239
0.166689
0.451941
0.623777
0.486162
0.232306
0.660838
0.386498
0.520154
0.422129
0.850933
0.421148
0.310223
0.470344
0.497161
0.464358
0.637618
0.437577
0.346328
0.557833
0.358521
0.836918
0.357314
0.890685
0.802451
0.859578
0.791342
0.585689
0.317865
0.604594
0.263975
0.281153
0.55201
0.392774
0.652501
0.59837
0.196572
0.545885
0.459427
0.947886
0.200244
0.437814
0.564818
0.616132
0.84382
0.675287
0.257244
0.687211
0.593
0.441427
0.515149
0.592944
0.288576
0.336294
0.217465
0.447541
0.503237
0.474275
0.294341
0.311547
0.788739
0.648997
0.785881
0.643009
0.556742
0.552217
0.858813
0.432065
0.481103
0.333914
0.538058
0.878472
0.579004
0.716602
0.242176
0.459819
0.522778
0.427658
0.66872
0.85153
0.753844
0.889227
0.657537
0.397946
0.614699
0.406084
0.367118
0.69716
0.484442
0.517568
0.431091
0.350462
0.797825
0.230523
0.719015
0.540611
0.847382
0.525932
0.407649
0.341387
0.412684
0.832741
0.7759
0.524166
0.53034
0.588127
0.468699
0.615561
0.612859
0.554247
0.932066
0.573417
0.144036
0.737309
0.803661
0.686775
0.823066
0.555562
0.75018
0.668658
0.299085
0.328592
0.574921
0.898841
0.532429
0.211095
0.375957
0.887037
0.838356
0.870082
0.617303
0.265222
0.813588
0.505233
0.682571
0.481079
0.615486
0.237935
0.312579
0.35286
0.458264
0.445276
0.285436
0.259212
0.710147
0.29108
0.279667
0.475811
0.119899
0.506848
0.567956
0.533927
0.470721
0.901218
0.521111
0.464324
0.854004
0.627398
0.858909
0.403179
0.27498
0.413733
0.666496
0.274982
0.446841
0.763426
0.402045
0.130673
0.399417
0.55514
0.453411
0.207533
0.923052
0.0270535
0.758563
0.390649
0.387836
0.302681
0.58658
0.494035
0.622875
0.417561
0.283062
0.142792
0.809845
0.731715
0.615798
0.0259436
0.239561
0.163528
0.313611
0.402901
0.29986
0.356513
0.473286
0.484758
0.707622
0.691188
0.216553
0.674925
0.267251
0.480078
0.811102
0.141865
0.332536
0.734632
0.426667
0.81001
0.668259
0.568637
0.279213
0.593186
0.55253
0.103481
0.623323
0.558167
0.230302
0.666404
0.884884
0.194275
0.723069
0.623657
0.18324
0.578194
0.519304
0.366262
0.573969
0.461475
0.314673
0.766871
0.0504922
0.671476
0.24066
0.351967
0.174774
0.204763
0.914694
0.484462
0.66436
0.505286
0.164475
0.527519
0.345073
0.657914
0.423666
0.761197
0.585685
0.591211
0.065688
0.249312
0.162939
0.371597
0.836867
0.40468
0.462321
0.284334
0.569722
0.176695
0.501987
0.635048
0.501708
0.0859703
0.974334
0.568791
0.29427
0.256561
0.331673
0.191917
0.241575
0.647052
0.399554
0.395327
0.677851
0.3576
0.583266
0.51594
0.236756
0.690773
0.440119
0.336485
0.385762
0.0698331
0.722113
0.912049
0.553066
0.468881
0.950628
0.325039
0.684039
0.685054
0.666837
0.708543
0.708812
0.583777
0.208527
0.241316
0.672071
0.373805
0.196077
0.805951
0.670705
0.51962
0.367365
0.615006
0.76447
0.0745062
0.483403
0.84821
0.169351
0.518394
0.73353
0.207107
0.312849
0.610379
0.401034
0.781781
0.724957
0.316579
0.507095
0.237622
0.258098
0.549767
0.732973
0.0683256
0.273855
0.258039
0.627405
0.524632
0.703823
0.825494
0.438195
0.816584
0.286491
0.798755
0.364021
0.800366
0.801536
0.628879
0.60451
0.599054
0.767489
0.419031
0.793658
0.469909
0.838245
0.594042
0.733723
0.219117
0.528416
0.458793
0.303722
0.578149
0.417065
0.288102
0.498716
0.694225
0.623891
0.391612
0.763093
0.25061
0.621464
0.522928
0.613081
0.720784
0.341632
0.553068
0.500768
0.373786
0.553778
0.504029
0.453929
0.386337
0.637095
0.839092
0.232989
0.780595
0.638627
0.832243
0.578493
0.894708
0.403315
0.389893
0.579477
0.706597
0.581837
0.873825
0.275157
0.569686
0.466571
0.77512
0.309413
0.282574
0.37551
0.514568
0.289537
0.402922
0.69852
0.695853
0.457776
0.329129
0.239863
0.813591
0.366228
0.911621
0.135395
0.71908
0.952658
0.718894
0.392458
0.0723971
0.246859
0.571687
0.494919
0.56026
0.394207
0.572006
0.535448
0.334853
0.265067
0.0919249
0.481545
0.42961
0.625793
0.0504485
0.451468
0.333693
0.179018
0.794934
0.770651
0.457739
0.238043
0.516902
0.598794
0.39918
0.382105
0.370318
0.562316
0.716249
0.646358
0.323716
0.596388
0.845561
0.132445
0.76583
0.595304
0.848936
0.382541
0.49764
0.489474
0.350917
0.4418
0.482087
0.511868
0.829208
0.241167
0.58592
0.68624
0.346054
0.764541
0.536472
0.464025
0.35935
0.421308
0.929414
0.456322
0.928053
0.627296
0.361845
0.351894
0.427262
0.304246
0.628314
0.381671
0.314096
0.339888
0.405704
0.584751
0.536289
0.5078
0.46614
0.650443
0.35121
0.4282
0.195404
0.755411
0.623775
0.357888
0.557594
0.584528
0.597535
0.42959
0.135061
0.618561
0.183958
0.417948
0.485928
0.791351
0.490757
0.191481
0.799785
0.763682
0.110843
0.216845
0.195434
0.33056
0.61932
0.813743
0.492834
0.373163
0.276663
0.315898
0.404682
0.786235
0.612049
0.875507
0.331347
0.456259
0.861565
0.855631
0.306147
0.135241
0.661803
0.0870212
0.12626
0.449496
0.950143
0.722891
0.817822
0.302343
0.198791
0.507189
0.822039
0.0741537
0.410438
0.478958
0.152472
0.292721
0.729166
0.467395
0.261848
0.341464
0.571033
0.689253
0.470132
0.792496
0.854529
0.842265
0.543786
0.596127
0.211878
0.295297
0.379485
0.627902
0.48797
0.30797
0.233812
0.488793
0.384444
0.669521
0.553739
0.473725
0.282261
0.728704
0.200985
0.268113
0.576867
0.493565
0.226634
0.701636
0.285837
0.311958
0.840643
0.283009
0.73967
0.60069
0.834203
0.759036
0.34218
0.673228
0.951145
0.585759
0.68772
0.422927
0.567902
0.469053
0.748245
0.45076
0.529802
0.526549
0.394021
0.683582
0.604749
0.642295
0.687535
0.610973
0.753632
0.730097
0.190984
0.475737
0.28009
0.391009
0.453463
0.585187
0.410536
0.844988
0.394785
0.367349
0.468611
0.536242
0.478623
0.378263
0.546557
0.456336
0.368456
0.673597
0.439232
0.498662
0.185594
0.289802
0.594817
0.5524
0.539307
0.537087
0.449505
0.563629
0.174901
0.388514
0.251776
0.435783
0.386331
0.456539
0.845129
0.411173
0.765758
0.380382
0.366419
0.469835
0.413198
0.404591
0.430231
0.301481
0.405226
0.511261
0.608022
0.0508843
0.62247
0.675336
0.37401
0.30653
0.461392
0.644511
0.178098
0.196928
0.506667
0.602222
0.419394
0.478486
0.91622
0.154315
0.832159
0.643397
0.571796
0.286937
0.659317
0.345498
0.473675
0.275293
0.47692
0.83663
0.408982
0.479905
0.646253
0.625506
0.59876
0.0490383
0.108563
0.21568
0.329816
0.253024
0.600622
0.548696
0.503083
0.5082
0.357696
0.173066
0.58105
0.605253
0.483698
0.679216
0.592588
0.738749
0.406624
0.585116
0.654265
0.141701
0.200653
0.626794
0.393062
0.461029
0.544556
0.302511
0.206129
0.466812
0.199342
0.538865
0.469056
0.270247
0.626381
0.491654
0.604879
0.432299
0.230467
0.263843
0.851834
0.676999
0.200633
0.217504
0.618654
0.380433
0.53475
0.576164
0.491986
0.588473
0.57227
0.158479
0.261286
0.523316
0.722725
0.353719
0.25232
0.370962
0.56589
0.344074
0.311201
0.598772
0.612787
0.598302
0.456661
0.13428
0.755012
0.305803
0.51903
0.44347
0.293112
0.689705
0.510193
0.378749
0.423053
0.532099
0.51957
0.623908
0.173088
0.264079
0.60694
0.645341
0.52161
0.617789
0.463716
0.765887
0.789866
0.607186
0.540056
0.809633
0.391687
0.498785
0.385989
0.723093
0.635663
0.453171
0.130496
0.660176
0.513485
0.66259
0.82328
0.225413
0.271445
0.0794748
0.289742
0.401919
0.550381
0.725275
0.200449
0.647622
0.492613
0.588517
0.732178
0.725305
0.452726
0.265522
0.498385
0.539044
0.31231
0.766766
0.352743
0.581662
0.887071
0.806381
0.720165
0.554833
0.527986
0.411833
0.785506
0.805526
0.256474
0.335354
0.17094
0.429487
0.636836
0.518206
0.658759
0.224505
0.577479
0.753436
0.567154
0.633225
0.865744
0.71225
0.562281
0.397321
0.479425
0.143731
0.490747
0.351847
0.58135
0.327099
0.742376
0.620649
0.591681
0.25028
0.203945
0.43071
0.345868
0.508072
0.540325
0.345381
0.584459
0.557714
0.340272
0.423434
0.384289
0.739224
0.589868
0.642939
0.128802
0.362365
0.487413
0.385979
0.228576
0.68167
0.289346
0.86226
0.541397
0.725454
0.17754
0.556697
0.304491
0.714296
0.564124
0.618083
0.879827
0.698987
0.300738
0.563004
0.226675
0.567492
0.434926
0.251156
0.753879
0.71498
0.457153
0.795286
0.067601
0.440529
0.407699
0.400994
0.618552
0.528639
0.263483
0.588661
0.366033
0.493199
0.700637
0.331811
0.81437
0.606121
0.62944
0.853236
0.64061
0.602348
0.323991
0.652251
0.620644
0.347498
0.519808
0.29347
0.174181
0.273931
0.52828
0.56954
0.58729
0.535552
0.717723
0.857275
0.834517
0.601204
0.636543
0.318693
0.410839
0.401027
0.104798
0.555475
0.69703
0.659691
0.776246
0.407387
0.620267
0.694958
0.473717
0.792259
0.235111
0.729532
0.526469
0.817137
0.838255
0.158708
0.388926
0.347237
0.343726
0.735861
0.49601
0.801399
0.38352
0.782332
0.611047
0.649735
0.461887
0.79782
0.848008
0.421213
0.479835
0.7419
0.600632
0.485955
0.559622
0.276839
0.786743
0.459032
0.83736
0.406393
0.116894
0.779618
0.755079
0.714814
0.522198
0.351336
0.371917
0.804817
0.42703
0.586717
0.327374
0.0527996
0.22805
0.280681
0.327825
0.444129
0.641767
0.445009
0.890822
0.520842
0.508678
0.0677912
0.569927
0.368638
0.692749
0.718869
0.496167
0.589584
0.890837
0.504328
0.31043
0.851467
0.467399
0.580125
0.424438
0.374261
0.355617
0.766955
0.536189
0.608735
0.616879
0.265513
0.439063
0.381712
0.4263
0.553326
0.902049
0.427064
0.552764
0.751359
0.261849
0.491037
0.327763
0.580631
0.855878
0.595034
0.648065
0.486129
0.538476
0.558519
0.733034
0.5873
0.76092
0.529232
0.658225
0.821464
0.059109
0.537441
0.612624
0.478521
0.781078
0.485492
0.877708
0.282323
0.499768
0.00341982
0.702281
0.256172
0.294774
0.245976
0.547807
0.816866
0.45007
0.475879
0.604764
0.37381
0.602982
0.172704
0.531302
0.666698
0.492975
0.426295
0.541286
0.657322
0.697091
0.0181654
0.769586
0.498095
0.102163
0.863835
0.768234
0.431888
0.352202
0.883637
0.537888
0.434849
0.622654
0.889006
0.174794
0.495858
0.811481
0.715829
0.514216
0.633343
0.600315
0.605955
0.577121
0.0821854
0.827218
0.232487
0.677642
0.54049
0.225858
0.784029
0.224655
0.448026
0.324184
0.167572
0.0515693
0.475156
0.658979
0.659238
0.534228
0.233143
0.450941
0.726654
0.807579
0.673698
0.498233
0.266222
0.0675731
0.727732
0.284706
0.643121
0.745512
0.440236
0.662301
0.691371
0.267873
0.190299
0.455409
0.225857
0.665388
0.542285
0.948244
0.637709
0.470963
0.356203
0.454568
0.788992
0.646797
0.492378
0.5324
0.19217
0.706818
0.77751
0.3946
0.354359
0.751388
0.356295
0.67952
0.185894
0.306945
0.634759
0.484193
0.517285
0.664081
0.728531
0.425786
0.538161
0.333317
0.661286
0.485377
0.366328
0.788615
0.515627
0.501332
0.474599
0.344454
0.320717
0.917902
0.347604
0.313077
0.167982
0.25789
0.510279
0.514297
0.37826
0.276557
0.964313
0.761024
0.500782
0.367189
0.588328
0.619482
0.506423
0.527053
0.202099
0.043821
0.744664
0.555729
0.26469
0.410657
0.0657779
0.146099
0.570857
0.529829
0.466736
0.64156
0.829649
0.383444
0.701402
0.471289
0.153635
0.646066
0.502592
0.638689
0.256747
0.964697
0.395614
0.626426
0.553224
0.527956
0.539933
0.694729
0.869716
0.129662
0.617638
0.287921
0.62709
0.732806
0.494423
0.12744
0.11806
0.465668
0.710812
0.557864
0.401256
0.032626
0.318411
0.32576
0.351897
0.197983
0.657976
0.209432
0.553767
0.801919
0.883138
0.780969
0.4867
0.693448
0.365652
0.570212
0.358355
0.516066
0.0750503
0.513602
0.448545
0.457519
0.107652
0.309108
0.478943
0.375938
0.746856
0.661742
0.29052
0.140347
0.268737
0.89243
0.505591
0.574341
0.66394
0.496311
0.370879
0.0675088
0.528943
0.474792
0.622537
0.719948
0.586763
0.128991
0.48361
0.81103
0.629215
0.490462
0.298931
0.434311
0.629879
0.678397
0.332001
0.316307
0.358952
0.210764
0.392904
0.637605
0.538178
0.160125
0.235868
0.100571
0.906116
0.533176
0.0595955
0.0387126
0.520999
0.366301
0.463032
0.538502
0.210502
0.767744
0.353753
0.345281
0.28473
0.500263
0.575703
0.750631
0.460817
0.686429
0.417543
0.209372
0.404509
0.831989
0.682375
0.61015
0.876173
0.601026
0.64419
0.424336
0.175675
0.639901
0.48586
0.883754
0.412636
0.235264
0.708072
0.388532
0.585568
0.70468
0.518102
0.522144
0.535449
0.65673
0.351891
0.351513
0.546326
0.620694
0.452368
0.615803
0.697547
0.534223
0.321556
0.458315
0.529283
0.690691
0.383469
0.5317
0.165002
0.486182
0.339391
0.607459
0.241613
0.669365
0.466617
0.246503
0.830017
0.785792
0.506299
0.638304
0.985829
0.621415
0.805551
0.391972
0.152089
0.188419
0.523507
0.363368
0.34277
0.659748
0.480557
0.528122
0.367976
0.646969
0.624515
0.461248
0.8187
0.829416
0.607005
0.159794
0.611086
0.680822
0.607879
0.245755
0.597143
0.402943
0.815026
0.512272
0.080909
0.663952
0.361439
0.326901
0.536077
0.852651
0.54096
0.581539
0.403137
0.297863
0.768641
0.67935
0.551121
0.265606
0.521196
0.974836
0.821066
0.534962
0.387552
0.633974
0.525326
0.466826
0.379028
0.557112
0.358936
0.717996
0.793214
0.308117
0.886205
0.616357
0.695153
0.41902
0.597808
0.201183
0.473944
0.490221
0.490623
0.545861
0.45244
0.682064
0.204627
0.218651
0.672224
0.494403
0.458181
0.100319
0.745591
0.65653
0.355071
0.765826
0.56079
0.500647
0.593697
0.750496
0.646313
0.367829
0.690835
0.759372
0.644549
0.396204
0.539438
0.241776
0.614644
0.46687
0.451957
0.24133
0.27896
0.633841
0.297704
0.545008
0.347035
0.540092
0.424818
0.393067
0.695485
0.622565
0.764401
0.374963
0.451832
0.334776
0.346449
0.624668
0.42475
0.666433
0.414225
0.542064
0.842775
0.915274
0.405746
0.505389
0.50804
0.467097
0.278086
0.902974
0.741136
0.76576
0.482252
0.8008
0.387737
0.705678
0.853386
0.675696
0.677127
0.355149
0.263101
0.382244
0.367354
0.719625
0.587791
0.384798
0.381201
0.179793
0.878763
0.774234
0.53176
0.290162
0.577107
0.702392
0.955869
0.799585
0.198213
0.105416
0.518244
0.055957
0.6179
0.950484
0.718659
0.383102
0.424153
0.72872
0.52903
0.568638
0.755472
0.0303305
0.606848
0.777402
0.628903
0.276325
0.475872
0.50578
0.467823
0.544422
0.534579
0.118101
0.871591
0.415067
0.147357
0.556984
0.626228
0.376719
0.592999
0.495367
0.537271
0.567906
0.289537
0.498681
0.873049
0.496759
0.484043
0.691439
0.538583
0.367087
0.490511
0.473282
0.557406
0.753274
0.578478
0.505308
0.520594
0.604613
0.759596
0.488291
0.369338
0.42293
0.488848
0.680179
0.209433
0.44566
0.691697
0.151029
0.31307
0.279817
0.0479272
0.449348
0.545354
0.670553
0.607508
0.654558
0.660024
0.451323
0.0833269
0.216099
0.240841
0.710931
0.560169
0.530471
0.522184
0.826
0.37886
0.383276
0.404395
0.245733
0.0990033
0.184138
0.686453
0.279065
0.713303
0.34812
0.370613
0.622619
0.680957
0.228058
0.350616
0.481151
0.367176
0.178032
0.877196
0.37045
0.620375
0.128923
0.401544
0.555932
0.488162
0.482854
0.229504
0.568468
0.467724
0.684032
0.376255
0.352251
0.205798
0.499322
0.593281
0.337785
0.207902
0.842678
0.246468
0.596382
0.386055
0.403287
0.556186
0.22081
0.168748
0.388126
0.66726
0.690031
0.416436
0.865359
0.598742
0.214243
0.530387
0.495817
0.830464
0.419724
0.91222
0.865574
0.615336
0.721258
0.326026
0.683408
0.56343
0.343195
0.734471
0.782725
0.625893
0.6885
0.824832
0.668298
0.313769
0.618397
0.210437
0.773971
0.81885
0.693523
0.187512
0.648232
0.160706
0.540771
0.446972
0.960361
0.566051
0.748289
0.285228
0.520641
0.493679
0.554384
0.627598
0.933883
0.550191
0.584359
0.572465
0.55632
0.498788
0.502581
0.683832
0.601681
0.645437
0.685399
0.904476
0.543076
0.593736
0.383748
0.731411
0.883045
0.691846
0.832625
0.689937
0.414976
0.451883
0.377843
0.66203
0.774815
0.304205
0.42881
0.269429
0.382812
0.256033
0.909293
0.281225
0.800818
0.355923
0.366483
0.410376
0.581415
0.322581
0.511894
0.383021
0.360965
0.278594
0.205944
0.809062
0.249434
0.736651
0.761348
0.651976
0.495622
0.817864
0.428714
0.490358
0.457221
0.138845
0.541037
0.783243
0.580903
0.386212
0.53205
0.495769
0.898422
0.804221
0.406684
0.711269
0.470483
0.153289
0.730157
0.250445
0.76093
0.654142
0.315515
0.337764
0.59958
0.514429
0.527703
0.499774
0.192796
0.341603
0.485544
0.649571
0.566711
0.577956
0.931281
0.206166
0.878742
0.55068
0.150612
0.617037
0.708866
0.811915
0.564436
0.796684
0.24289
0.150701
0.476806
0.763542
0.185705
0.490857
0.451874
0.65212
0.293346
0.84579
0.405873
0.296788
0.588418
0.58329
0.738496
0.728152
0.624243
0.460393
0.191271
0.192482
0.0888727
0.220433
0.608862
0.199211
0.590886
0.501415
0.392457
0.121035
0.144662
0.386899
0.672724
0.515673
0.673621
0.637595
0.593071
0.107907
0.275691
0.473914
0.58225
0.265007
0.546041
0.736738
0.108605
0.818219
0.927916
0.335721
0.646559
0.727504
0.363167
0.601441
0.449209
0.856251
0.439875
0.489781
0.709193
0.517213
0.28523
0.543924
0.303244
0.470469
0.62762
0.601393
0.554166
0.198705
0.252663
0.940598
0.307217
0.554686
0.503685
0.393366
0.606184
0.770287
0.52795
0.406996
0.867709
0.835992
0.14571
0.621366
0.190696
0.404309
0.519933
0.733694
0.300942
0.640079
0.730351
0.255559
0.619373
0.835164
0.406231
0.723831
0.555588
0.624581
0.748098
0.509181
0.36666
0.78562
0.569361
0.0728831
0.284459
0.371061
0.414624
0.354653
0.60301
0.822116
0.36222
0.431281
0.530701
0.226258
0.294293
0.167874
0.850438
0.529626
0.218532
0.290528
0.294108
0.783234
0.651454
0.641309
0.526012
0.396735
0.623889
0.333421
0.743196
0.393032
0.0451376
0.606504
0.138907
0.301545
0.463013
0.38901
0.338651
0.0974871
0.182792
0.406647
0.406655
0.489034
0.258867
0.63292
0.633774
0.37379
0.548672
0.459806
0.556197
0.430496
0.319236
0.673661
0.517562
0.581456
0.322515
0.653462
0.575392
0.955684
0.8064
0.665541
0.666034
0.502307
0.604123
0.71097
0.68057
0.54829
0.745529
0.588827
0.467437
0.364092
0.459479
0.670564
0.765795
0.195368
0.487431
0.337759
0.686951
0.238386
0.304021
0.117543
0.599425
0.681352
0.141256
0.257051
0.636528
0.703366
0.638697
0.810245
0.533622
0.717263
0.492811
0.76751
0.615473
0.66212
0.654435
0.340458
0.492427
0.295761
0.924087
0.221382
0.387409
0.207089
0.220638
0.468868
0.504012
0.662643
0.349632
0.628066
0.459243
0.42128
0.273341
0.276188
0.542765
0.295424
0.685398
0.39081
0.427757
0.506868
0.618654
0.270585
0.446797
0.779619
0.365681
0.195025
0.159451
0.131825
0.667108
0.592025
0.176528
0.473364
0.423785
0.688826
0.569265
0.385177
0.614535
0.454176
0.67995
0.850984
0.152028
0.596441
0.263804
0.231544
0.585114
0.464479
0.630213
0.416145
0.856718
0.405105
0.314681
0.855559
0.752184
0.963017
0.301149
0.075206
0.723731
0.266065
0.927627
0.286816
0.452485
0.520812
0.346354
0.361411
0.810303
0.250319
0.272964
0.695951
0.809415
0.738167
0.74747
0.900525
0.67867
0.59972
0.743087
0.252498
0.380959
0.483687
0.697273
0.508558
0.687182
0.614067
0.402574
0.435133
0.347887
0.71459
0.183205
0.312189
0.454505
0.814799
0.39654
0.684938
0.257875
0.51895
0.536968
0.282526
0.512553
0.525938
0.582881
0.292306
0.841149
0.520487
0.715807
0.572812
0.663759
0.512882
0.154005
0.408114
0.91329
0.286529
0.58111
0.050721
0.558316
0.319694
0.513702
0.0697885
0.380822
0.379772
0.439949
0.915851
0.507024
0.445491
0.674762
0.632892
0.865212
0.194467
0.615178
0.293054
0.545343
0.500581
0.442964
0.498845
0.460897
0.217655
0.809727
0.692215
0.2643
0.482955
0.653078
0.529421
0.142972
0.356072
0.53071
0.725115
0.92387
0.815763
0.722486
0.538634
0.340163
0.46936
0.838969
0.469997
0.364445
0.786409
0.288055
0.25264
0.688706
0.750195
0.689686
0.374463
0.232025
0.0278777
0.191892
0.628284
0.482759
0.591968
0.629682
0.587328
0.532763
0.68292
0.5816
0.420916
0.336975
0.584637
0.617033
0.610048
0.532467
0.391729
0.890651
0.392094
0.576852
0.77938
0.228619
0.658361
0.516711
0.743728
0.464528
0.547811
0.3725
0.362673
0.521251
0.624753
0.427159
0.834089
0.0982302
0.297859
0.131436
0.380411
0.311969
0.532378
0.889733
0.0656221
0.750785
0.426965
0.666032
0.152709
0.643172
0.871064
0.650263
0.336638
0.202389
0.268318
0.15126
0.52
0.698176
0.706017
0.433216
0.755437
0.419795
0.970111
0.388333
0.561056
0.932839
0.449862
0.239161
0.52202
0.395584
0.245731
0.389882
0.423558
0.688881
0.188633
0.596573
0.617674
0.226932
0.498212
0.802296
0.40784
0.55451
0.452346
0.783602
0.44303
0.69951
0.709581
0.680841
0.44443
0.737991
0.820777
0.535453
0.545247
0.642126
0.485724
0.133186
0.106022
0.719786
0.255071
0.252969
0.574921
0.317758
0.147395
0.846964
0.794485
0.448869
0.545804
0.228073
0.61336
0.616577
0.757985
0.516996
0.243558
0.34887
0.768125
