0.512323
0.527717
0.513594
0.507962
0.472629
0.530596
0.557689
0.468085
0.511494
0.518422
0.515356
0.462916
0.498387
0.483481
0.535031
0.479645
0.574365
0.518139
0.509738
0.485623
0.547477
0.457717
0.488567
0.47519
0.557334
0.540807
0.456356
0.457993
0.486943
0.525126
0.499717
0.496927
0.509952
0.527073
0.55752
0.513822
0.51141
0.503077
0.563971
0.530994
0.510185
0.520881
0.482397
0.526792
0.481154
0.568887
0.457872
0.443268
0.485295
0.491677
0.476802
0.504084
0.515802
0.519845
0.481609
0.500796
0.538353
0.472256
0.488612
0.485624
0.50365
0.568863
0.517256
0.49885
0.460367
0.482213
0.478805
0.50895
0.446611
0.525747
0.522615
0.573607
0.558046
0.48704
0.518128
0.529707
0.530784
0.524098
0.490699
0.470458
0.52718
0.552831
0.459386
0.427761
0.482654
0.463838
0.514832
0.517934
0.481654
0.496621
0.545356
0.498946
0.49091
0.519357
0.519379
0.507262
0.488073
0.522349
0.562326
0.432432
0.513893
0.493288
0.496097
0.507552
0.526031
0.512443
0.499265
0.433717
0.472666
0.465909
0.466109
0.506595
0.483986
0.465035
0.462606
0.503244
0.489713
0.450163
0.507515
0.477297
0.480775
0.506794
0.516669
0.470645
0.493257
0.482311
0.488611
0.529735
0.512745
0.501389
0.539692
0.494613
0.487207
0.468205
0.546748
0.548838
0.486511
0.48358
0.475503
0.498389
0.456731
0.495186
0.522803
0.49769
0.447343
0.508923
0.53081
0.480883
0.439452
0.519611
0.46129
0.476464
0.483171
0.519112
0.50811
0.523418
0.472267
0.520003
0.506078
0.506974
0.524221
0.502941
0.494236
0.482098
0.463796
0.455822
0.471752
0.522861
0.458274
0.502886
0.474517
0.495799
0.492451
0.451865
0.460585
0.485392
0.511548
0.507323
0.532572
0.489789
0.510134
0.548294
0.525143
0.454896
0.47521
0.488361
0.485719
0.524971
0.541558
0.516282
0.506511
0.467819
0.497505
0.545306
0.526025
0.502751
0.499193
0.509289
0.568149
0.4594
0.51152
0.503746
0.52696
0.485532
0.463837
0.469958
0.525363
0.511982
0.478563
0.470263
0.455694
0.48283
0.520812
0.522647
0.480415
0.498942
0.507177
0.482774
0.471012
0.453018
0.491788
0.47157
0.453245
0.484244
0.527768
0.526487
0.496849
0.480697
0.492223
0.504576
0.577828
0.51762
0.452869
0.505491
0.501461
0.449684
0.524444
0.502548
0.554146
0.465378
0.503019
0.459968
0.48221
0.511635
0.516332
0.474426
0.535797
0.516833
0.508276
0.49903
0.455983
0.490286
0.465654
0.517859
0.483217
0.566358
0.475348
0.45918
0.49523
0.491319
0.480001
0.455476
0.442535
0.46107
0.460355
0.558399
0.51963
0.497861
0.462364
0.536788
0.500051
0.514132
0.487208
0.485859
0.523379
0.501595
0.512329
0.475711
0.492338
0.473686
0.471622
0.507257
0.478107
0.52951
0.492898
0.503716
0.431968
0.537407
0.470747
0.545782
0.471419
0.506263
0.492934
0.508605
0.478869
0.492685
0.52843
0.538698
0.491056
0.512177
0.475235
0.478906
0.467295
0.53243
0.486093
0.499555
0.47469
0.516858
0.460231
0.493903
0.538437
0.506502
0.50925
0.49603
0.465336
0.508434
0.525299
0.53928
0.508644
0.478769
0.509634
0.533385
0.502391
0.518431
0.529718
0.5184
0.523281
0.499784
0.462959
0.473559
0.488304
0.502258
0.525232
0.519202
0.496199
0.485094
0.5523
0.489872
0.490861
0.515331
0.512254
0.526725
0.534848
0.469169
0.48711
0.507369
0.5311
0.524814
0.491681
0.501259
0.480993
0.484958
0.497844
0.448779
0.486856
0.486987
0.502342
0.50212
0.487076
0.50907
0.486225
0.516103
0.501921
0.470238
0.454074
0.467046
0.468189
0.512579
0.491123
0.507823
0.500837
0.543685
0.506409
0.507223
0.439677
0.497456
0.490067
0.501744
0.489309
0.491414
0.562905
0.537938
0.480366
0.528622
0.506378
0.51345
0.460246
0.542354
0.511087
0.534848
0.521415
0.501632
0.451927
0.470397
0.505428
0.475761
0.478017
0.515883
0.500794
0.475978
0.465519
0.55162
0.512792
0.512346
0.491495
0.468767
0.453387
0.544021
0.526903
0.483071
0.49935
0.551009
0.456877
0.484172
0.536719
0.425546
0.516403
0.558584
0.519727
0.521215
0.509522
0.544489
0.502309
0.457943
0.45018
0.456457
0.480329
0.460982
0.522862
0.468228
0.572645
0.462015
0.511115
0.44167
0.489131
0.520502
0.512103
0.510045
0.493791
0.493403
0.505315
0.523714
0.51109
0.511382
0.45354
0.516386
0.543612
0.489646
0.514251
0.520061
0.52919
0.491513
0.489508
0.516768
0.485624
0.532862
0.512515
0.495245
0.481104
0.515565
0.50895
0.510671
0.458479
0.508051
0.4812
0.555578
0.491483
0.501102
0.493616
0.500071
0.531057
0.467028
0.516918
0.429483
0.489874
0.540327
0.499882
0.467582
0.503205
0.477976
0.466423
0.52346
0.514256
0.497451
0.516199
0.520234
0.452081
0.47063
0.506877
0.51367
0.510212
0.531683
0.486162
0.528872
0.534133
0.507081
0.461733
0.473147
0.44571
0.425852
0.477206
0.44318
0.472707
0.578206
0.48224
0.464637
0.491524
0.470648
0.494929
0.49233
0.511266
0.505723
0.524581
0.429058
0.527275
0.53449
0.563038
0.501259
0.492251
0.509876
0.51263
0.479589
0.48309
0.49902
0.48892
0.482563
0.481552
0.552736
0.566335
0.481377
0.466898
0.480221
0.544837
0.464029
0.558614
0.547132
0.475728
0.476881
0.547343
0.455159
0.524749
0.491776
0.542164
0.521211
0.520559
0.476829
0.472323
0.484353
0.576759
0.449036
0.481562
0.508612
0.515553
0.476805
0.523155
0.499769
0.531188
0.480551
0.493781
0.524279
0.511297
0.549465
0.474367
0.528434
0.494264
0.482597
0.486008
0.555886
0.490744
0.482367
0.509111
0.511681
0.487451
0.468634
0.473871
0.480895
0.501352
0.531442
0.510207
0.560022
0.442389
0.53058
0.485293
0.539235
0.48284
0.460071
0.4868
0.543633
0.481471
0.495712
0.48997
0.441612
0.490572
0.493804
0.53666
0.508478
0.494034
0.489186
0.48447
0.513433
0.454565
0.540696
0.484088
0.498049
0.518185
0.522194
0.452965
0.504368
0.494124
0.547265
0.513462
0.490738
0.498243
0.53573
0.523579
0.503527
0.498103
0.540084
0.4684
0.462825
0.477814
0.479995
0.510372
0.510267
0.560782
0.452987
0.506552
0.4771
0.468484
0.489421
0.520936
0.540621
0.483385
0.539914
0.470009
0.457105
0.514143
0.463316
0.579624
0.509357
0.501204
0.483365
0.511351
0.547002
0.50093
0.502145
0.486407
0.527654
0.496367
0.51849
0.485306
0.467067
0.532804
0.489424
0.481345
0.536414
0.506215
0.522803
0.516045
0.484806
0.482741
0.499247
0.494694
0.495185
0.507313
0.541516
0.480091
0.501701
0.519556
0.519435
0.512633
0.496723
0.475087
0.488502
0.524865
0.495577
0.470347
0.470309
0.508616
0.447169
0.519076
0.492882
0.492848
0.558592
0.488568
0.479092
0.460347
0.511857
0.503822
0.511237
0.481371
0.470863
0.527725
0.489933
0.502387
0.496743
0.545377
0.485443
0.488029
0.5297
0.500698
0.469554
0.49438
0.495462
0.443434
0.486138
0.501726
0.454481
0.494685
0.508525
0.494902
0.482006
0.479089
0.481801
0.519335
0.507142
0.541775
0.488166
0.490944
0.489034
0.498224
0.543473
0.467988
0.468295
0.515146
0.503071
0.493011
0.461799
0.530517
0.525085
0.472996
0.468973
0.500883
0.449252
0.475853
0.527705
0.464071
0.509428
0.471382
0.477997
0.485424
0.477921
0.544811
0.491487
0.45568
0.459734
0.531053
0.524968
0.478636
0.444885
0.527802
0.546019
0.506705
0.466891
0.475586
0.528889
0.472506
0.485572
0.522916
0.498741
0.514591
0.572278
0.474642
0.472402
0.515465
0.535678
0.471647
0.523718
0.499993
0.486228
0.50001
0.521664
0.492336
0.507446
0.507745
0.519318
0.47954
0.492116
0.517269
0.511833
0.529899
0.511559
0.531692
0.49152
0.484217
0.47607
0.49308
0.478189
0.488095
0.494672
0.450803
0.522843
0.483373
0.492304
0.468098
0.512879
0.526842
0.502555
0.504961
0.466902
0.494358
0.474089
0.445516
0.497283
0.498483
0.508871
0.45796
0.538589
0.517776
0.49033
0.495227
0.490007
0.505858
0.519572
0.534488
0.49988
0.478376
0.457784
0.523615
0.550501
0.495998
0.47293
0.522731
0.491262
0.571554
0.538896
0.458972
0.478305
0.52945
0.435178
0.482594
0.458792
0.555491
0.515259
0.512534
0.517914
0.52522
0.50179
0.479562
0.486776
0.508912
0.516703
0.515149
0.539271
0.451344
0.57438
0.474169
0.446076
0.484466
0.466006
0.539566
0.48389
0.501089
0.483224
0.477108
0.55804
0.517738
0.52923
0.488352
0.516591
0.524768
0.485412
0.479952
0.474057
0.481884
0.511684
0.467427
0.482876
0.477191
0.488619
0.481514
0.530738
0.547885
0.519513
0.515237
0.491918
0.540733
0.50051
0.469816
0.490722
0.560435
0.476905
0.527535
0.445179
0.484033
0.513758
0.539698
0.499106
0.539449
0.508932
0.517802
0.440657
0.446315
0.506697
0.516043
0.485503
0.437194
0.510009
0.513288
0.492749
0.457331
0.469597
0.512631
0.47172
0.511052
0.477985
0.51667
0.467746
0.452937
0.466562
0.486613
0.505063
0.4819
0.503849
0.443351
0.574955
0.516286
0.513055
0.498618
0.527271
0.498123
0.477074
0.444367
0.483435
0.55465
0.469044
0.528478
0.51907
0.475243
0.536573
0.524934
0.514372
0.511868
0.467784
0.486582
0.490351
0.501182
0.457288
0.498607
0.499068
0.496414
0.48021
0.510849
0.455982
0.497141
0.532402
0.527074
0.52256
0.535096
0.524962
0.469339
0.567232
0.454115
0.541177
0.54557
0.492864
0.512376
0.504037
0.508473
0.458831
0.445022
0.502414
0.443916
0.475844
0.495319
0.524063
0.446888
0.481647
0.532463
0.543541
0.523185
0.475702
0.484159
0.523196
0.464916
0.500997
0.492106
0.465325
0.507992
0.491098
0.4885
0.483648
0.499685
0.520571
0.471695
0.512207
0.514411
0.556895
0.509135
0.549831
0.525846
0.501995
0.525685
0.468268
0.493509
0.501524
0.495493
0.432139
0.521927
0.500005
0.525497
0.468811
0.490518
0.539979
0.458711
0.486339
0.51231
0.583257
0.525407
0.497577
0.499621
0.512434
0.500328
0.538604
0.514833
0.500755
0.494049
0.519579
0.464369
0.538487
0.506609
0.456155
0.474019
0.483908
0.481553
0.519567
0.483719
0.48703
0.51849
0.473538
0.509926
0.474211
0.512305
0.48611
0.513701
0.431738
0.467148
0.484528
0.522628
0.50655
0.493324
0.501314
0.444706
0.48219
0.465201
0.519644
0.492314
0.478133
0.518278
0.526154
0.544404
0.520611
0.463524
0.499308
0.505018
0.533046
0.507115
0.52144
0.476281
0.464241
0.5637
0.512612
0.48397
0.502431
0.48132
0.524398
0.503806
0.47333
0.466091
0.471723
0.496575
0.520297
0.534802
0.480889
0.53022
0.49475
0.523529
0.481904
0.517014
0.534944
0.510401
0.513242
0.473951
0.521245
0.470644
0.507163
0.454473
0.516024
0.532022
0.473714
0.569656
0.466295
0.468806
0.511531
0.496994
0.487221
0.542394
0.493583
0.524883
0.494612
0.496699
0.535959
0.520955
0.474552
0.546452
0.507853
0.502364
0.528256
0.476515
0.550841
0.516169
0.490306
0.500352
0.505597
0.497926
0.488378
0.485776
0.504166
0.506615
0.52259
0.506094
0.505914
0.504036
0.46259
0.52478
0.525291
0.486788
0.490517
0.521793
0.479519
0.508963
0.487956
0.499676
0.464342
0.513678
0.565008
0.467553
0.505954
0.491569
0.499612
0.511153
0.477236
0.464372
0.535226
0.46698
0.486424
0.491722
0.50501
0.508767
0.466332
0.479282
0.510626
0.474318
0.532261
0.46634
0.503782
0.470887
0.476706
0.500996
0.478643
0.517202
0.509008
0.541053
0.513238
0.570263
0.448049
0.458758
0.467989
0.505046
0.526136
0.547493
0.51948
0.485226
0.522191
0.538568
0.497594
0.493053
0.472373
0.536212
0.454149
0.496506
0.496252
0.488912
0.541151
0.481843
0.446673
0.525216
0.48679
0.44968
0.521417
0.532114
0.537306
0.502718
0.444801
0.534139
0.522848
0.513245
0.457332
0.48131
0.495456
0.488542
0.471542
0.444025
0.497282
0.47231
0.552131
0.543055
0.477185
0.490251
0.498542
0.472745
0.573814
0.527921
0.498088
0.45555
0.523317
0.478987
0.527767
0.496041
0.489791
0.522006
0.482883
0.502493
0.496599
0.503857
0.450592
0.544187
0.426684
0.467946
0.466513
0.492555
0.490002
0.475315
0.472512
0.494279
0.4862
0.506772
0.483804
0.514486
0.460659
0.484173
0.503476
0.508152
0.492032
0.528984
0.482572
0.467843
0.479411
0.506234
0.453856
0.47592
0.547222
0.542002
0.507389
0.489336
0.495999
0.522551
0.486027
0.535139
0.477154
0.453233
0.508986
0.454816
0.479859
0.455308
0.501582
0.4756
0.518177
0.478769
0.459278
0.526866
0.48656
0.489334
0.534169
0.45974
0.481843
0.517706
0.482012
0.528039
0.479856
0.529233
0.467951
0.528686
0.504778
0.472096
0.489039
0.489702
0.459368
0.532145
0.461696
0.483918
0.484176
0.512513
0.472221
0.52652
0.503889
0.556126
0.458487
0.494561
0.458912
0.459249
0.550946
0.556555
0.500317
0.514163
0.451058
0.470295
0.526293
0.449139
0.505285
0.516994
0.448207
0.5138
0.472758
0.479901
0.474418
0.478007
0.504762
0.485501
0.509952
0.492404
0.464137
0.505425
0.530177
0.488732
0.452755
0.457199
0.506593
0.548045
0.485158
0.501962
0.492869
0.504951
0.50652
0.567265
0.499246
0.426006
0.493032
0.523081
0.503439
0.480377
0.472842
0.499164
0.516156
0.530915
0.565684
0.511856
0.499356
0.513744
0.489306
0.478498
0.505384
0.534506
0.490837
0.487537
0.525096
0.539381
0.461201
0.522485
0.503104
0.519003
0.510723
0.487835
0.498267
0.503407
0.484038
0.555062
0.457544
0.546125
0.502424
0.526843
0.481351
0.495554
0.491707
0.49761
0.47853
0.481726
0.50383
0.468571
0.479069
0.516608
0.530246
0.45531
0.462678
0.506047
0.455227
0.496113
0.541378
0.481489
0.507242
0.549118
0.494191
0.519605
0.496509
0.466437
0.502088
0.497938
0.486857
0.493367
0.471295
0.4947
0.510017
0.460802
0.513103
0.520845
0.480474
0.478998
0.44829
0.422547
0.428996
0.480792
0.484292
0.492193
0.512974
0.54241
0.503237
0.496038
0.451688
0.509988
0.488982
0.486627
0.464636
0.539936
0.491258
0.508123
0.501039
0.531256
0.475072
0.492656
0.548658
0.497952
0.503468
0.495823
0.500038
0.499657
0.491783
0.519468
0.464311
0.548594
0.491532
0.439856
0.51268
0.530996
0.502022
0.49938
0.465709
0.521121
0.577847
0.469905
0.470548
0.525978
0.500373
0.475908
0.476211
0.488887
0.521342
0.495495
0.495034
0.470006
0.51672
0.487465
0.478445
0.481944
0.498915
0.502505
0.475165
0.498589
0.505489
0.536679
0.529958
0.46527
0.482486
0.5153
0.481074
0.548387
0.480512
0.485343
0.504488
0.482623
0.511676
0.534493
0.543081
0.493875
0.485528
0.484984
0.478867
0.546017
0.482116
0.500324
0.47641
0.429631
0.470292
0.453058
0.475542
0.480823
0.509375
0.531673
0.481519
0.478253
0.562325
0.464777
0.500726
0.516501
0.468518
0.50069
0.49007
0.473899
0.48428
0.510548
0.518174
0.472948
0.499282
0.54306
0.506509
0.50145
0.496933
0.509049
0.488578
0.472478
0.486889
0.463879
0.475283
0.501304
0.497807
0.465923
0.484597
0.427424
0.518471
0.479168
0.503672
0.489787
0.475408
0.468102
0.471501
0.563366
0.545127
0.503004
0.460257
0.535193
0.529098
0.503751
0.51345
0.497981
0.489604
0.500282
0.469002
0.509455
0.534585
0.467838
0.44539
0.455526
0.489603
0.465096
0.498965
0.525426
0.495046
0.503335
0.480579
0.506934
0.536709
0.544748
0.449642
0.519803
0.517864
0.488034
0.503738
0.555546
0.510949
0.509384
0.521922
0.52166
0.497001
0.486998
0.479821
0.478462
0.470966
0.51725
0.524675
0.486616
0.540989
0.520628
0.518419
0.463519
0.499835
0.555576
0.476966
0.476627
0.526548
0.528362
0.493781
0.521893
0.506483
0.537089
0.465894
0.515396
0.507829
0.497995
0.500467
0.486326
0.512753
0.512141
0.490046
0.469418
0.491285
0.490628
0.514617
0.484982
0.546079
0.48647
0.518592
0.454643
0.51616
0.521235
0.550856
0.480919
0.537796
0.544588
0.535993
0.478764
0.530611
0.434862
0.494817
0.487195
0.557068
0.47878
0.492339
0.499136
0.533448
0.528448
0.501288
0.487597
0.480443
0.493749
0.539311
0.486315
0.471503
0.53827
0.487987
0.542988
0.487037
0.446868
0.511765
0.493219
0.492625
0.473018
0.484964
0.473292
0.559335
0.564063
0.48495
0.479924
0.504296
0.502485
0.479623
0.47509
0.549627
0.501328
0.497338
0.544074
0.487876
0.481895
0.517374
0.52485
0.44206
0.511851
0.529093
0.486926
0.508468
0.501844
0.477903
0.437781
0.530318
0.548781
0.516151
0.505009
0.430417
0.493875
0.517076
0.502308
0.460933
0.533603
0.509937
0.507421
0.45842
0.491672
0.504459
0.570177
0.492207
0.470154
0.482698
0.498737
0.504277
0.507882
0.476472
0.482181
0.498776
0.424254
0.458469
0.507555
0.539255
0.516562
0.465162
0.459511
0.501788
0.458965
0.499657
0.530657
0.532081
0.501248
0.512599
0.540739
0.464705
0.495472
0.499254
0.5228
0.462563
0.498655
0.560904
0.494413
0.514738
0.499598
0.548672
0.522133
0.450828
0.477994
0.4679
0.49729
0.519901
0.553932
0.56121
0.501236
0.522197
0.475924
0.49838
0.448188
0.551694
0.505591
0.521135
0.493782
0.477673
0.487116
0.491012
0.487461
0.513403
0.489602
0.448396
0.476832
0.530061
0.480455
0.480863
0.542104
0.524036
0.487913
0.458963
0.508747
0.455712
0.500859
0.507546
0.48648
0.467878
0.504024
0.500786
0.562729
0.461887
0.516725
0.518996
0.50867
0.49967
0.523247
0.495385
0.535985
0.539757
0.533002
0.480867
0.472455
0.515413
0.448591
0.505057
0.484518
0.493015
0.459887
0.531562
0.544914
0.478803
0.45227
0.485718
0.523543
0.462123
0.537142
0.482875
0.479657
0.483286
0.462835
0.495364
0.523524
0.514178
0.494049
0.496272
0.555671
0.489733
0.537936
0.508154
0.481843
0.498406
0.53497
0.434787
0.501803
0.539755
0.492703
0.524126
0.460087
0.557281
0.510555
0.470547
0.526858
0.514624
0.463756
0.514534
0.536963
0.443265
0.464555
0.45792
0.485332
0.529836
0.508838
0.452807
0.516841
0.521182
0.55627
0.512293
0.468759
0.555288
0.472078
0.551137
0.463915
0.546204
0.468623
0.484468
0.562692
0.471085
0.564866
0.502692
0.471997
0.467476
0.491855
0.510689
0.459305
0.518969
0.532372
0.449454
0.519929
0.487353
0.522845
0.488289
0.505618
0.489378
0.525671
0.455677
0.532625
0.476272
0.470055
0.506964
0.487354
0.414122
0.479507
0.526976
0.497734
0.523246
0.504107
0.485679
0.448413
0.474693
0.535677
0.45504
0.497933
0.491979
0.493974
0.505181
0.525976
0.516194
0.522037
0.507968
0.528839
0.572609
0.488803
0.56616
0.471232
0.536893
0.497135
0.476232
0.502551
0.519081
0.495362
0.513015
0.495731
0.513407
0.510476
0.494259
0.426815
0.492135
0.511108
0.493258
0.45336
0.531504
0.498398
0.547651
0.519811
0.527926
0.54289
0.492537
0.507949
0.512538
0.535585
0.506015
0.510572
0.482267
0.521262
0.505285
0.496495
0.495499
0.492202
0.491428
0.495025
0.5105
0.500438
0.470995
0.518017
0.5347
0.496651
0.472524
0.497649
0.472983
0.513853
0.486119
0.52803
0.533078
0.493955
0.504205
0.458773
0.526213
0.51537
0.511594
0.528653
0.521126
0.469768
0.512979
0.517485
0.44957
0.476095
0.535988
0.514332
0.491449
0.530008
0.487919
0.470178
0.43768
0.496822
0.514278
0.473193
0.488944
0.496117
0.447254
0.434708
0.508413
0.566111
0.562247
0.514024
0.546609
0.475943
0.530579
0.570191
0.456499
0.503976
0.526511
0.53887
0.496967
0.50025
0.476692
0.472412
0.472771
0.531214
0.550165
0.481268
0.479128
0.544853
0.497054
0.50487
0.519035
0.484346
0.514059
0.520095
0.521466
0.508372
0.45488
0.505441
0.478559
0.42619
0.4837
0.529046
0.489926
0.505621
0.489847
0.498665
0.512199
0.512057
0.51177
0.471738
0.451956
0.546616
0.478434
0.513667
0.560132
0.511575
0.476284
0.472437
0.466058
0.451205
0.499882
0.497693
0.429233
0.526129
0.504356
0.54241
0.546976
0.469332
0.53778
0.525275
0.506063
0.471941
0.511605
0.511904
0.516494
0.476916
0.51728
0.523024
0.465489
0.498756
0.487175
0.557746
0.499871
0.527363
0.507932
0.500042
0.494926
0.504173
0.494385
0.456572
0.537897
0.468699
0.482146
0.513962
0.504208
0.503586
0.497009
0.483681
0.514571
0.496328
0.549279
0.472617
0.441077
0.495755
0.501165
0.47751
0.51041
0.481418
0.475347
0.491325
0.522305
0.554005
0.49285
0.479737
0.461376
0.524905
0.51836
0.455807
0.510435
0.463046
0.501083
0.551011
0.493434
0.457133
0.50929
0.470726
0.476149
0.501418
0.486679
0.452302
0.512733
0.563109
0.518651
0.463853
0.486263
0.499565
0.496655
0.501878
0.481409
0.513386
0.498712
0.505855
0.457343
0.513528
0.464246
0.52791
0.45902
0.490574
0.54134
0.505712
0.56495
0.534271
0.52456
0.486698
0.509596
0.521475
0.521453
0.521759
0.498507
0.50262
0.465852
0.466523
0.504327
0.474837
0.466114
0.488344
0.531793
0.449844
0.476419
0.487127
0.549859
0.514743
0.46924
0.498126
0.499059
0.54384
0.477131
0.514814
0.542235
0.489616
0.521939
0.489985
0.496774
0.500966
0.509575
0.523175
0.486444
0.456855
0.458471
0.492563
0.500993
0.513478
0.519833
0.479446
0.541603
0.483092
0.507837
0.473433
0.490348
0.542606
0.487877
0.47648
0.531763
0.520079
0.490991
0.483882
0.544666
0.487247
0.4726
0.550354
0.482341
0.516193
0.503674
0.48933
0.509217
0.488293
0.522458
0.523593
0.482173
0.513571
0.584878
0.465373
0.494576
0.528568
0.481752
0.514027
0.471198
0.53087
0.520934
0.509441
0.462119
0.508406
0.542519
0.519261
0.463759
0.46165
0.445222
0.538094
0.485142
0.456846
0.482066
0.536787
0.487539
0.458384
0.493507
0.489934
0.485602
0.488451
0.55611
0.439704
0.498113
0.512087
0.484906
0.484147
0.506487
0.485757
0.517559
0.448074
0.48913
0.487582
0.458467
0.494665
0.479808
0.517342
0.550909
0.4459
0.508119
0.524378
0.505388
0.519961
0.490219
0.501524
0.502268
0.453725
0.487917
0.463183
0.53685
0.528459
0.524258
0.445683
0.525005
0.536863
0.51373
0.468033
0.517482
0.539575
0.485214
0.511203
0.501029
0.489252
0.495806
0.484056
0.504444
0.550385
0.483626
0.49405
0.497681
0.492929
0.517751
0.510851
0.472141
0.477913
0.503394
0.550961
0.510264
0.453132
0.510448
0.511501
0.52256
0.497046
0.473526
0.471271
0.480191
0.52903
0.461622
0.517205
0.461234
0.464074
0.535508
0.494357
0.508757
0.460077
0.501015
0.477535
0.518822
0.535855
0.486293
0.512709
0.486543
0.517984
0.481196
0.476322
0.54833
0.524606
0.506919
0.480626
0.518437
0.504326
0.503988
0.503165
0.497942
0.488317
0.506758
0.53854
0.524284
0.513768
0.482524
0.510565
0.469483
0.456791
0.543378
0.482958
0.515161
0.532918
0.508931
0.506679
0.472505
0.54331
0.498039
0.452038
0.515275
0.464805
0.527633
0.473711
0.444003
0.511925
0.466809
0.55678
0.499491
0.488979
0.514279
0.431918
0.483748
0.500369
0.497313
0.487854
0.476477
0.517242
0.490307
0.46924
0.51525
0.5086
0.511092
0.478038
0.497481
0.524999
0.513114
0.466564
0.552343
0.552963
0.481604
0.490298
0.50073
0.438234
0.441871
0.488605
0.561403
0.545984
0.487839
0.451476
0.521453
0.506116
0.468949
0.520417
0.499178
0.53178
0.483561
0.531619
0.497533
0.509223
0.536973
0.489524
0.526252
0.507104
0.482179
0.488919
0.48078
0.493397
0.531507
0.47368
0.516135
0.528006
0.477239
0.490289
0.45383
0.479219
0.459359
0.494255
0.469971
0.492125
0.51854
0.507556
0.55267
0.497116
0.472507
0.515238
0.526877
0.436606
0.433882
0.569282
0.494786
0.528084
0.547661
0.537878
0.519905
0.491635
0.496428
0.538216
0.512942
0.440042
0.441439
0.450937
0.487626
0.539608
0.567703
0.494356
0.544573
0.44981
0.501176
0.526578
0.531346
0.44992
0.486208
0.493654
0.506813
0.490712
0.521351
0.471871
0.517941
0.52938
0.471666
0.512332
0.527146
0.465802
0.495646
0.455927
0.50832
0.478252
0.444887
0.586831
0.499675
0.496718
0.504625
0.462658
0.581508
0.541917
0.493265
0.47938
0.447028
0.538159
0.489039
0.51916
0.504363
0.558167
0.531894
0.509195
0.487877
0.507988
0.498761
0.559723
0.476911
0.470117
0.510311
0.469297
0.490091
0.492957
0.497335
0.465463
0.513307
0.484745
0.424864
0.538961
0.489507
0.450064
0.492161
0.509581
0.468421
0.477062
0.496705
0.451787
0.484335
0.533525
0.480299
0.508249
0.530056
0.519895
0.495413
0.489395
0.475176
0.487384
0.539903
0.517117
0.476775
0.509306
0.478227
0.520747
0.490673
0.503733
0.487271
0.493444
0.531372
0.515631
0.514926
0.527093
0.478791
0.446569
0.499531
0.453864
0.549953
0.470148
0.448312
0.512543
0.513709
0.491268
0.502941
0.507763
0.516654
0.47736
0.480335
0.470262
0.488347
0.439694
0.446827
0.51629
0.523968
0.502918
0.493833
0.484293
0.492519
0.520918
0.493133
0.496994
0.478719
0.477156
0.509901
0.527003
0.4267
0.487579
0.531602
0.564077
0.543639
0.494257
0.540884
0.502153
0.471435
0.467853
0.520586
0.464282
0.524585
0.547046
0.488994
0.533593
0.512352
0.503063
0.513469
0.488399
0.493375
0.457401
0.420558
0.439588
0.520823
0.510903
0.550733
0.518404
0.506249
0.532292
0.525877
0.472761
0.520231
0.444291
0.477629
0.520209
0.497958
0.495454
0.48473
0.465665
0.52787
0.505846
0.517487
0.482055
0.481473
0.504668
0.487483
0.481977
0.482472
0.487991
0.480649
0.558514
0.513324
0.564681
0.481838
0.503324
0.517356
0.468682
0.489018
0.490128
0.454561
0.505745
0.5152
0.531726
0.579201
0.492757
0.466247
0.458663
0.447342
0.48778
0.482667
0.487667
0.442445
0.478919
0.493536
0.477995
0.457142
0.540168
0.510652
0.493794
0.519312
0.532331
0.50107
0.530621
0.540595
0.467165
0.476124
0.504235
0.465459
0.552852
0.495071
0.479789
0.498951
0.488943
0.481478
0.489548
0.511251
0.458883
0.480478
0.517258
0.527165
0.508252
0.525025
0.427291
0.438663
0.456847
0.499256
0.516684
0.48861
0.462715
0.497114
0.538216
0.473798
0.526291
0.504323
0.482624
0.555411
0.482736
0.581873
0.478097
0.495045
0.520616
0.479108
0.535176
0.52441
0.455048
0.544576
0.48517
0.506845
0.493426
0.522731
0.500232
0.518752
0.481871
0.54464
0.533205
0.519097
0.520507
0.510808
0.475366
0.485093
0.485709
0.49424
0.470205
0.46218
0.457431
0.551882
0.531341
0.536445
0.509756
0.522551
0.502726
0.457599
0.512779
0.519482
0.519241
0.51063
0.433947
0.495622
0.525823
0.514267
0.507
0.539796
0.533235
0.514372
0.486613
0.481861
0.458621
0.540396
0.476883
0.494984
0.508954
0.553006
0.531777
0.493161
0.505513
0.461028
0.505664
0.542106
0.527506
0.485816
0.462067
0.461638
0.522978
0.461181
0.518748
0.537678
0.495106
0.526998
0.487257
0.462
0.522031
0.454625
0.465069
0.587849
0.468335
0.442245
0.448432
0.429544
0.516293
0.518278
0.494059
0.554214
0.515027
0.49096
0.477775
0.473768
0.525685
0.502237
0.498258
0.475239
0.470772
0.474092
0.473987
0.517619
0.465752
0.515421
0.471537
0.533317
0.481056
0.507599
0.423324
0.482359
0.49261
0.496848
0.502952
0.527452
0.519017
0.481536
0.466262
0.528057
0.573514
0.492535
0.566223
0.511562
0.458827
0.464762
0.489788
0.519713
0.493056
0.508022
0.494833
0.468409
0.524704
0.435285
0.515315
0.458992
0.464987
0.49652
0.48276
0.489157
0.515544
0.476214
0.532221
0.441601
0.529664
0.492688
0.490823
0.548552
0.495179
0.517356
0.497016
0.550277
0.427118
0.52203
0.458669
0.505726
0.508265
0.482419
0.518129
0.533405
0.485752
0.525921
0.482366
0.490629
0.501785
0.521856
0.506327
0.459264
0.506664
0.522255
0.447636
0.506087
0.492186
0.481323
0.490751
0.515895
0.523591
0.481721
0.448708
0.565477
0.518139
0.465766
0.460584
0.496589
0.498481
0.4897
0.452791
0.526038
0.478918
0.429134
0.482339
0.501015
0.52269
0.493795
0.490182
0.517798
0.538415
0.489716
0.522778
0.481951
0.523802
0.506972
0.499989
0.548133
0.494769
0.521103
0.517444
0.457663
0.438077
0.496341
0.481486
0.541945
0.495627
0.488773
0.524835
0.499892
0.51852
0.447553
0.52109
0.457467
0.459027
0.472306
0.486189
0.497473
0.478579
0.484826
0.474964
0.467699
0.499908
0.453218
0.500901
0.485579
0.491466
0.50659
0.507244
0.437456
0.472241
0.518426
0.48756
0.470592
0.555102
0.526768
0.48389
0.496055
0.516792
0.509331
0.500618
0.460589
0.482693
0.48167
0.492168
0.455616
0.504501
0.506533
0.542678
0.501468
0.498917
0.452519
0.485747
0.484999
0.525495
0.510167
0.502409
0.528685
0.511757
0.513602
0.485431
0.47935
0.463719
0.485865
0.478086
0.534626
0.479936
0.506043
0.475508
0.475291
0.467197
0.556342
0.456758
0.491599
0.475998
0.497203
0.485731
0.501722
0.493913
0.49861
0.479031
0.480451
0.524996
0.505701
0.498919
0.48625
0.473323
0.506812
0.529491
0.534814
0.49882
0.472071
0.484182
0.517245
0.493485
0.540687
0.52274
0.54097
0.516139
0.52503
0.475779
0.501525
0.473823
0.469655
0.525059
0.533345
0.487974
0.503377
0.49759
0.487657
0.493504
0.502528
0.521705
0.465631
0.448895
0.483522
0.463222
0.484889
0.445455
0.542851
0.499818
0.467521
0.49384
0.492634
0.501736
0.497706
0.415988
0.489858
0.546965
0.527087
0.490563
0.467413
0.538998
0.476011
0.520065
0.495065
0.505307
0.508764
0.507704
0.47849
0.504658
0.540928
0.482181
0.514477
0.521384
0.496976
0.518488
0.530454
0.524752
0.496239
0.492869
0.486428
0.511536
0.515373
0.500044
0.537499
0.509931
0.475432
0.52084
0.495041
0.452936
0.491702
0.53835
0.4547
0.529311
0.504387
0.490735
0.449317
0.520261
0.498301
0.518808
0.484911
0.549951
0.519677
0.506514
0.547844
0.507981
0.518216
0.512438
0.52129
0.481958
0.522507
0.520462
0.499137
0.508271
0.506943
0.457699
0.475447
0.519212
0.538258
0.467824
0.507597
0.454553
0.529798
0.527935
0.501223
0.515719
0.481677
0.567062
0.505101
0.490663
0.504911
0.52445
0.554083
0.52759
0.457681
0.535743
0.498212
0.515637
0.491839
0.475199
0.436146
0.530642
0.557782
0.532044
0.521015
0.544128
0.495817
0.519112
0.486831
0.473625
0.512151
0.501884
0.513581
0.502449
0.52762
0.506042
0.489132
0.437077
0.487292
0.501689
0.486055
0.490231
0.479058
0.492333
0.481519
0.527799
0.49935
0.496772
0.498361
0.507721
0.504095
0.472016
0.495461
0.50896
0.483043
0.485341
0.50555
0.498691
0.49559
0.473635
0.508575
0.485822
0.486216
0.498133
0.54875
0.488981
0.48767
0.472688
0.513403
0.537093
0.480023
0.503677
0.511763
0.500663
0.453717
0.529701
0.531806
0.451906
0.48473
0.499171
0.463272
0.491832
0.46999
0.483925
0.494996
0.522423
0.461149
0.496997
0.544675
0.49202
0.504866
0.462655
0.479179
0.552056
0.547692
0.49685
0.543555
0.453237
0.503712
0.456178
0.506832
0.509327
0.56305
0.493501
0.51276
0.496634
0.529372
0.528342
0.523603
0.487342
0.504503
0.460176
0.485118
0.544797
0.498293
0.472755
0.550834
0.498892
0.501847
0.537571
0.483772
0.519656
0.512259
0.474606
0.503711
0.467185
0.506951
0.468479
0.498145
0.496033
0.475768
0.478111
0.515039
0.452195
0.498936
0.478053
0.495524
0.520799
0.549018
0.46958
0.53464
0.48264
0.514984
0.46969
0.508272
0.49767
0.476531
0.516123
0.49438
0.513585
0.566767
0.606538
0.526669
0.477618
0.471393
0.50996
0.548814
0.489671
0.502501
0.528629
0.467366
0.484914
0.50512
0.478375
0.471465
0.483965
0.494628
0.515642
0.507482
0.488791
0.513158
0.479286
0.506721
0.512439
0.453124
0.475281
0.534306
0.480736
0.515993
0.512438
0.487361
0.464072
0.544424
0.467288
0.530641
0.467402
0.515901
0.466229
0.577702
0.546578
0.595985
0.523078
0.485763
0.489152
0.499312
0.480151
0.492374
0.507759
0.506459
0.480991
0.512008
0.524221
0.504805
0.482867
0.480722
0.442481
0.511506
0.477182
0.486985
0.498506
0.476725
0.525902
0.486828
0.525277
0.515219
0.54213
0.481412
0.520984
0.524427
0.462968
0.535161
0.468575
0.53718
0.502767
0.482576
0.564749
0.537145
0.514909
0.471851
0.536553
0.525147
0.47024
0.503425
0.493679
0.494483
0.540273
0.511589
0.48461
0.523352
0.503296
0.507276
0.484722
0.482534
0.491505
0.470152
0.494476
0.466435
0.517286
0.528151
0.475819
0.505625
0.476773
0.502551
0.534933
0.489
0.498805
0.496744
0.479436
0.543682
0.537412
0.536805
0.488174
0.520794
0.525946
0.522001
0.471733
0.505225
0.510995
0.493344
0.551775
0.497516
0.484187
0.498339
0.497353
0.455988
0.44003
0.480028
0.4863
0.457243
0.517895
0.518477
0.489839
0.483157
0.46628
0.552803
0.548528
0.52249
0.487467
0.531901
0.48767
0.465243
0.510712
0.541967
0.480307
0.497886
0.472082
0.528952
0.54593
0.497574
0.489065
0.404078
0.493029
0.473487
0.458088
0.480533
0.553597
0.563412
0.50305
0.459473
0.487734
0.483697
0.513013
0.473453
0.466455
0.480696
0.547166
0.515419
0.540838
0.461832
0.475192
0.511381
0.525639
0.524411
0.471153
0.494888
0.485486
0.500296
0.539033
0.531441
0.491797
0.494583
0.518057
0.510956
0.498526
0.496389
0.475898
0.546416
0.474879
0.499893
0.49793
0.466825
0.523115
0.513736
0.480609
0.502592
0.499557
0.466924
0.50715
0.501477
0.486946
0.489343
0.473587
0.503214
0.516258
0.505026
0.55337
0.490945
0.466101
0.49628
0.428606
0.517579
0.467836
0.516813
0.546083
0.475214
0.494526
0.481982
0.536181
0.475741
0.481856
0.494277
0.522825
0.490745
0.499135
0.472184
0.472573
0.448853
0.508513
0.510534
0.480992
0.488623
0.490538
0.550475
0.514425
0.465128
0.494172
0.46719
0.505289
0.518334
0.489396
0.493479
0.479021
0.491424
0.48053
0.457338
0.460799
0.417163
0.498391
0.501658
0.440168
0.510458
0.509409
0.50417
0.451681
0.495217
0.449837
0.505749
0.499706
0.493642
0.44317
0.515227
0.475491
0.486078
0.498903
0.528813
0.484643
0.519545
0.530753
0.502263
0.523127
0.463075
0.582466
0.433918
0.469912
0.52798
0.519341
0.486738
0.514401
0.471182
0.493588
0.497447
0.466754
0.519716
0.471652
0.540938
0.499237
0.444547
0.491621
0.528026
0.486728
0.481814
0.548853
0.544717
0.55449
0.509635
0.517934
0.481078
0.511347
0.49859
0.459102
0.487866
0.516392
0.46401
0.507261
0.53901
0.497333
0.488202
0.481707
0.468106
0.518626
0.500727
0.484686
0.497012
0.497502
0.514861
0.496924
0.454705
0.536021
0.508362
0.548239
0.474491
0.517275
0.516669
0.471367
0.477723
0.44387
0.466658
0.507127
0.462126
0.516807
0.50908
0.499049
0.472878
0.522883
0.507802
0.505586
0.534549
0.498752
0.473987
0.478047
0.482043
0.539752
0.493322
0.492358
0.47865
0.531642
0.494434
0.452795
0.519357
0.523351
0.516612
0.565795
0.487509
0.488896
0.484955
0.491992
0.542977
0.486556
0.431084
0.534582
0.459947
0.523459
0.487531
0.502152
0.492441
0.49369
0.503938
0.444097
0.505716
0.478053
0.513183
0.566758
0.45166
0.513598
0.505566
0.458382
0.526295
0.501066
0.499177
0.501061
0.517539
0.54834
0.534571
0.517748
0.471326
0.478061
0.501869
0.482491
0.494222
0.507512
0.488423
0.492003
0.550667
0.538906
0.535159
0.436697
0.502953
0.518195
0.489727
0.519305
0.462076
0.480536
0.494584
0.449214
0.517578
0.500525
0.498129
0.540637
0.544514
0.435336
0.537026
0.502749
0.515656
0.528888
0.487832
0.529911
0.487075
0.515151
0.516052
0.460102
0.485206
0.508743
0.530755
0.539697
0.513544
0.550915
0.462873
0.502701
0.557075
0.489068
0.4353
0.482574
0.482578
0.537917
0.522932
0.504769
0.552928
0.540432
0.540754
0.478106
0.493508
0.486679
0.488116
0.483114
0.498872
0.528687
0.517314
0.545449
0.517773
0.439466
0.494596
0.472543
0.494692
0.484296
0.411736
0.481574
0.525975
0.512423
0.486281
0.496906
0.508725
0.497274
0.538609
0.465121
0.480558
0.523329
0.503915
0.495755
0.538351
0.487762
0.477256
0.515878
0.504116
0.544986
0.499779
0.536637
0.536111
0.522222
0.464254
0.509883
0.533323
0.444222
0.478037
0.513011
0.501449
0.515259
0.49159
0.510148
0.478487
0.506529
0.49069
0.477785
0.488083
0.477066
0.46043
0.453018
0.508734
0.506321
0.449169
0.502483
0.466997
0.526499
0.500521
0.510143
0.512809
0.532816
0.501543
0.442032
0.475057
0.489767
0.425215
0.506083
0.505511
0.451549
0.475359
0.465181
0.489257
0.48476
0.542117
0.501536
0.519746
0.511499
0.466101
0.480539
0.506588
0.57099
0.479361
0.482189
0.484211
0.507855
0.481278
0.458241
0.419525
0.505166
0.487511
0.523195
0.526693
0.510395
0.480136
0.517237
0.497154
0.462388
0.49708
0.559278
0.483008
0.497495
0.468996
0.508205
0.491907
0.522969
0.501687
0.500461
0.441551
0.435767
0.442215
0.472097
0.501937
0.504881
0.496822
0.533412
0.513477
0.455313
0.478772
0.484299
0.429106
0.531829
0.484256
0.478432
0.468511
0.510611
0.50448
0.454421
0.492605
0.446941
0.512056
0.502047
0.496372
0.467024
0.519826
0.491716
0.488198
0.482096
0.510242
0.475245
0.483834
0.472931
0.513429
0.536116
0.52309
0.462867
0.482055
0.537319
0.467407
0.557491
0.491128
0.4849
0.556419
0.519093
0.47086
0.565355
0.481637
0.484023
0.450697
0.434981
0.495374
0.501074
0.492671
0.469324
0.503042
0.509014
0.462175
0.570824
0.53694
0.521394
0.504298
0.492817
0.529666
0.486755
0.593837
0.457984
0.485265
0.562366
0.537123
0.539396
0.536258
0.459602
0.513773
0.502271
0.484653
0.469106
0.5265
0.494569
0.535083
0.463852
0.517104
0.484544
0.478184
0.508225
0.476775
0.473394
0.502345
0.471261
0.538818
0.481118
0.471952
0.482154
0.521943
0.553709
0.450247
0.516171
0.482232
0.519814
0.54494
0.439087
0.511915
0.51498
0.484675
0.468273
0.513078
0.491615
0.464509
0.508556
0.514423
0.482782
0.488495
0.440987
0.489217
0.457962
0.467517
0.462625
0.532541
0.4789
0.510491
0.525476
0.535975
0.503666
0.497062
0.542711
0.497835
0.457056
0.519918
0.580274
0.517101
0.51545
0.504851
0.52203
0.509139
0.564265
0.516684
0.486549
0.541363
0.476113
0.479193
0.483673
0.456952
0.527807
0.487152
0.488984
0.524749
0.514319
0.508616
0.504294
0.483465
0.497834
0.515576
0.532287
0.508314
0.490014
0.51111
0.513439
0.508208
0.495597
0.491151
0.513328
0.471632
0.535465
0.508998
0.528487
0.499326
0.497295
0.530699
0.48889
0.481894
0.471925
0.499426
0.495225
0.500479
0.463558
0.526971
0.519061
0.51861
0.471925
0.460483
0.484043
0.473363
0.484544
0.482579
0.506238
0.46395
0.467185
0.462944
0.481753
0.505864
0.520672
0.479552
0.489761
0.498709
0.492157
0.497636
0.479039
0.48583
0.48897
0.474516
0.436174
0.533886
0.503191
0.488435
0.493526
0.460469
0.505054
0.4395
0.485107
0.557906
0.45332
0.490881
0.508476
0.511376
0.500732
0.498366
0.470787
0.499448
0.492683
0.536422
0.497112
0.485182
0.477229
0.468865
0.509167
0.50591
0.484557
0.492283
0.54256
0.509826
0.514043
0.52032
0.490691
0.507501
0.487027
0.556959
0.473426
0.50646
0.523418
0.506926
0.478674
0.456942
0.470273
0.501331
0.514986
0.526965
0.550451
0.556686
0.503309
0.504815
0.47949
0.505413
0.476012
0.427108
0.498817
0.545967
0.501308
0.500516
0.503421
0.480716
0.511215
0.515313
0.47212
0.509675
0.511152
0.478846
0.498529
0.488245
0.50932
0.517061
0.500876
0.517066
0.50398
0.472221
0.50878
0.562115
0.526758
0.494914
0.50511
0.483174
0.470098
0.498511
0.511065
0.488793
0.496992
0.544165
0.532587
0.525869
0.47111
0.494501
0.456236
0.521971
0.525458
0.464111
0.462661
0.528535
0.497679
0.474978
0.495771
0.543052
0.42014
0.494956
0.525757
0.508376
0.47291
0.48744
0.504066
0.477274
0.497767
0.520331
0.46847
0.480349
0.521359
0.532439
0.506348
0.545452
0.475631
0.465445
0.524296
0.486718
0.513666
0.509538
0.492216
0.501344
0.539035
0.490863
0.499979
0.492235
0.506814
0.558899
0.484807
0.504646
0.434364
0.471898
0.527494
0.484944
0.500015
0.508496
0.495585
0.50961
0.537782
0.503643
0.481647
0.482615
0.546216
0.466952
0.554754
0.469286
0.469552
0.531615
0.523304
0.484796
0.559234
0.501997
0.477303
0.465392
0.473984
0.478033
0.478241
0.480497
0.506513
0.514561
0.494667
0.473805
0.505006
0.513714
0.511623
0.441494
0.507512
0.538484
0.462018
0.455683
0.497358
0.545602
0.528109
0.501259
0.47771
0.505847
0.47118
0.464202
0.523415
0.489911
0.537574
0.479518
0.458239
0.537944
0.51917
0.52693
0.495634
0.480908
0.526467
0.492427
0.541149
0.471862
0.442362
0.533817
0.464625
0.495303
0.504785
0.468385
0.470284
0.502692
0.506278
0.490814
0.442845
0.49228
0.518677
0.549457
0.477794
0.491372
0.501
0.539117
0.483923
0.519145
0.468672
0.448435
0.486273
0.458145
0.472216
0.510033
0.497604
0.532598
0.493531
0.471517
0.46651
0.511645
0.45788
0.485477
0.470318
0.545636
0.479722
0.49661
0.500878
0.47361
0.520502
0.504084
0.511384
0.460074
0.476528
0.547266
0.472342
0.509221
0.475067
0.502958
0.464821
0.484698
0.48677
0.462234
0.439092
0.503061
0.49257
0.465038
0.506803
0.519035
0.48316
0.450641
0.504801
0.470703
0.539187
0.492092
0.518726
0.482756
0.500283
0.512797
0.544511
0.515923
0.511059
0.483332
0.485904
0.510701
0.532191
0.486629
0.49614
0.513533
0.55471
0.509661
0.521892
0.453524
0.48564
0.499734
0.477618
0.51785
0.433089
0.483539
0.518434
0.493972
0.498936
0.467059
0.549641
0.476776
0.537229
0.504479
0.521027
0.50878
0.476416
0.494209
0.484062
0.501513
0.523545
0.480159
0.460127
0.496202
0.488548
0.496374
0.467892
0.501898
0.496741
0.443172
0.527964
0.499152
0.52766
0.512891
0.49294
0.55737
0.478358
0.493391
0.490988
0.533985
0.489293
0.507418
0.461069
0.473551
0.52093
0.535963
0.557945
0.454896
0.499177
0.453743
0.455079
0.49446
0.467785
0.514924
0.513568
0.473938
0.475836
0.507214
0.535218
0.540351
0.468448
0.482448
0.487902
0.496679
0.478811
0.491795
0.461314
0.481174
0.529691
0.503709
0.551249
0.413474
0.482518
0.512747
0.450536
0.495661
0.472193
0.48738
0.52474
0.516362
0.445723
0.484932
0.540774
0.486041
0.452831
0.521747
0.466528
0.521594
0.486643
0.546745
0.499652
0.508373
0.522596
0.476453
0.483615
0.467778
0.503677
0.49967
0.50916
0.518511
0.490131
0.489867
0.459292
0.459658
0.511754
0.49346
0.505911
0.493688
0.520898
0.522077
0.546217
0.557513
0.474315
0.536942
0.507027
0.509731
0.501967
0.463508
0.475104
0.502176
0.510914
0.51445
0.541648
0.483896
0.502431
0.509164
0.409051
0.475691
0.460445
0.507876
0.478065
0.503331
0.479449
0.478499
0.503482
0.527582
0.489994
0.464358
0.506478
0.529161
0.519904
0.530908
0.49172
0.486753
0.499318
0.449577
0.487382
0.456202
0.467701
0.516844
0.526182
0.449015
0.490946
0.536695
0.475572
0.538297
0.506677
0.504566
0.475201
0.500236
0.455908
0.460908
0.539782
0.489279
0.469144
0.4625
0.475476
0.545109
0.485088
0.499623
0.497939
0.549555
0.51005
0.537238
0.470134
0.541558
0.516199
0.538272
0.468049
0.528321
0.456774
0.577156
0.512437
0.480762
0.526387
0.481733
0.514708
0.491399
0.534537
0.501653
0.545096
0.492799
0.51046
0.511393
0.481229
0.494696
0.467445
0.516022
0.50522
0.497927
0.534737
0.477827
0.517409
0.533293
0.495152
0.471943
0.514886
0.523479
0.49653
0.519099
0.532907
0.516156
0.485151
0.493602
0.507339
0.466389
0.489242
0.524699
0.486255
0.476475
0.48069
0.529431
0.498807
0.471342
0.513099
0.535097
0.499492
0.537624
0.524308
0.489479
0.485953
0.504547
0.421497
0.476921
0.518422
0.484746
0.527005
0.488407
0.418944
0.483137
0.512986
0.523763
0.488498
0.52197
0.53303
0.524099
0.470146
0.480193
0.438869
0.522615
0.42633
0.495244
0.560296
0.491913
0.478447
0.505397
0.486427
0.475918
0.496822
0.460798
0.466418
0.484545
0.499205
0.5213
0.527777
0.539244
0.475926
0.489231
0.510383
0.567524
0.489815
0.485225
0.524347
0.524607
0.46903
0.455223
0.509835
0.520326
0.540908
0.466793
0.526977
0.489387
0.464964
0.502872
0.523993
0.483125
0.533171
0.481069
0.541649
0.540888
0.515635
0.556654
0.522189
0.549153
0.509797
0.53734
0.490839
0.516521
0.431286
0.478014
0.528037
0.492698
0.494549
0.42351
0.490494
0.429606
0.521379
0.517574
0.449218
0.482722
0.495466
0.506128
0.512632
0.550804
0.481104
0.472972
0.502897
0.4921
0.534173
0.506036
0.473576
0.505176
0.543514
0.472322
0.486764
0.512495
0.510839
0.519645
0.4178
0.504858
0.507282
0.523306
0.485699
0.474844
0.524738
0.47583
0.477412
0.517369
0.480086
0.497877
0.484061
0.515483
0.510452
0.498461
0.487251
0.499544
0.527615
0.512605
0.503602
0.497883
0.53969
0.494547
0.515618
0.527086
0.498209
0.504633
0.507012
0.490024
0.508734
0.478012
0.480629
0.509749
0.523112
0.503267
0.487076
0.547386
0.501511
0.529096
0.502191
0.462143
0.552357
0.507186
0.461473
0.501567
0.488289
0.469378
0.439605
0.490165
0.486276
0.497279
0.523183
0.514526
0.499998
0.532423
0.494792
0.473054
0.542635
0.465111
0.526533
0.498452
0.468177
0.480064
0.481149
0.511071
0.479388
0.477003
0.498858
0.531256
0.470543
0.494291
0.498024
0.458807
0.513066
0.473749
0.487794
0.477691
0.532192
0.504785
0.500819
0.514113
0.442783
0.505951
0.524191
0.506093
0.472416
0.58206
0.436717
0.472652
0.479871
0.494981
0.480654
0.47075
0.49715
0.536243
0.476036
0.488086
0.503138
0.489569
0.455709
0.499898
0.457046
0.49147
0.489207
0.497877
0.449751
0.478014
0.53359
0.509332
0.521165
0.415911
0.499372
0.514717
0.541748
0.516021
0.459656
0.501657
0.516302
0.567422
0.510617
0.483589
0.498167
0.550162
0.481433
0.541152
0.491931
0.524815
0.491822
0.444443
0.502808
0.496966
0.555275
0.514265
0.470775
0.51476
0.476139
0.460501
0.477619
0.517626
0.458656
0.415727
0.495005
0.51431
0.536095
0.512193
0.521698
0.468341
0.568088
0.530302
0.508057
0.459049
0.514317
0.486706
0.465933
0.496274
0.512653
0.430149
0.482085
0.506868
0.559888
0.543171
0.473259
0.481142
0.443178
0.507819
0.481026
0.457361
0.560324
0.523464
0.554539
0.522425
0.497018
0.514872
0.499298
0.546854
0.449173
0.498638
0.510077
0.462206
0.488472
0.516119
0.466122
0.509052
0.499248
0.53098
0.50675
0.48363
0.504828
0.519491
0.465471
0.481312
0.481473
0.501689
0.540766
0.484993
0.51802
0.451534
0.471635
0.516545
0.499369
0.514185
0.506048
0.479451
0.501926
0.468524
0.460422
0.50074
0.469147
0.473038
0.478245
0.510362
0.545277
0.583211
0.455979
0.446113
0.505443
0.558522
0.524363
0.492244
0.5202
0.51719
0.493236
0.459879
0.502667
0.516797
0.528023
0.417361
0.506382
0.528891
0.51598
0.508657
0.521983
0.495719
0.480351
0.46794
0.520863
0.527198
0.490548
0.508487
0.473907
0.476261
0.476478
0.494001
0.513445
0.490691
0.505151
0.490488
0.526539
0.489578
0.527682
0.516825
0.467738
0.512518
0.494821
0.532125
0.479415
0.489682
0.489139
0.518039
0.467822
0.500883
0.491979
0.484112
0.462981
0.511752
0.543315
0.484325
0.460537
0.54517
0.512634
0.522936
0.5537
0.52606
0.488968
0.447761
0.5234
0.51768
0.538202
0.519005
0.454778
0.497529
0.575784
0.471781
0.488142
0.521003
0.472956
0.500426
0.522513
0.530915
0.544639
0.552762
0.489877
0.521012
0.507093
0.5224
0.54828
0.45161
0.473477
0.497236
0.481887
0.485476
0.515432
0.532248
0.506126
0.492074
0.488822
0.544728
0.506043
0.49831
0.531738
0.470064
0.546002
0.473892
0.472914
0.446214
0.498839
0.429438
0.508663
0.494981
0.482614
0.485451
0.516463
0.488215
0.503062
0.470288
0.473321
0.507081
0.5099
0.48525
0.487036
0.492502
0.50508
0.504911
0.498485
0.474911
0.461137
0.460826
0.503065
0.531435
0.447754
0.466723
0.469404
0.468636
0.454659
0.473316
0.49348
0.478928
0.528985
0.530872
0.506254
0.498813
0.515221
0.547631
0.492969
0.487032
0.475873
0.542234
0.502206
0.48079
0.460967
0.478264
0.462861
0.488148
0.484509
0.47903
0.487125
0.494731
0.476039
0.520724
0.467636
0.512865
0.485392
0.472069
0.506888
0.481266
0.458801
0.468587
0.527056
0.463421
0.484464
0.459614
0.518334
0.512763
0.475693
0.556179
0.493928
0.50279
0.509782
0.51788
0.509831
0.48023
0.490708
0.516881
0.487484
0.539395
0.5138
0.487148
0.477477
0.535839
0.520494
0.54706
0.472391
0.497443
0.501293
0.49351
0.486918
0.531071
0.515083
0.445625
0.513385
0.472888
0.472889
0.516236
0.490796
0.4805
0.514242
0.519207
0.495531
0.585018
0.514239
0.480768
0.511818
0.511182
0.469454
0.532963
0.460105
0.493665
0.470804
0.49734
0.481456
0.477685
0.461513
0.547012
0.536102
0.522047
0.548274
0.515217
0.544263
0.52274
0.473761
0.508485
0.537373
0.455224
0.478602
0.572566
0.577827
0.56351
0.550933
0.519208
0.465382
0.484187
0.501675
0.541948
0.508333
0.523493
0.503639
0.499008
0.497588
0.535574
0.512602
0.54144
0.501767
0.490046
0.488465
0.464642
0.471457
0.486998
0.514627
0.51137
0.550734
0.547534
0.493698
0.534357
0.474094
0.488018
0.497672
0.546693
0.526903
0.496105
0.540685
0.498063
0.487502
0.486721
0.502499
0.474981
0.509082
0.556088
0.510804
0.493146
0.519465
0.501935
0.460503
0.500041
0.50691
0.508018
0.418069
0.535897
0.50006
0.491066
0.419126
0.471159
0.500181
0.528287
0.46736
0.548564
0.453786
0.473559
0.462897
0.507966
0.503793
0.510417
0.45827
0.532035
0.547327
0.439987
0.500096
0.470936
0.51831
0.501959
0.524589
0.464146
0.502934
0.486761
0.465044
0.507498
0.46617
0.537019
0.499401
0.463608
0.507431
0.496467
0.516022
0.543785
0.533498
0.514404
0.495814
0.469565
0.496856
0.523831
0.448805
0.491995
0.487554
0.461402
0.533314
0.496774
0.516712
0.4873
0.525832
0.463394
0.559807
0.483176
0.44974
0.546408
0.487856
0.50626
0.480992
0.496925
0.524629
0.497791
0.518886
0.452492
0.508006
0.493868
0.480044
0.513457
0.463617
0.516864
0.533733
0.483956
0.468874
0.475518
0.436651
0.455648
0.505537
0.511836
0.505296
0.482313
0.518925
0.522925
0.484051
0.503445
0.491901
0.505875
0.487105
0.484968
0.551763
0.483838
0.512342
0.465195
0.488156
0.491397
0.535307
0.44415
0.550137
0.447378
0.5514
0.464395
0.460512
0.503216
0.414393
0.451463
0.515577
0.464998
0.539419
0.532053
0.538383
0.51732
0.468549
0.498071
0.51365
0.49707
0.527075
0.524687
0.542461
0.46527
0.508638
0.530499
0.524848
0.505099
0.517316
0.507941
0.518413
0.444223
0.514798
0.472069
0.531092
0.469557
0.480777
0.535828
0.536199
0.442583
0.494672
0.479952
0.497869
0.533348
0.556822
0.525597
0.465023
0.421275
0.477259
0.457851
0.48199
0.520894
0.510205
0.48823
0.523899
0.510643
0.532394
0.504304
0.524973
0.532842
0.453366
0.504556
0.537851
0.512977
0.465847
0.476618
0.492054
0.496411
0.53434
0.526996
0.549735
0.50066
0.500054
0.550419
0.526819
0.481344
0.5203
0.50693
0.48768
0.439945
0.470467
0.554842
0.50146
0.4915
0.556721
0.487694
0.468166
0.500351
0.447533
0.513326
0.442666
0.512067
0.502173
0.453193
0.474715
0.529689
0.514296
0.490053
0.473125
0.492393
0.528733
0.492147
0.482216
0.524715
0.479625
0.481999
0.508662
0.484456
0.488023
0.467959
0.506868
0.447397
0.477065
0.516616
0.480994
0.506943
0.47288
0.484207
0.481755
0.516821
0.529318
0.495139
0.506119
0.514967
0.434646
0.505764
0.448038
0.506712
0.52834
0.571515
0.53832
0.455404
0.526077
0.52554
0.521781
0.488586
0.471074
0.506957
0.4798
0.517852
0.489888
0.56685
0.536392
0.480519
0.520801
0.490131
0.515942
0.501219
0.492919
0.471407
0.4907
0.551555
0.524115
0.512954
0.486193
0.495936
0.515921
0.522942
0.472647
0.481721
0.533527
0.542028
0.480571
0.531792
0.548973
0.466444
0.48861
0.537685
0.525696
0.515698
0.531799
0.4914
0.512524
0.513031
0.508348
0.504023
0.505275
0.49673
0.483067
0.519277
0.504053
0.550443
0.495577
0.510125
0.484394
0.520614
0.461412
0.476562
0.520365
0.499158
0.504157
0.482713
0.51776
0.529503
0.436726
0.511353
0.485502
0.514136
0.459922
0.493996
0.503385
0.511758
0.516394
0.484661
0.424284
0.492189
0.538123
0.535442
0.48894
0.547139
0.505552
0.522009
0.491475
0.484973
0.4665
0.537176
0.513729
0.537601
0.462967
0.490634
0.506571
0.487604
0.473975
0.513006
0.466294
0.493733
0.472549
0.532327
0.474219
0.502905
0.504979
0.481075
0.507644
0.49681
0.470484
0.551898
0.550252
0.531271
0.499395
0.50013
0.520105
0.51647
0.517993
0.481257
0.533356
0.546165
0.458127
0.501425
0.501797
0.474028
0.509717
0.509134
0.442363
0.485232
0.484301
0.476244
0.476739
0.521399
0.517721
0.486406
0.499162
0.487048
0.530085
0.509051
0.450576
0.485659
0.481134
0.517066
0.52724
0.513483
0.479132
0.516267
0.521929
0.479221
0.481404
0.48481
0.505848
0.497696
0.464655
0.530662
0.519378
0.525644
0.473184
0.515244
0.519792
0.547754
0.493124
0.481389
0.494057
0.481065
0.530837
0.513725
0.504845
0.475873
0.533581
0.549625
0.477887
0.491248
0.570575
0.508822
0.538789
0.493291
0.492594
0.489851
0.487429
0.474272
0.528213
0.541402
0.48808
0.470754
0.504825
0.476749
0.483357
0.498834
0.572558
0.489343
0.520138
0.514639
0.539223
0.517727
0.485564
0.508178
0.49441
0.51787
0.501261
0.508698
0.440853
0.461068
0.53389
0.509653
0.491205
0.505518
0.540167
0.501421
0.458333
0.489705
0.504471
0.529891
0.507266
0.465717
0.497158
0.489036
0.546915
0.46062
0.501721
0.505616
0.469694
0.544007
0.548908
0.48412
0.487172
0.479867
0.525931
0.520073
0.459868
0.470872
0.518882
0.489848
0.499326
0.483227
0.486498
0.485084
0.510587
0.530203
0.533374
0.509859
0.523191
0.502474
0.470777
0.488727
0.518824
0.523385
0.503169
0.473748
0.503746
0.507281
0.458561
0.488643
0.504113
0.479009
0.540841
0.478186
0.462331
0.482741
0.50218
0.540969
0.492555
0.46821
0.453659
0.523662
0.483466
0.522519
0.482229
0.414889
0.466451
0.465624
0.512133
0.556851
0.5373
0.497624
0.548923
0.532817
0.499565
0.535983
0.504178
0.438609
0.467682
0.42081
0.519073
0.526204
0.448004
0.54632
0.494901
0.487588
0.495855
0.4566
0.528688
0.486968
0.466731
0.503809
0.48202
0.459485
0.549781
0.416933
0.491205
0.454546
0.501691
0.479225
0.476902
0.481901
0.449085
0.542445
0.441336
0.488581
0.52758
0.536036
0.451227
0.494843
0.515624
0.52936
0.494554
0.467222
0.46122
0.525107
0.529282
0.526837
0.479688
0.55202
0.542186
0.521058
0.510572
0.485043
0.495872
0.436674
0.45182
0.501033
0.50215
0.482673
0.509371
0.508148
0.509861
0.490775
0.47026
0.467047
0.475299
0.471825
0.48738
0.492016
0.503338
0.526187
0.504016
0.490152
0.497405
0.486254
0.526279
0.526735
0.506408
0.499201
0.521566
0.534898
0.536758
0.548112
0.491171
0.427732
0.517602
0.499594
0.465172
0.510951
0.507393
0.456018
0.547716
0.474231
0.489924
0.500497
0.490831
0.509365
0.477947
0.482738
0.50489
0.503341
0.482512
0.423888
0.493845
0.534482
0.516132
0.538493
0.473369
0.469766
0.457927
0.471712
0.470015
0.521454
0.498839
0.449888
0.529537
0.521145
0.435073
0.552623
0.472468
0.489395
0.507866
0.464467
0.505121
0.509011
0.50773
0.484352
0.544097
0.460155
0.53127
0.510896
0.422451
0.575379
0.488726
0.4817
0.515635
0.502718
0.500345
0.514766
0.545339
0.524961
0.499721
0.510157
0.549353
0.49323
0.492223
0.490027
0.485592
0.532996
0.446628
0.495145
0.498379
0.470643
0.528105
0.536039
0.545145
0.508719
0.580648
0.516884
0.481644
0.487993
0.49711
0.530258
0.44382
0.504444
0.514937
0.49089
0.534454
0.459301
0.515754
0.526536
0.552707
0.510275
0.486897
0.534087
0.514689
0.512091
0.543052
0.519057
0.503178
0.514448
0.526089
0.486556
0.484618
0.465547
0.471248
0.481889
0.501514
0.479287
0.547776
0.468898
0.538352
0.514282
0.482162
0.484168
0.489171
0.482795
0.512082
0.475232
0.494911
0.487741
0.549175
0.460898
0.478658
0.555863
0.478792
0.47181
0.546921
0.465222
0.474825
0.549389
0.48505
0.51511
0.517756
0.471261
0.514938
0.456529
0.484038
0.541306
0.493119
0.521343
0.504938
0.502457
0.537391
0.488243
0.502978
0.530355
0.480093
0.523642
0.504075
0.586013
0.536153
0.485624
0.493529
0.475585
0.514041
0.509077
0.50397
0.505395
0.477741
0.530133
0.503393
0.46032
0.497882
0.50804
0.481407
0.513674
0.510135
0.482586
0.53182
0.536714
0.439017
0.49521
0.49969
0.515885
0.445222
0.511921
0.470959
0.455935
0.47459
0.51614
0.522808
0.507025
0.466871
0.509606
0.492837
0.473963
0.51237
0.519464
0.455226
0.525671
0.50463
0.489655
0.531961
0.523031
0.487261
0.554741
0.497299
0.503222
0.483042
0.534285
0.503545
0.468672
0.493433
0.485913
0.466314
0.498765
0.476597
0.465184
0.497363
0.512404
0.472086
0.500391
0.533152
0.499575
0.520297
0.470416
0.447227
0.470033
0.484829
0.473771
0.46458
0.477226
0.525861
0.466941
0.526088
0.475589
0.532691
0.480165
0.481167
0.519337
0.483539
0.528766
0.536766
0.510873
0.520756
0.508169
0.560821
0.446941
0.509559
0.460721
0.5083
0.510646
0.548416
0.482446
0.527957
0.457476
0.519203
0.547856
0.477927
0.523431
0.475264
0.56094
0.518284
0.523407
0.485498
0.490466
0.488685
0.537943
0.522594
0.53771
0.519225
0.496464
0.553541
0.484742
0.522638
0.475145
0.490541
0.501396
0.505951
0.487514
0.510443
0.579044
0.479733
0.505931
0.520835
0.499303
0.503051
0.492053
0.500901
0.505799
0.532271
0.464428
0.545189
0.437113
0.471817
0.551323
0.488395
0.479029
0.525017
0.50693
0.529305
0.504223
0.553166
0.519058
0.492008
0.497498
0.470923
0.506452
0.47251
0.494708
0.526173
0.533849
0.518874
0.503486
0.512479
0.46291
0.473011
0.523905
0.492241
0.487139
0.492246
0.497191
0.508696
0.508929
0.508784
0.560626
0.504887
0.486842
0.505198
0.46675
0.477705
0.49127
0.544077
0.494997
0.545161
0.476582
0.50994
0.49389
0.494983
0.457891
0.541551
0.511916
0.502684
0.460567
0.502767
0.495205
0.50721
0.500621
0.52003
0.480144
0.492312
0.534078
0.494634
0.48905
0.491743
0.523473
0.437894
0.487015
0.526429
0.549589
0.447343
0.49807
0.58172
0.496568
0.472078
0.478771
0.502859
0.518509
0.535376
0.467348
0.536786
0.485694
0.502717
0.436529
0.478408
0.478551
0.473331
0.518178
0.519449
0.487488
0.543394
0.507861
0.538028
0.526724
0.528999
0.517466
0.527055
0.530237
0.45703
0.494012
0.529608
0.497954
0.522059
0.502755
0.489387
0.500314
0.487393
0.492735
0.484388
0.499323
0.4684
0.512873
0.451903
0.50423
0.526228
0.486752
0.522999
0.509942
0.510063
0.514206
0.484575
0.526316
0.546019
0.48784
0.477131
0.516439
0.52082
0.542602
0.486379
0.512029
0.498372
0.466546
0.526817
0.574082
0.537364
0.480892
0.505388
0.476882
0.518022
0.467523
0.483354
0.523517
0.516132
0.502038
0.494507
0.481
0.53247
0.540488
0.517841
0.533142
0.455753
0.457913
0.492818
0.519299
0.45724
0.556816
0.505341
0.447097
0.515115
0.543693
0.502566
0.497295
0.486762
0.451744
0.504678
0.518879
0.547068
0.467889
0.481754
0.452533
0.510882
0.452216
0.523843
0.460594
0.527739
0.477991
0.432376
0.49164
0.486995
0.500339
0.481043
0.517814
0.52148
0.511743
0.514264
0.493012
0.477806
0.482469
0.501359
0.52008
0.521443
0.464046
0.564572
0.545113
0.50471
0.483931
0.499041
0.517014
0.475772
0.549479
0.532873
0.510409
0.546804
0.499346
0.485419
0.500065
0.499423
0.480448
0.551891
0.464924
0.52552
0.4386
0.502446
0.489877
0.441617
0.490965
0.50385
0.493418
0.464881
0.468428
0.521862
0.43928
0.548905
0.43604
0.512453
0.490197
0.507392
0.519626
0.469985
0.511911
0.483867
0.466714
0.530484
0.51554
0.515538
0.479888
0.488123
0.496454
0.429431
0.500701
0.493038
0.507756
0.508928
0.472269
0.408617
0.496514
0.528825
0.528667
0.466369
0.510863
0.527049
0.529269
0.506506
0.486101
0.501141
0.536127
0.522371
0.507897
0.537649
0.51255
0.476816
0.500756
0.472536
0.510972
0.468681
0.489841
0.510748
0.508267
0.467475
0.474293
0.48305
0.516613
0.494403
0.500178
0.45827
0.498035
0.507853
0.471164
0.509058
0.480763
0.521465
0.495078
0.509306
0.525513
0.482927
0.524453
0.501334
0.489832
0.531592
0.499196
0.470989
0.428616
0.473072
0.549496
0.548753
0.468949
0.528911
0.547108
0.485014
0.477354
0.459476
0.493124
0.497608
0.517618
0.52818
0.480367
0.479762
0.51729
0.485178
0.488529
0.51656
0.530987
0.498638
0.470178
0.488065
0.478632
0.451736
0.485759
0.487208
0.496749
0.443483
0.455711
0.460587
0.47094
0.521515
0.527835
0.520283
0.507667
0.554975
0.498026
0.464833
0.493467
0.505602
0.532497
0.507473
0.489724
0.505163
0.529632
0.469785
0.481119
0.497346
0.509568
0.488867
0.485894
0.52224
0.509665
0.506156
0.496041
0.511527
0.48395
0.496026
0.475547
0.562517
0.484696
0.442281
0.46483
0.469139
0.52424
0.520682
0.479469
0.498026
0.485162
0.475618
0.491373
0.447809
0.516976
0.519055
0.56051
0.439751
0.507419
0.479886
0.495307
0.51784
0.516503
0.501804
0.509865
0.496477
0.511423
0.497826
0.476106
0.47387
0.520467
0.469594
0.578969
0.459268
0.45404
0.539578
0.552795
0.482164
0.480934
0.504296
0.517018
0.511573
0.52797
0.476697
0.549285
0.483533
0.50113
0.545805
0.484128
0.504946
0.516308
0.511781
0.505334
0.461869
0.517812
0.504489
0.510101
0.520408
0.492724
0.513735
0.503138
0.538313
0.509262
0.499259
0.488825
0.565417
0.507264
0.518649
0.489539
0.481041
0.508902
0.521264
0.518304
0.526476
0.517786
0.476314
0.523862
0.480687
0.49454
0.433216
0.416303
0.517354
0.517015
0.552348
0.53138
0.471373
0.483236
0.534331
0.511623
0.512946
0.525221
0.51596
0.512397
0.517384
0.441796
0.530908
0.541002
0.518746
0.518525
0.503333
0.466964
0.485448
0.47289
0.492514
0.511635
0.46595
0.502833
0.516631
0.535213
0.502661
0.466798
0.493819
0.479331
0.502184
0.533389
0.508634
0.483319
0.50002
0.498773
0.492029
0.52228
0.517858
0.539954
0.512996
0.525089
0.511589
0.472038
0.479968
0.500457
0.518141
0.507617
0.480133
0.469171
0.469292
0.456402
0.524767
0.480643
0.540564
0.483219
0.558723
0.521893
0.523327
0.542504
0.502189
0.45708
0.46825
0.547414
0.542849
0.505726
0.518204
0.501684
0.546574
0.447738
0.498763
0.472349
0.464753
0.433367
0.474412
0.501469
0.526411
0.536219
0.52859
0.464965
0.503219
0.467454
0.515708
0.4767
0.535533
0.509283
0.483238
0.515934
0.467584
0.535904
0.492033
0.476268
0.489941
0.469991
0.492966
0.47421
0.497373
0.492869
0.478051
0.465486
0.500246
0.516487
0.504136
0.507213
0.537555
0.525332
0.487316
0.48408
0.509745
0.466392
0.516188
0.506632
0.479426
0.545309
0.562059
0.49981
0.548114
0.50683
0.544249
0.479856
0.477122
0.467695
0.528606
0.52771
0.49073
0.500078
0.537354
0.507031
0.529749
0.513718
0.498415
0.564959
0.533618
0.464841
0.502302
0.493742
0.509144
0.470032
0.494744
0.48137
0.474023
0.503149
0.483132
0.539314
0.443258
0.523427
0.504939
0.455515
0.466603
0.512884
0.486225
0.500745
0.455162
0.491163
0.488352
0.49646
0.455254
0.515926
0.501037
0.522266
0.447688
0.516936
0.469876
0.47114
0.530555
0.481934
0.546443
0.500514
0.543679
0.512463
0.499114
0.567349
0.472837
0.487737
0.51272
0.495341
0.441881
0.444695
0.485168
0.502358
0.450884
0.492364
0.499149
0.476249
0.568444
0.508651
0.497055
0.477157
0.476251
0.467693
0.457241
0.594438
0.524063
0.515885
0.479744
0.536329
0.493209
0.484723
0.529592
0.470491
0.526732
0.548567
0.525825
0.553536
0.484321
0.495474
0.484357
0.487681
0.520129
0.4992
0.492795
0.552642
0.501633
0.440515
0.525355
0.500898
0.527626
0.495953
0.475978
0.514451
0.523499
0.492108
0.487797
0.521205
0.521919
0.493626
0.467059
0.469084
0.487027
0.522987
0.499637
0.526024
0.530294
0.520234
0.558254
0.463961
0.496148
0.490752
0.508549
0.514934
0.495504
0.509224
0.502099
0.50743
0.545314
0.487902
0.484533
0.471107
0.532279
0.517305
0.416862
0.488001
0.488819
0.467475
0.408139
0.478361
0.539463
0.427913
0.567587
0.519221
0.495746
0.474327
0.524319
0.533844
0.47777
0.460302
0.512758
0.550162
0.450535
0.492035
0.471909
0.506334
0.533169
0.494248
0.566585
0.501545
0.499186
0.465412
0.478727
0.550176
0.465892
0.500393
0.436927
0.537475
0.501072
0.528666
0.502303
0.514834
0.465068
0.506203
0.468825
0.512818
0.516392
0.509169
0.476232
0.460069
0.488982
0.467554
0.523669
0.526189
0.509238
0.486857
0.462149
0.456754
0.560958
0.52595
0.493989
0.538569
0.496296
0.519256
0.477332
0.473293
0.420871
0.531352
0.503872
0.497553
0.501159
0.50213
0.517932
0.517685
0.442275
0.500645
0.524996
0.487214
0.514284
0.495757
0.517825
0.485203
0.505167
0.521723
0.5183
0.503599
0.488555
0.486827
0.513087
0.491696
0.554369
0.433204
0.501275
0.525844
0.530483
0.515965
0.512098
0.502525
0.503536
0.52976
0.420873
0.492922
0.477024
0.440886
0.51127
0.457113
0.50479
0.483087
0.552053
0.516004
0.508033
0.485161
0.5164
0.499132
0.46398
0.478487
0.481943
0.486461
0.524324
0.512625
0.559645
0.482302
0.501565
0.497081
0.539633
0.519473
0.541377
0.497395
0.412128
0.491828
0.509123
0.523646
0.521585
0.51328
0.538651
0.519523
0.492164
0.54145
0.531484
0.500077
0.462677
0.494046
0.524538
0.46627
0.54911
0.496128
0.44449
0.544473
0.562867
0.466352
0.496925
0.479003
0.492847
0.490346
0.468377
0.465852
0.509485
0.539317
0.519399
0.465721
0.48888
0.472041
0.506786
0.524484
0.495142
0.508336
0.493065
0.499207
0.509066
0.532162
0.511396
0.537855
0.541278
0.462456
0.52399
0.520798
0.457965
0.509848
0.502182
0.502254
0.507321
0.527362
0.496278
0.549786
0.464822
0.523236
0.5333
0.499983
0.435479
0.473997
0.540763
0.468444
0.471164
0.515888
0.514593
0.512197
0.511157
0.512808
0.509332
0.512673
0.484031
0.548851
0.50873
0.547364
0.508994
0.483611
0.484874
0.50828
0.494828
0.468335
0.55396
0.545351
0.51453
0.481086
0.536845
0.512871
0.423801
0.449018
0.482497
0.447138
0.461494
0.475894
0.472469
0.553384
0.510143
0.53298
0.51453
0.530154
0.504721
0.551422
0.543559
0.45923
0.487718
0.504255
0.447856
0.489239
0.508693
0.496146
0.518962
0.481073
0.516413
0.479014
0.56314
0.503231
0.4317
0.511633
0.472629
0.505228
0.46912
0.54137
0.494795
0.477177
0.495634
0.476151
0.457314
0.543684
0.474336
0.504808
0.557496
0.510171
0.471403
0.523915
0.493895
0.499756
0.534388
0.439243
0.51831
0.498817
0.469968
0.479958
0.506319
0.459357
0.49929
0.503696
0.484456
0.486311
0.479015
0.51062
0.552172
0.477897
0.476217
0.474605
0.506689
0.52716
0.455235
0.479667
0.498881
0.472812
0.464612
0.459753
0.488309
0.487513
0.45225
0.500036
0.515528
0.481706
0.486907
0.517822
0.509794
0.541128
0.534145
0.471202
0.5503
0.516134
0.504881
0.533578
0.499058
0.480952
0.484636
0.482173
0.523561
0.500993
0.511635
0.528672
0.437339
0.526341
0.51186
0.510102
0.496548
0.509554
0.479196
0.478076
0.530702
0.525891
0.49879
0.52454
0.505688
0.514104
0.501744
0.482133
0.487176
0.465902
0.529275
0.487294
0.462553
0.472228
0.494463
0.47424
0.499513
0.484465
0.539705
0.507929
0.469421
0.508702
0.548019
0.534155
0.483571
0.441174
0.4663
0.484878
0.50048
0.523021
0.468667
0.486927
0.462323
0.532463
0.508027
0.532194
0.468648
0.512547
0.383972
0.47745
0.51549
0.532566
0.46514
0.431909
0.508014
0.531285
0.504165
0.520647
0.494801
0.530107
0.473341
0.502034
0.521917
0.464281
0.55912
0.47727
0.504877
0.500309
0.463576
0.500174
0.506637
0.477645
0.500956
0.485338
0.529737
0.462835
0.457445
0.432774
0.450718
0.564205
0.472267
0.537186
0.504937
0.485243
0.508248
0.499981
0.469913
0.514775
0.489971
0.49215
0.455322
0.442081
0.547641
0.526145
0.527759
0.495062
0.464788
0.474871
0.498415
0.499593
0.487935
0.525931
0.521768
0.498183
0.536347
0.539226
0.533426
0.526059
0.560006
0.516066
0.475252
0.452819
0.513908
0.487884
0.535882
0.487755
0.516837
0.492706
0.50477
0.486989
0.452717
0.487484
0.587887
0.47054
0.442681
0.574427
0.443194
0.497447
0.435982
0.459445
0.47401
0.497072
0.477855
0.470847
0.508412
0.51471
0.54248
0.506395
0.552786
0.529637
0.46915
0.506866
0.507645
0.533704
0.479779
0.474224
0.523858
0.428619
0.505874
0.432537
0.527394
0.520039
0.523093
0.499768
0.510729
0.506583
0.491518
0.488556
0.479013
0.531912
0.519761
0.434115
0.529151
0.477986
0.481042
0.477382
0.449902
0.507626
0.529346
0.501531
0.57113
0.514515
0.503796
0.50998
0.530332
0.478745
0.519366
0.464021
0.484563
0.536052
0.492054
0.50819
0.505889
0.468861
0.516644
0.541508
0.528492
0.467255
0.525182
0.482718
0.515546
0.478003
0.504288
0.497636
0.483995
0.489775
0.51943
0.456755
0.465359
0.512653
0.474291
0.531206
0.440687
0.490089
0.523342
0.525223
0.477788
0.511401
0.465759
0.493224
0.46886
0.482966
0.4988
0.539638
0.476646
0.556214
0.488767
0.489592
0.477239
0.48055
0.527688
0.508607
0.517665
0.489341
0.48383
0.499402
0.546364
0.547075
0.514181
0.503945
0.474696
0.505835
0.477013
0.478876
0.497602
0.4892
0.492663
0.472419
0.531532
0.461703
0.510652
0.490918
0.477782
0.471971
0.581264
0.503114
0.519349
0.497676
0.469712
0.530294
0.499447
0.430409
0.491024
0.520429
0.529782
0.548617
0.473758
0.504438
0.506746
0.506721
0.540687
0.502691
0.513619
0.508538
0.484566
0.529884
0.496936
0.513138
0.487115
0.536405
0.485122
0.511253
0.489343
0.534321
0.557522
0.440375
0.471326
0.486114
0.521974
0.506651
0.449583
0.504273
0.509011
0.48172
0.490159
0.479898
0.530853
0.532596
0.515546
0.498406
0.483295
0.502744
0.543568
0.520491
0.448622
0.522451
0.506355
0.516455
0.497667
0.496639
0.547531
0.512023
0.529156
0.448228
0.515731
0.503787
0.484445
0.505182
0.492596
0.512389
0.495786
0.499363
0.513339
0.541574
0.52624
0.525317
0.538042
0.511239
0.48937
0.517113
0.44177
0.502601
0.496832
0.54137
0.50167
0.483604
0.491991
0.514584
0.469141
0.502701
0.517686
0.542888
0.495221
0.50913
0.476275
0.502375
0.427322
0.547804
0.470078
0.518095
0.52541
0.476952
0.520341
0.559859
0.465792
0.496623
0.50286
0.502984
0.420597
0.516186
0.458371
0.512079
0.461113
0.528955
0.465843
0.476027
0.533073
0.472046
0.436804
0.52227
0.482035
0.509617
0.538803
0.558515
0.536977
0.507588
0.526161
0.530013
0.530222
0.507996
0.516115
0.530511
0.481836
0.511078
0.498488
0.475008
0.566604
0.543234
0.467015
0.452449
0.411729
0.508984
0.530432
0.506472
0.473358
0.515033
0.501481
0.492337
0.470079
0.544597
0.501929
0.508164
0.481505
0.500083
0.461743
0.458598
0.590066
0.482272
0.500535
0.509035
0.454143
0.52412
0.509416
0.508529
0.500666
0.497297
0.531366
0.509502
0.495296
0.489606
0.43826
0.482391
0.538321
0.511385
0.46267
0.553348
0.524393
0.439036
0.482563
0.49312
0.514224
0.493793
0.477026
0.545245
0.556371
0.523865
0.481147
0.451664
0.517236
0.468066
0.528162
0.523905
0.5274
0.489069
0.457009
0.537941
0.542425
0.524403
0.493404
0.500854
0.536239
0.443321
0.472572
0.507433
0.535235
0.497654
0.451746
0.484831
0.501211
0.504798
0.460573
0.473394
0.49127
0.500932
0.457545
0.541811
0.442807
0.442613
0.480573
0.474684
0.521712
0.484863
0.509846
0.550659
0.511911
0.513871
0.501085
0.529239
0.504364
0.542448
0.517324
0.5044
0.423659
0.526345
0.507339
0.523147
0.52031
0.499563
0.448858
0.477118
0.516906
0.546789
0.464663
0.515372
0.486207
0.51107
0.489727
0.466486
0.589339
0.494862
0.507492
0.488081
0.5122
0.502565
0.483431
0.471907
0.528199
0.512687
0.564002
0.52261
0.475463
0.497744
0.549136
0.548298
0.506633
0.510032
0.486368
0.501052
0.479365
0.511397
0.484748
0.505481
0.525676
0.565114
0.446649
0.553467
0.508254
0.468025
0.485605
0.453212
0.471849
0.491031
0.488296
0.51072
0.47788
0.516087
0.488805
0.54183
0.490387
0.537816
0.493286
0.52294
0.541431
0.507862
0.503145
0.468529
0.494096
0.520119
0.524881
0.533614
0.531196
0.504947
0.554697
0.459261
0.537824
0.520513
0.516012
0.519288
0.48586
0.519373
0.528002
0.496258
0.42857
0.518424
0.493287
0.474916
0.483416
0.49035
0.472895
0.491181
0.461205
0.454687
0.546625
0.474813
0.509704
0.516633
0.516944
0.493896
0.539832
0.491726
0.554516
0.459245
0.512579
0.504516
0.513528
0.466874
0.564755
0.489359
0.504902
0.506642
0.511701
0.521451
0.465533
0.515211
0.49509
0.506232
0.481688
0.511432
0.513945
0.465288
0.504669
0.502285
0.486986
0.456869
0.476878
0.457508
0.524448
0.47915
0.506417
0.471023
0.467481
0.464361
0.548327
0.507307
0.523269
0.461917
0.510606
0.480804
0.503979
0.478662
0.493132
0.466531
0.497681
0.474353
0.527603
0.479984
0.509351
0.470526
0.456637
0.514477
0.480087
0.480843
0.530136
0.484042
0.502665
0.531063
0.527066
0.470002
0.461557
0.486762
0.490742
0.519358
0.485537
0.506914
0.465785
0.483108
0.520997
0.491472
0.504836
0.432613
0.454108
0.441064
0.453184
0.492158
0.519935
0.466937
0.529409
0.505808
0.456647
0.539267
0.480185
0.536707
0.482938
0.501966
0.507348
0.43692
0.526782
0.522104
0.505377
0.475969
0.543655
0.502081
0.487385
0.486171
0.492345
0.492663
0.497775
0.492902
0.506475
0.495013
0.479663
0.607931
0.549857
0.539846
0.535203
0.503919
0.503823
0.461818
0.506938
0.478241
0.484627
0.527297
0.518302
0.554226
0.489074
0.533619
0.471396
0.507963
0.526479
0.457963
0.530166
0.518783
0.495091
0.483977
0.507103
0.461553
0.531106
0.524266
0.5316
0.548893
0.508391
0.526881
0.498074
0.491462
0.507048
0.533918
0.462001
0.524412
0.508937
0.490371
0.471968
0.48816
0.478292
0.501345
0.495873
0.481585
0.505548
0.505774
0.529412
0.555785
0.542503
0.534746
0.514954
0.506511
0.516946
0.52258
0.478947
0.463417
0.524873
0.528771
0.515977
0.494229
0.498415
0.518929
0.477597
0.491981
0.477602
0.542831
0.514059
0.463427
0.614094
0.497731
0.527069
0.506764
0.504997
0.475024
0.5017
0.516782
0.504893
0.538413
0.51557
0.545573
0.514204
0.471693
0.483426
0.556921
0.532028
0.51428
0.475256
0.542502
0.511554
0.462607
0.496042
0.508008
0.556192
0.485516
0.485302
0.487337
0.514547
0.491766
0.474519
0.552956
0.532344
0.507794
0.490602
0.520577
0.549452
0.523831
0.4835
0.486263
0.490119
0.476526
0.506084
0.484086
0.484535
0.51618
0.544436
0.522475
0.509873
0.436728
0.54666
0.497364
0.528908
0.48659
0.488345
0.490274
0.554349
0.478514
0.492799
0.50945
0.527013
0.506541
0.504193
0.522185
0.535961
0.468213
0.481718
0.536444
0.488719
0.460148
0.462906
0.519921
0.499715
0.495114
0.58421
0.524657
0.545053
0.498716
0.567002
0.505336
0.501747
0.503832
0.497083
0.459386
0.56955
0.410919
0.485851
0.487018
0.513487
0.512304
0.531238
0.489313
0.535233
0.488609
0.476556
0.5125
0.52145
0.455404
0.48536
0.516531
0.517213
0.488244
0.520467
0.496095
0.44265
0.504188
0.485244
0.442188
0.480919
0.457946
0.495308
0.54236
0.515644
0.460763
0.478737
0.49777
0.525948
0.490178
0.472942
0.475179
0.48719
0.468777
0.476312
0.471992
0.495545
0.530055
0.462752
0.552482
0.534544
0.47954
0.477262
0.483327
0.521704
0.489269
0.490648
0.516574
0.483371
0.513769
0.501525
0.528157
0.465896
0.455649
0.513705
0.500103
0.531285
0.498948
0.407126
0.484541
0.485422
0.468338
0.460418
0.507643
0.497018
0.502332
0.483253
0.511622
0.515389
0.458603
0.466589
0.472909
0.505204
0.509556
0.468947
0.484645
0.466315
0.466262
0.506832
0.541591
0.5168
0.498885
0.49743
0.49561
0.507353
0.53174
0.42171
0.479818
0.515122
0.521077
0.466046
0.489548
0.525148
0.503752
0.520493
0.478244
0.46751
0.52488
0.471836
0.536413
0.50831
0.512609
0.489541
0.491759
0.522622
0.478146
0.512732
0.538617
0.497522
0.469142
0.506314
0.504829
0.493343
0.454578
0.504379
0.48417
0.48126
0.499267
0.499004
0.472455
0.465333
0.496099
0.502582
0.415459
0.467153
0.53416
0.461796
0.526761
0.541184
0.48084
0.501376
0.473648
0.488956
0.476063
0.54575
0.549205
0.570214
0.456761
0.506723
0.5087
0.489155
0.449717
0.525309
0.518417
0.483882
0.430897
0.495833
0.505028
0.517191
0.499415
0.450438
0.543662
0.496827
0.514222
0.532112
0.512768
0.473319
0.531684
0.474375
0.493923
0.463536
0.482142
0.455729
0.474681
0.488077
0.543593
0.517021
0.452617
0.510628
0.500617
0.509818
0.508673
0.497397
0.496677
0.503946
0.507931
0.544775
0.447902
0.482294
0.53595
0.483326
0.516501
0.511024
0.488782
0.49624
0.491913
0.513304
0.514789
0.520381
0.487834
0.474691
0.476404
0.53804
0.523225
0.518293
0.509936
0.487529
0.485458
0.517827
0.481564
0.52074
0.513686
0.486706
0.477635
0.445786
0.500599
0.50127
0.497395
0.542863
0.450661
0.526304
0.456274
0.471444
0.522979
0.510944
0.517857
0.476936
0.476902
0.523116
0.482658
0.524928
0.458502
0.460622
0.521828
0.46115
0.476039
0.467005
0.443914
0.52527
0.512555
0.500307
0.462812
0.506653
0.523701
0.512865
0.515011
0.510211
0.528942
0.480243
0.49428
0.510463
0.504254
0.497447
0.501908
0.471932
0.494437
0.470545
0.520627
0.524009
0.493175
0.4718
0.500335
0.488403
0.528966
0.496464
0.473763
0.527298
0.485043
0.479344
0.480185
0.470361
0.511414
0.459266
0.495322
0.488701
0.497154
0.479568
0.485544
0.503918
0.471053
0.482741
0.504503
0.490371
0.548769
0.517348
0.500336
0.488778
0.484598
0.485339
0.521527
0.499281
0.525981
0.477896
0.4796
0.4921
0.51889
0.447927
0.456726
0.503894
0.532204
0.477332
0.546392
0.487969
0.499201
0.517174
0.545256
0.506444
0.464298
0.488875
0.494302
0.502502
0.513161
0.494559
0.517432
0.50086
0.494306
0.514672
0.51561
0.494574
0.510319
0.501004
0.414692
0.476302
0.516825
0.473237
0.505058
0.542169
0.507321
0.427137
0.511182
0.516326
0.522002
0.502528
0.49925
0.504361
0.528714
0.459168
0.460969
0.493672
0.504144
0.50864
0.521675
0.538916
0.493381
0.540405
0.550877
0.510686
0.525971
0.510126
0.523358
0.525515
0.516593
0.478386
0.458952
0.525351
0.488476
0.507946
0.499134
0.494613
0.48769
0.487636
0.538542
0.472961
0.486424
0.471036
0.529547
0.511911
0.533389
0.47805
0.478017
0.463403
0.519465
0.487505
0.458375
0.468464
0.546713
0.538906
0.5061
0.514078
0.548884
0.521457
0.475778
0.476401
0.501546
0.508495
0.492834
0.508436
0.52996
0.495436
0.457076
0.490288
0.512815
0.529382
0.506164
0.530146
0.469968
0.558498
0.457143
0.504094
0.442296
0.599289
0.44415
0.482884
0.491793
0.509907
0.500436
0.533803
0.480041
0.487602
0.532808
0.485746
0.463171
0.548456
0.536642
0.435635
0.521441
0.477508
0.489566
0.524292
0.521563
0.457414
0.491954
0.499904
0.549898
0.523752
0.502355
0.477205
0.464643
0.505099
0.50597
0.50049
0.565138
0.51602
0.564319
0.52859
0.486418
0.53107
0.464214
0.539946
0.517135
0.467951
0.534155
0.475881
0.508972
0.51795
0.476292
0.510223
0.475674
0.481767
0.472068
0.453383
0.549832
0.488876
0.469662
0.509024
0.535526
0.538534
0.511367
0.511441
0.514965
0.460564
0.499032
0.461781
0.427254
0.454044
0.49567
0.501225
0.497392
0.512011
0.531388
0.449257
0.503648
0.500327
0.451742
0.455147
0.441432
0.548812
0.536645
0.460773
0.491777
0.522781
0.517962
0.502903
0.512573
0.473108
0.503913
0.453065
0.480669
0.472935
0.488402
0.483134
0.522962
0.49916
0.543406
0.484754
0.504619
0.546827
0.462545
0.50072
0.532525
0.514539
0.50396
0.526455
0.46212
0.469019
0.50062
0.529692
0.44571
0.486953
0.506187
0.546501
0.500415
0.512226
0.474563
0.451773
0.433852
0.52669
0.541245
0.522297
0.515683
0.512578
0.454606
0.500545
0.463171
0.444693
0.45524
0.527299
0.48884
0.470502
0.541486
0.511237
0.478389
0.506251
0.499252
0.483612
0.476972
0.517232
0.524284
0.526138
0.471971
0.510325
0.494979
0.480221
0.47039
0.496941
0.483887
0.515643
0.448993
0.534491
0.526017
0.526845
0.54531
0.584501
0.462075
0.474913
0.497639
0.595513
0.514757
0.493409
0.512162
0.508868
0.46623
0.506164
0.485314
0.555539
0.49491
0.535153
0.469515
0.482089
0.529678
0.51659
0.500393
0.533923
0.529654
0.473355
0.523637
0.513934
0.537645
0.541892
0.539583
0.51467
0.485412
0.501685
0.523676
0.52216
0.528851
0.505453
0.490921
0.499507
0.48125
0.478182
0.472461
0.49839
0.462714
0.47312
0.51239
0.506582
0.463901
0.492859
0.51294
0.469626
0.492193
0.493627
0.516162
0.474781
0.458415
0.440926
0.440227
0.455377
0.482247
0.524626
0.488467
0.533679
0.394432
0.481648
0.51929
0.500423
0.553923
0.444361
0.525085
0.529108
0.508084
0.492818
0.508252
0.473198
0.454069
0.498951
0.522467
0.534353
0.499516
0.460861
0.527326
0.499797
0.490666
0.47531
0.484474
0.556976
0.45604
0.536562
0.453364
0.503609
0.533798
0.519682
0.544749
0.491261
0.510904
0.506419
0.510047
0.460579
0.502229
0.481812
0.464707
0.566285
0.577697
0.47962
0.513681
0.50009
0.515625
0.464732
0.527155
0.479614
0.470367
0.450645
0.484634
0.501472
0.502385
0.530176
0.485536
0.506624
0.508878
0.537493
0.48439
0.526135
0.513101
0.499622
0.578794
0.49545
0.510477
0.505536
0.508228
0.505329
0.529652
0.480957
0.511871
0.467553
0.4866
0.556998
0.513531
0.483527
0.499911
0.490765
0.551823
0.48392
0.465389
0.516052
0.453713
0.487436
0.49808
0.492242
0.539562
0.486883
0.54985
0.579553
0.507778
0.500625
0.490658
0.43874
0.487227
0.467568
0.471622
0.48339
0.515498
0.513792
0.448024
0.492928
0.541175
0.548963
0.480374
0.48446
0.498219
0.49064
0.491648
0.501582
0.4706
0.484614
0.528838
0.508273
0.475295
0.529391
0.516932
0.496004
0.531778
0.532952
0.483451
0.532181
0.466138
0.519918
0.501667
0.488057
0.477931
0.507233
0.56063
0.534226
0.447905
0.486503
0.480123
0.511834
0.524722
0.51111
0.478676
0.507623
0.478797
0.456222
0.452761
0.500945
0.531377
0.539834
0.515294
0.510857
0.486995
0.512955
0.541568
0.501435
0.48742
0.477071
0.500745
0.473417
0.515215
0.527015
0.511022
0.500322
0.49505
0.517349
0.516618
0.507143
0.510884
0.470412
0.454675
0.569762
0.507129
0.52413
0.480231
0.533204
0.531951
0.517736
0.537367
0.556841
0.5108
0.483507
0.504658
0.534704
0.528317
0.492661
0.523064
0.478987
0.496733
0.553521
0.504371
0.504907
0.508887
0.450085
0.518317
0.535013
0.493989
0.509116
0.506522
0.551092
0.474254
0.473887
0.451353
0.53178
0.48052
0.4827
0.52784
0.444024
0.525004
0.480306
0.496782
0.496489
0.46928
0.510349
0.527153
0.473066
0.545646
0.496958
0.505939
0.484592
0.49997
0.503624
0.523539
0.506899
0.484168
0.487464
0.502841
0.503338
0.446411
0.48702
0.520104
0.499878
0.477218
0.491708
0.445777
0.460933
0.43953
0.531036
0.533374
0.49401
0.48091
0.511727
0.504521
0.501333
0.505984
0.52087
0.478325
0.506552
0.527252
0.443214
0.483164
0.484658
0.502398
0.500743
0.459033
0.493245
0.506207
0.492652
0.468581
0.54323
0.535239
0.523843
0.464944
0.507162
0.493366
0.520077
0.464516
0.513243
0.536303
0.517898
0.502776
0.463188
0.483261
0.467458
0.481293
0.522049
0.48384
0.45637
0.504043
0.478121
0.488294
0.482708
0.461154
0.471072
0.51929
0.475281
0.528207
0.466399
0.513287
0.509316
0.499222
0.474354
0.469655
0.515653
0.431447
0.491456
0.51567
0.471606
0.520084
0.492714
0.435494
0.501584
0.561063
0.522693
0.511284
0.545623
0.530007
0.513539
0.514537
0.473941
0.545498
0.498089
0.475809
0.475639
0.444774
0.466203
0.50093
0.479685
0.509988
0.482422
0.531826
0.506289
0.533144
0.513102
0.500103
0.506814
0.48784
0.531124
0.521488
0.480327
0.505942
0.516324
0.509266
0.524935
0.527323
0.489759
0.554837
0.522013
0.490768
0.469934
0.493521
0.491463
0.494201
0.479123
0.463726
0.506121
0.522334
0.467893
0.527611
0.513439
0.479877
0.525975
0.481377
0.48257
0.508428
0.517595
0.543286
0.534976
0.485171
0.499388
0.517564
0.506687
0.491502
0.509034
0.522293
0.500333
0.469717
0.432725
0.489417
0.515086
0.505878
0.519596
0.485001
0.492611
0.516987
0.501244
0.457852
0.457183
0.510591
0.514467
0.544639
0.518071
0.544944
0.505325
0.499628
0.492324
0.507849
0.472681
0.467164
0.516084
0.492312
0.52932
0.565025
0.502547
0.497118
0.498782
0.506759
0.474701
0.530477
0.536035
0.511154
0.490964
0.464837
0.500111
0.496944
0.501848
0.511015
0.506828
0.430884
0.465771
0.559752
0.499726
0.517325
0.502149
0.508834
0.47734
0.4674
0.499883
0.453881
0.474939
0.535962
0.529373
0.550955
0.498847
0.484382
0.546188
0.479096
0.511482
0.507356
0.494501
0.49091
0.495234
0.501812
0.488436
0.509343
0.523297
0.466076
0.479429
0.508763
0.505602
0.517401
0.507747
0.518469
0.467951
0.525994
0.466283
0.536763
0.522494
0.533652
0.514742
0.443693
0.477674
0.545159
0.492367
0.460617
0.465748
0.450534
0.477303
0.474687
0.54603
0.486288
0.490739
0.436392
0.531972
0.49379
0.543958
0.508289
0.5202
0.492884
0.486401
0.503033
0.489648
0.458868
0.472889
0.478842
0.5489
0.520977
0.458121
0.480519
0.489864
0.510476
0.516566
0.544155
0.495922
0.526499
0.435885
0.483636
0.492658
0.517762
0.542004
0.507088
0.539299
0.458268
0.45396
0.521373
0.499002
0.515124
0.46665
0.552767
0.496093
0.476614
0.4996
0.491949
0.448403
0.448633
0.50989
0.521418
0.502811
0.507618
0.477356
0.463465
0.512129
0.528097
0.550182
0.516831
0.551446
0.482981
0.479032
0.430171
0.432063
0.554733
0.517817
0.490446
0.511141
0.485518
0.469251
0.464375
0.505181
0.484482
0.543299
0.501066
0.485479
0.510274
0.436654
0.493958
0.513654
0.516932
0.48136
0.500191
0.5154
0.491269
0.530719
0.535531
0.540572
0.549877
0.520587
0.502984
0.527737
0.493868
0.524208
0.503205
0.481304
0.519498
0.518685
0.504854
0.479385
0.50277
0.411239
0.472992
0.48047
0.536168
0.513359
0.493672
0.507089
0.535628
0.440983
0.512828
0.484543
0.535882
0.458825
0.497603
0.47286
0.472293
0.456983
0.478225
0.490082
0.507313
0.527941
0.468573
0.485015
0.499681
0.492102
0.533543
0.537576
0.514493
0.519967
0.481352
0.54484
0.452267
0.499093
0.488891
0.480932
0.475121
0.493949
0.538268
0.468883
0.468203
0.486797
0.51265
0.442568
0.504487
0.467727
0.559543
0.516866
0.52106
0.521963
0.519623
0.454147
0.495035
0.452572
0.519255
0.55523
0.507199
0.506695
0.484812
0.492926
0.53154
0.463438
0.466927
0.546294
0.53876
0.461523
0.502811
0.503734
0.481913
0.514853
0.504735
0.503048
0.482284
0.474097
0.492837
0.496578
0.513635
0.552424
0.480347
0.439569
0.472954
0.493514
0.549376
0.449863
0.565809
0.449972
0.485386
0.497059
0.544463
0.450259
0.42846
0.519255
0.526843
0.502288
0.469515
0.495512
0.504511
0.491778
0.539562
0.522148
0.507754
0.553523
0.490151
0.501001
0.505916
0.473675
0.513124
0.517774
0.4411
0.501189
0.527798
0.498598
0.523364
0.546532
0.543706
0.492927
0.525536
0.5258
0.457015
0.480907
0.495774
0.458357
0.50876
0.543318
0.455994
0.496125
0.462997
0.512238
0.454291
0.482652
0.533028
0.440547
0.539486
0.510076
0.503791
0.478388
0.425905
0.512115
0.468569
0.484715
0.50654
0.451213
0.498128
0.492061
0.532694
0.447955
0.470407
0.472641
0.518252
0.450882
0.478893
0.45391
0.476692
0.544841
0.487805
0.501722
0.508967
0.455972
0.462204
0.519195
0.480382
0.541477
0.491164
0.52941
0.454586
0.512295
0.542127
0.500081
0.502815
0.52679
0.464552
0.518309
0.506496
0.493601
0.491014
0.553547
0.501353
0.481759
0.553846
0.486908
0.511125
0.48621
0.445465
0.544929
0.529035
0.526858
0.480511
0.455931
0.455123
0.469266
0.49791
0.497085
0.477574
0.465126
0.470999
0.470317
0.496168
0.510629
0.513829
0.505183
0.485971
0.510866
0.531775
0.48682
0.539397
0.508376
0.474582
0.50712
0.554762
0.483966
0.449961
0.497236
0.509461
0.487939
0.525874
0.519556
0.515884
0.499842
0.499616
0.527259
0.518206
0.564864
0.521841
0.529586
0.558168
0.515014
0.523633
0.480955
0.497978
0.553193
0.544764
0.492025
0.478457
0.508299
0.411262
0.470866
0.570554
0.509474
0.530403
0.512324
0.568353
0.487634
0.481265
0.463738
0.5017
0.522393
0.58896
0.475112
0.506578
0.55252
0.540681
0.481874
0.521346
0.488036
0.491667
0.508358
0.506974
0.472097
0.469237
0.49011
0.469398
0.460769
0.442997
0.483166
0.482118
0.518836
0.509361
0.438416
0.517165
0.519751
0.548498
0.489182
0.452564
0.467865
0.52184
0.530129
0.444415
0.501062
0.558263
0.455644
0.471716
0.49191
0.48709
0.4758
0.502057
0.455469
0.536008
0.498037
0.506313
0.481872
0.472056
0.502675
0.510445
0.481804
0.523788
0.550393
0.422557
0.493016
0.482739
0.519796
0.503311
0.535976
0.512335
0.523195
0.477847
0.526802
0.472342
0.528727
0.467317
0.485601
0.487017
0.516929
0.498156
0.458322
0.485046
0.509912
0.487239
0.490267
0.469428
0.511239
0.521015
0.509376
0.485408
0.554646
0.436771
0.497411
0.504596
0.489722
0.494137
0.547168
0.533389
0.502681
0.504958
0.463834
0.473826
0.480343
0.439662
0.498627
0.535
0.535455
0.508248
0.44283
0.463154
0.481473
0.504017
0.500353
0.508577
0.524939
0.488174
0.516947
0.53744
0.513557
0.493418
0.454188
0.536681
0.488121
0.484662
0.546369
0.500078
0.526399
0.494983
0.508412
0.523624
0.537104
0.504958
0.502929
0.498334
0.532083
0.443477
0.514566
0.468613
0.524837
0.508187
0.499738
0.524303
0.52351
0.483678
0.489897
0.504533
0.486464
0.495532
0.466445
0.481505
0.478563
0.518374
0.475429
0.512337
0.496303
0.536038
0.500124
0.447087
0.469896
0.511978
0.52966
0.471079
0.52045
0.498047
0.491778
0.459667
0.520353
0.479772
0.467883
0.493555
0.525004
0.486249
0.498477
0.522793
0.504003
0.522776
0.537133
0.507586
0.509923
0.484366
0.531113
0.48403
0.472808
0.478241
0.466758
0.49291
0.528497
0.523456
0.527787
0.449673
0.528915
0.545764
0.524613
0.473712
0.532455
0.525845
0.492816
0.505082
0.462566
0.519037
0.518885
0.47677
0.512688
0.49468
0.451367
0.520647
0.495641
0.52321
0.445536
0.535229
0.535607
0.499114
0.539717
0.48337
0.510823
0.487887
0.471378
0.468006
0.475114
0.445106
0.491134
0.484084
0.506387
0.535744
0.492765
0.494805
0.520212
0.511858
0.507391
0.520282
0.476618
0.43677
0.509918
0.496775
0.478226
0.473865
0.495892
0.524586
0.487845
0.468136
0.506869
0.48278
0.463658
0.538599
0.522439
0.498828
0.510114
0.489693
0.507032
0.481302
0.492666
0.519814
0.54961
0.483765
0.50447
0.545081
0.484401
0.497958
0.493166
0.476476
0.50077
0.484418
0.495879
0.548479
0.530372
0.508659
0.490556
0.50732
0.479705
0.521029
0.501763
0.506973
0.506186
0.478377
0.509074
0.481028
0.49588
0.485651
0.476168
0.478546
0.511003
0.435549
0.508771
0.562039
0.455324
0.484359
0.509552
0.495696
0.475596
0.512098
0.568116
0.411974
0.487136
0.475088
0.474201
0.514684
0.531676
0.459085
0.522223
0.506698
0.475623
0.561092
0.485271
0.490397
0.486835
0.517981
0.566704
0.508995
0.478055
0.480037
0.48745
0.486844
0.475117
0.53757
0.507146
0.486876
0.538051
0.498705
0.497247
0.523273
0.483217
0.496471
0.494213
0.507513
0.494586
0.463336
0.470913
0.515913
0.4923
0.471285
0.534373
0.476787
0.496628
0.495589
0.517975
0.505346
0.495451
0.540375
0.486254
0.514475
0.503394
0.45413
0.540403
0.519497
0.510738
0.493261
0.472618
0.515056
0.480232
0.491839
0.547402
0.522252
0.52992
0.505646
0.537964
0.524135
0.470135
0.508655
0.495823
0.517703
0.482756
0.550067
0.501757
0.520507
0.500871
0.51003
0.526208
0.530015
0.516962
0.512164
0.52728
0.463832
0.477744
0.44102
0.47445
0.548921
0.503776
0.522588
0.496111
0.527942
0.541974
0.525997
0.479087
0.490835
0.489154
0.454516
0.538227
0.499772
0.524712
0.573985
0.514216
0.495602
0.520596
0.546808
0.527728
0.423918
0.506667
0.479622
0.538031
0.508862
0.519588
0.532777
0.454193
0.492812
0.463369
0.479746
0.48699
0.470044
0.549676
0.56459
0.519658
0.512533
0.496052
0.535609
0.525606
0.525984
0.510159
0.473294
0.531215
0.494237
0.518164
0.470713
0.471858
0.480168
0.485413
0.464459
0.469243
0.551208
0.497496
0.514271
0.498236
0.497603
0.489839
0.499463
0.501258
0.491545
0.483948
0.500294
0.488403
0.475304
0.508428
0.502381
0.501392
0.486464
0.482905
0.462305
0.459486
0.518419
0.532965
0.512515
0.475495
0.474228
0.474253
0.463673
0.539991
0.561968
0.473843
0.472544
0.461864
0.499706
0.457007
0.563578
0.493342
0.508213
0.487515
0.482295
0.507593
0.47955
0.469575
0.488596
0.487047
0.459648
0.509563
0.528143
0.520551
0.513003
0.515637
0.529909
0.527488
0.527622
0.503393
0.46804
0.516987
0.45833
0.495657
0.516147
0.500338
0.486579
0.454559
0.512157
0.454755
0.504872
0.504013
0.441845
0.506596
0.453928
0.540708
0.499166
0.462168
0.480726
0.471763
0.511533
0.464256
0.505532
0.48715
0.528134
0.532475
0.506054
0.555021
0.529446
0.455598
0.516833
0.528057
0.486047
0.463963
0.492011
0.53897
0.494863
0.530098
0.479588
0.52328
0.500966
0.535684
0.475301
0.557494
0.453066
0.472974
0.494244
0.440802
0.530795
0.47881
0.528359
0.508438
0.461931
0.499346
0.507924
0.494803
0.457681
0.54361
0.445154
0.464494
0.464135
0.484031
0.488052
0.489359
0.498041
0.45205
0.522624
0.509702
0.524997
0.546951
0.551592
0.497762
0.498211
0.516022
0.517725
0.501594
0.475937
0.444182
0.529916
0.51747
0.505719
0.461197
0.54012
0.568944
0.473566
0.50461
0.4993
0.480674
0.526186
0.486504
0.520478
0.515158
0.494395
0.49223
0.52704
0.530494
0.555846
0.489229
0.464406
0.51728
0.465173
0.484053
0.523196
0.532805
0.529704
0.565744
0.522009
0.490625
0.498849
0.453651
0.437959
0.503678
0.545301
0.527861
0.513064
0.509039
0.47616
0.49032
0.494646
0.532457
0.482121
0.484808
0.467832
0.490785
0.522841
0.51387
0.488316
0.520448
0.49661
0.480833
0.583482
0.500046
0.502461
0.525042
0.530017
0.565246
0.532828
0.538428
0.466153
0.554065
0.534891
0.501545
0.516647
0.500681
0.468724
0.517187
0.568632
0.4759
0.520382
0.499725
0.476457
0.502387
0.478033
0.478278
0.483658
0.422809
0.549284
0.48185
0.49016
0.518996
0.497803
0.53455
0.492857
0.550258
0.55738
0.469029
0.48768
0.488968
0.501541
0.516257
0.491292
0.501557
0.466847
0.499753
0.530517
0.463027
0.487994
0.492414
0.497647
0.523116
0.492847
0.494053
0.499741
0.49224
0.515539
0.477772
0.520036
0.515331
0.465734
0.493299
0.469612
0.501708
0.492216
0.52542
0.537424
0.46909
0.498893
0.48561
0.516822
0.539892
0.491372
0.525016
0.506695
0.507911
0.522203
0.516893
0.48536
0.463554
0.512938
0.496636
0.50532
0.545697
0.511121
0.517513
0.487012
0.478334
0.520328
0.520252
0.489675
0.51012
0.481399
0.444577
0.567471
0.454941
0.432963
0.510838
0.498961
0.451633
0.489414
0.529855
0.508087
0.430979
0.494421
0.489094
0.484767
0.488102
0.468137
0.473314
0.493233
0.49839
0.496208
0.477797
0.496246
0.505063
0.488713
0.462289
0.523295
0.506526
0.447164
0.483785
0.490924
0.521608
0.477681
0.476269
0.463295
0.460845
0.488483
0.455552
0.531129
0.521893
0.519802
0.507313
0.437132
0.497235
0.534361
0.506483
0.436047
0.502273
0.476527
0.476091
0.477448
0.441956
0.488276
0.553698
0.479402
0.484056
0.520083
0.433547
0.491126
0.497215
0.48488
0.492539
0.522763
0.531896
0.473183
0.518191
0.510404
0.45236
0.507532
0.486664
0.504474
0.497793
0.564364
0.509014
0.53962
0.510703
0.511439
0.51378
0.474209
0.460729
0.468949
0.464027
0.477579
0.481963
0.502436
0.446993
0.483153
0.491931
0.515635
0.504427
0.525549
0.470343
0.491384
0.461787
0.46981
0.465749
0.558703
0.514385
0.490875
0.498219
0.494192
0.498627
0.501428
0.466169
0.505854
0.486464
0.476226
0.575469
0.487472
0.521183
0.471062
0.468945
0.501675
0.542657
0.47446
0.464413
0.469807
0.440187
0.560248
0.499358
0.526723
0.441052
0.539119
0.510389
0.488654
0.552906
0.527314
0.525598
0.472237
0.468125
0.490548
0.517944
0.502867
0.498251
0.551307
0.497778
0.500474
0.486649
0.477635
0.47266
0.490851
0.487497
0.541549
0.562561
0.480675
0.419241
0.485184
0.4486
0.484327
0.47064
0.49282
0.523425
0.480647
0.447522
0.496901
0.511376
0.457741
0.538376
0.556163
0.506542
0.503977
0.49691
0.48402
0.536847
0.443283
0.519697
0.535311
0.532289
0.452872
0.477032
0.499542
0.495443
0.531537
0.555127
0.488749
0.502382
0.496614
0.527769
0.478103
0.482107
0.507758
0.555567
0.557388
0.492635
0.495653
0.490914
0.491468
0.471867
0.513769
0.516778
0.447876
