-0.031333
5.10762
1.15023
-8.6208
0.0410616
1.38607
0.274358
0.816814
1.05157
-0.0181828
0.230517
2.7226
-2.09129
-1.12387
1.01369
0.484331
-3.93864
0.269412
-0.229677
-4.25497
-7.87092
2.23104
0.136253
0.0606779
-0.260849
-3.05292
-0.32696
0.428908
-1.64991
-0.272635
-13.8068
3.1694
-5.66089
-2.59892
0.672178
2.17149
-1.04135
-8.00025
1.11206
-0.490768
0.105754
-0.126112
-0.35843
1.41866
-0.422122
0.697094
0.381606
-0.756562
-2.89391
-1.85472
-0.0956681
-0.994952
0.750108
-0.907482
-1.47938
-3.57116
0.954922
0.0786993
-0.55351
9.58821
-0.344964
-9.36389
6.12285
0.123588
7.21324
0.470377
2.47379
-2.68586
-2.63421
-0.243597
-0.120544
-1.19523
-0.86795
0.511261
-1.13464
0.406279
-0.886887
-2.86868
0.0220875
-0.378584
1.02344
-0.677364
0.945899
-0.436901
2.39589
-1.24799
-3.7614
4.84027
0.293112
3.04062
-0.491879
-5.32658
-1.1199
0.397891
0.0102007
-0.532362
9.67537
3.60528
-0.224694
3.27318
1.14441
0.271475
1.38514
0.321872
-12.8078
6.10093
10.6386
-11.1827
0.794982
0.0539976
4.13798
-0.0686677
5.00044
0.542879
-0.711862
-0.161358
2.14023
-3.5896
0.351732
-1.14583
-2.91021
-1.16564
3.15031
1.04572
-1.37831
-0.726664
-1.99745
1.64909
5.44011
0.0437035
-1.66035
0.271148
0.26534
0.11664
-1.76704
-4.69515
0.367161
1.5131
-1.36096
-1.50945
0.294825
-0.267229
-1.44618
0.421049
0.125582
-30.6013
-12.4008
-0.00426886
-0.233024
0.657104
2.4116
-1.73379
-8.41143
767.483
0.366765
1.3722
-0.592763
3.36256
-0.29491
-0.276473
-0.134371
-9.58198
-0.10163
0.573399
-0.42388
2.68579
0.634319
-0.172897
-2.45892
23.9138
-0.66615
2.03637
1.83348
0.751682
2.86643
4.08601
-4.40416
5.29843
0.322836
-0.211673
-0.57551
1.42299
-0.354485
4.91039
1.2561
-1.624
-1.66156
-3.5764
32.7317
0.858095
-1.69963
6.69677
55.647
1.46457
-1.18757
0.648098
4.66984
-0.617985
3.26639
0.120088
0.217048
-0.332017
-2.94517
-0.783049
1.39576
0.148543
-0.1418
1.59375
-2.68778
0.172786
3.56285
0.556766
-0.52906
-1.12841
-18.177
3.95217
0.472273
-0.840097
-0.470159
1.14054
0.579179
-0.24067
-2.91845
2.32221
0.624128
7.92126
-114.961
-0.562956
1.63781
-0.137522
4.41657
-1.05087
0.0470721
1.83134
-0.285416
-6.69351
-0.463276
-0.0444031
-2.75288
-0.114884
0.240379
-4.33261
-0.186347
0.390536
2.00998
-0.16881
1.69592
-0.169373
-1.17206
-1.8238
0.660471
1.14167
1.87596
0.788311
-0.454693
-2.56812
0.660034
-0.966465
-5.12741
-1.35189
-0.463471
0.576825
-0.640032
0.109864
-0.108323
0.337643
-7.04091
-0.557962
-0.613336
-0.239356
0.60091
-0.321821
0.00899153
0.847042
-0.141782
-6.97114
1.66802
0.140208
0.117707
1.30371
-1.65627
0.583764
-133.874
-0.400194
-0.54706
-7.91491
-13.0093
0.30225
1.92098
-2.49156
-0.10667
0.370911
-0.255022
0.116829
3.76397
0.726102
2.99565
7.16567
-17.2557
-0.728594
-0.0112886
-6.59797
2.48357
-1.50582
8.3054
6.11194
0.708505
3.64262
-0.040825
8.10775
-0.237673
-8.56465
0.363865
-6.83619
0.534596
-5.08014
1.18214
-1.7021
0.904312
-8.79013
-1.87152
7.25596
2.0592
2.63913
1.32122
2.81063
0.293663
2.55111
7.64919
0.326907
5.41018
-1.23924
-5.47777
0.0706419
0.330921
2.2342
-0.599199
0.703935
-0.485707
1.32636
-1.11525
-1.33552
-1.32984
0.609999
2.60461
0.66097
0.405062
0.721774
-0.403847
1.03009
2.68174
-1.63588
1.73918
-0.0253273
-0.711626
1.97996
0.160385
-0.370314
-1.58405
0.737131
1.60556
5.0513
0.207841
4.99193
1.14207
1.97739
-1.23816
-0.853929
-0.0235379
-4.2442
-0.686087
1.13833
5.84183
0.377183
-1.82532
-0.0294412
0.449892
174.393
0.384792
-0.206477
0.998922
-0.367558
-0.728563
-0.399682
3.65531
1.03645
-1.59839
33.4977
-3.16041
2.29929
-0.150051
0.159764
-1.26602
9.38536
2.8819
-12.5985
-1.14936
-0.338649
-2.59596
0.159113
1.49042
0.510151
0.996319
0.0603727
7.79124
-0.812865
1.60933
-1.13038
0.0721617
-0.986878
6.55669
-0.251793
0.0549454
1.14033
7.22534
2.64989
1.1549
-0.849907
0.0599752
0.602837
0.101449
-0.294787
0.21113
-0.962851
1.44057
-3.27893
-2.91259
-0.793605
0.156267
0.00762046
-0.767619
-0.782433
-0.324315
-0.919556
-0.89641
-1.16506
1.5258
0.264089
-28.9095
-2.13764
-0.362542
2.28044
0.622564
0.926174
0.971764
0.525612
0.601827
0.298986
0.98182
-1.05235
-0.134687
-5.9466
0.792193
0.910684
-1.13583
1.76862
0.421428
-0.76856
-7.5031
0.461259
-3.54215
27.5205
-0.913738
0.775244
-1.71851
-6.20053
-0.968733
-1.33618
6.44543
-0.305536
1.66073
-1.53981
0.56545
-0.571271
-0.578271
1.16357
-0.527761
1.13197
1.16097
2.32366
16.0774
0.391541
0.348785
6.23128
0.0111096
0.107386
0.505564
0.104116
-3.89926
0.992618
0.46968
14.9946
1.07873
-0.50384
-1.76102
-33.4059
-2.27585
0.463289
0.245608
-0.219587
0.644655
0.190146
-0.439345
-1.77099
-1.70422
20.423
-4.12873
0.189647
-0.621591
2.05768
-0.682203
1.34041
0.373278
1.4916
4.37847
-1.46406
-2.99744
1.55475
1.51402
-0.591923
0.00824865
22.3702
0.325755
0.677348
-0.782337
-0.794308
-1.78989
0.274963
-0.142203
-4.82131
0.460757
-22.2584
-2.21927
0.526354
-27.8492
2.67489
-1.28508
125.588
-0.583376
0.690449
3.27949
0.594506
0.969307
-1.5677
-0.696807
-16.7245
-1.18886
6.71946
0.194077
-0.183444
8.14832
-66.9406
5.38514
-6.71716
0.550942
-1.7522
-0.199109
-1.21101
27.6146
-0.425339
0.303022
-6.30556
-0.777649
0.0329661
173.768
-0.797739
-0.679023
9.97694
-0.029347
1.93194
-0.34413
-4.94695
0.261587
0.477864
-0.057689
-0.111234
0.0762574
-0.310298
-1.43474
0.632564
3.38469
14.1373
-0.188829
-0.0464551
17.4247
10.5053
-1.94072
0.291141
0.37088
-1.54937
-0.393588
1.11213
23.9848
0.951
-1.17264
-123.108
1.45488
3.53761
-0.117364
-4.03327
-0.460301
1.54108
-1.47306
0.0645651
0.354663
0.677631
-0.76396
0.15438
0.511371
-141.51
2.39623
1.53901
5.10993
0.878662
-0.442446
1.18849
-2.47929
4.84825
-3.60538
0.375123
-1.27361
2.71286
-0.788951
1.20334
0.249805
-20.798
0.884377
-1.07769
1.064
-1.89468
0.224314
0.592333
-1.97086
-0.477264
0.374019
39.2396
-0.503438
0.285304
-0.818367
1.06582
-2.20209
-11.2695
0.772563
1.03402
0.384255
1.35445
3.49939
3.6111
0.428518
-0.682764
1.51206
1.75467
-2.26928
-9.81959
1.14648
7.63685
2.66361
-0.197335
-0.454314
1.49489
1.06137
1.98852
0.914504
-0.188429
6.10326
0.205568
0.390518
-6.23484
-0.532083
-0.376768
-0.357514
1.90441
3.34048
0.806929
-0.0559655
0.482116
6.35643
1.29648
-1.25692
-0.310029
0.0166289
-0.0529746
-1.25213
1.29501
-2.49832
1.6339
-6.71839
1.31838
-4.12673
0.624341
-0.0317487
-0.328189
-0.897769
1.73344
4.41738
-1.58819
0.00174914
-0.534322
1.25896
5.7278
8.14106
1.80676
-147.978
0.94806
0.517776
-0.0329283
1.01308
-4.84768
-90.6387
1.60719
0.500839
22.1402
3.75209
1.04894
-0.32808
-17.3916
0.0677551
0.821876
2.53752
-0.125959
4.38464
-1.70593
-2.65377
4.63628
-2.63924
0.33962
-1.10243
0.197657
-3.27459
0.702503
-1.30124
11.3128
0.848067
-0.253299
-46.8127
1.29015
0.0517755
-1.21708
-32.68
-0.99254
1.03067
-154.701
1.29615
-6.54208
-0.290478
0.855463
-0.110607
-2.63102
-47.5604
-1.41721
-4.54879
-0.0976932
0.47073
8.95331
7.25734
-1.04439
1.21394
-0.031859
-0.334845
-0.869892
-1.0279
0.0575342
-5.44007
-0.78383
-0.00729609
-0.251286
-0.0808854
10.0081
-0.131449
-2.68023
4.03388
0.349738
0.473829
0.825282
-46.1368
-1.63662
3.40857
-0.673133
28.1145
-2.30013
0.00581434
0.0506024
-2.4981
0.390995
-29.4327
0.21812
0.0295633
-0.765202
-3.23954
1.84937
0.122753
-2.57642
-3.02706
-1.6663
1.11396
1.28182
-1.75353
-0.0694611
-52.9134
2.14039
0.214789
0.872575
0.305201
11.0329
-0.286245
2.75134
3.63724
-2.43091
-0.583219
4.49344
-0.325402
-0.645198
-1.20023
-0.359036
-0.0822836
-0.219285
-8.75532
-0.774523
1.26531
-0.36656
0.253395
0.735905
-0.0530857
-6.45111
16.1995
0.3518
6.61512
-2.15522
0.937182
4.02744
-1.35687
-0.24366
-0.714747
1.49838
0.64859
2.48172
5.68431
5.22308
-1.69824
0.0335453
-0.247903
-0.124733
-11.2643
-0.409949
2.79323
-0.812217
0.684296
0.743885
0.155852
4.14739
-2.97337
-3.68495
-0.488025
0.0883368
2.51309
-1.32833
-3.75258
1.77404
5.37371
-0.747768
-1.14403
-2.20502
-6.55896
-0.306729
10.4492
-34.8484
-0.749093
2.03869
0.225087
0.406538
1.11723
0.853227
0.0176761
-0.69295
-5.90398
0.480972
4.75148
1.4521
0.166353
-1.39498
3.2377
-6.24071
2.6104
6.66483
0.0403412
1.00952
0.12198
-1.42077
0.851038
0.172901
-2.92802
0.839214
0.415337
-0.670966
-1.79903
-0.0960472
1.39282
0.190409
0.358194
23.103
-0.605768
-0.63951
-1.21436
-0.0239284
1.36953
0.0251382
-2.77101
-0.837651
-4.00285
-5.06968
-0.631957
-0.560339
0.878439
0.00816878
0.0583447
-0.400515
-6.9204
-0.347499
-0.00466957
35.7613
-1.12644
-0.880286
1.88339
-1.65817
1.89571
0.964663
-0.96104
1.80637
0.207108
2.15834
-1.30099
0.830849
-0.477081
-4.43538
7.69421
-0.829324
0.73297
2.56659
-73.0507
-0.843595
-0.376533
0.818403
-0.459518
-17.8338
9.40061
-0.861833
0.671568
-0.599641
0.181978
0.463043
0.159768
-0.067833
1.37025
-2.22065
-0.266141
-137.532
-0.625023
-0.700751
-9.39661
-0.932924
0.830725
0.163117
-0.851768
1.31228
1.01434
0.219249
4.07843
0.174723
0.00821
-228.292
0.929903
-2.24103
-1.23009
-0.6474
3.70372
2.72741
-2.39683
-0.0299267
-0.870219
0.187628
-36.8925
-0.0781061
-0.357638
-4.28519
-0.195683
-0.86689
-0.753819
-0.533845
-0.557985
0.875266
1.39818
0.632606
-2.09144
0.753254
-4.17018
-1.86968
-0.768994
1.17233
1.99323
-0.279403
-2.02708
-4.26093
0.357359
0.559108
-3.73696
3.43247
-4.41645
-3.89985
0.0110693
-0.0576454
-7.2219
2.80505
0.531626
-0.132932
4.21155
-0.473813
2.69107
25.8086
-0.130212
2.4846
-1.73598
-0.208745
-5.31063
2.04051
0.623559
5.6215
0.419718
-0.21142
3.70676
0.509988
21.3711
-0.221913
0.0651649
-0.283677
-0.865664
1.71917
1.49973
-0.187713
0.793905
4.51639
-0.746472
-1.03781
0.137452
-1.59527
-6.2337
0.480094
-0.384575
0.472848
-0.319378
-137.536
-0.513449
-1.22776
1.18803
-5.49678
-1.24957
0.152521
-1.04838
2.48391
0.538697
1.5402
0.343931
4.79055
-0.681144
-4.29729
-20.8438
1.33323
2.9102
-0.847792
-0.530095
-2.79762
0.301546
-38.1048
0.308958
-3.02849
2.7627
-3.23736
-3.70337
1.08327
-0.0289272
1.79798
-0.696098
-0.24666
-0.38236
4.44734
-0.25816
0.96248
1.35192
0.0154083
-1.3429
0.309616
-0.357655
1.05839
0.191056
0.312959
1.04646
-2.27067
1.48503
-1.28643
-0.898984
2.7422
0.942861
5.4709
3.21278
1.98239
-15.4803
-0.337429
-0.19288
0.679497
-0.61832
-0.375805
1.33917
0.529717
0.85507
0.936993
-0.327007
6.01414
-1.6291
2.62053
-0.218507
-6.87473
0.656941
-0.165727
1.1273
-0.719148
-0.0330836
1.28972
2.38158
0.137512
-13.2064
0.376279
1.01281
-1.06524
-0.918331
0.21334
0.800557
-0.233268
-0.0855962
1.08658
1.26171
-1.01673
0.800198
0.0472934
-3.30321
2.77652
-3.38911
-0.495265
0.510211
0.331752
-0.706618
1.78422
-1.07584
-6.35273
0.713632
0.241198
-1.7334
1.03689
-0.921654
-0.593934
0.761003
-2.54905
0.352534
0.673235
-1.28838
0.803364
-1.09274
1.52189
-0.688663
0.763085
0.465633
-4.7767
-1.15225
-0.650774
0.965518
0.666739
-0.556512
-2.97779
-0.104492
1.75461
0.722019
1.12593
-5.75734
-0.0572105
0.813226
-0.198163
-2.96306
0.293455
-0.209441
3.05895
-0.0855459
-0.201095
2.54937
-1.39907
7.20307
4.10102
-0.522324
-1.13421
-0.1813
-1.42208
-5.2102
0.425529
-1.53337
5.06171
-0.140566
-3.89305
-0.198663
0.684591
0.0398034
0.326054
-1.22005
-0.548466
-3.9955
2.65885
-10.5672
0.396069
-1.2336
0.760305
0.606876
0.509025
2.04867
-0.547057
-0.586213
-0.804619
-10.0693
-19.2518
-0.0682405
2.38407
0.306275
0.275881
0.0951326
1.05174
0.369185
-0.122161
-0.342085
0.345481
-2.72563
-0.135121
1.60643
2.95676
-0.154926
-0.941453
-15.004
-1.75008
-0.966553
0.666185
1.15139
-0.765307
0.628727
-0.578989
-15.3416
0.642481
-0.915059
-1.55014
-0.315364
-0.514682
154.617
-1.78332
-0.671322
2.22371
1.22669
-12.1425
2.07784
-0.119194
-1.05902
-7.62471
-0.363534
0.284965
-0.39402
4.99287
2.29266
0.643301
0.294401
-0.351086
1.64989
-0.393777
0.237142
2.05503
-1.42792
0.352406
-0.663604
0.492613
1.84673
2.50713
0.508511
0.287176
0.162434
1.7506
2.59335
-0.320048
5.72776
1.73978
0.981598
1.68615
-1.06182
2.41967
-0.353921
2.48002
0.404567
-29.0522
0.954799
-1.68425
-0.625776
-2.1054
1.11133
-0.571851
0.0585019
-2.77562
0.482969
-1.26004
-76.6247
5.62078
-2.03531
-3.98205
0.327477
-0.281035
2.17073
-0.0108796
0.416796
-0.485854
-1.91207
-1.14023
-1.0605
2.68984
0.998271
-0.513255
-0.0797181
0.726242
0.802768
2.54208
-2.14423
-5.71466
-0.270935
3.18961
-5.11458
0.191171
-0.489926
-0.474137
1.86348
-1.61869
1.81978
-0.235417
-1.1835
3.48134
-0.864628
2.02666
1.33052
10.6216
0.132001
0.0361409
-0.651191
-3.26002
3.94267
-0.0571987
-0.297364
-0.262749
-2.73451
0.668341
-18.5096
3.19153
15.3212
-2.51359e-05
10.4408
-0.506456
-0.770523
0.44719
-0.870046
0.0936072
1.05763
0.0956248
9.68527
1.81003
0.418976
0.582015
-4.80612
-0.103721
-1.29581
-0.375192
1.03647
-0.680313
0.45114
-2.20264
0.19431
5.87065
-0.537819
0.701828
0.385735
-0.0970557
0.734805
-0.882994
-0.337438
1.70238
2.43373
-0.233266
-2.22323
0.0780258
3.95677
4.72861
-0.692794
1.87321
-1.71884
0.287167
-2.49646
-0.0705512
-3.36916
-0.356976
3.07227
0.4712
-0.0372958
-0.138118
-1.03239
-0.388643
-0.919551
-1.37677
-15.1323
-0.176932
0.322566
0.0638235
0.355821
0.557919
0.127823
0.541702
-0.0412781
-1.56848
-0.688344
2.43693
-1.52333
0.620915
-0.0844994
-0.684976
-0.272915
-1.49742
-0.981184
-0.581135
-4.18694
-1.08295
17.5619
0.428499
-4.65887
-0.356677
-35.7374
-0.244619
4.28735
24.2696
-1.57962
1.56062
-23.1633
0.602903
-0.200686
-2.08285
-1.1351
0.0963466
0.407468
-3.23871
-7.17976
66.2757
-2.64516
10.1343
-0.572389
-0.822482
-0.845667
-6.36244
-0.00727738
-3.00844
0.421349
4.53293
9.16765
-4.54771
2.37854
0.100545
0.289154
-0.343046
4.74625
0.308319
11.1139
-0.11612
-0.377829
0.468095
0.262775
5.92188
-6.31454
0.625767
0.518184
-0.544071
0.935165
-1.40581
4.62759
-1.03438
-0.632178
-0.136558
-0.117786
0.975294
-0.941769
1.22737
-1.76577
-3.01516
1.4963
1.45551
0.253243
-20.3756
-2.10801
0.183403
-1.7594
0.134557
3.13719
-25.6148
-1.54492
1.04744
-0.836615
0.0131057
5.8061
0.0615127
-1.13987
0.957019
0.0837931
-0.302955
-4.69727
-2.50009
0.195783
1.37426
-4.37275
-3.54015
5.23694
0.0646045
-0.0128962
-0.800233
-0.00839134
-1.05117
-1.98985
1.57143
-0.0263687
-6.21674
-1.4906
-1.76805
-0.455892
-6.26779
29.9308
-6.26342
0.193998
0.689328
0.0911462
-0.787856
0.464034
-0.499652
-0.84726
3.60585
423.638
-5.5918
1.81675
-0.259582
-7.53283
12.2922
0.0653605
-1.20412
-1.49946
-0.431913
5.7839
-74.1384
1.69783
1.07563
-1.34246
19.5121
44.7883
-10.95
-2.96101
0.132104
-30.7431
-0.768272
-0.109364
-2.09511
-6.40073
-0.807278
0.559402
0.0866411
-0.734609
0.318071
-0.764633
-1.36327
-0.294562
-1.98415
2.07411
3.55045
-0.735316
-4.94204
-3.2909
-2.07356
33.2763
2.09139
-0.192258
-12.1796
-0.612364
122.001
-19.5854
-0.797302
-1.17145
-1.04127
0.46745
-1.35522
-2.22188
-0.75188
0.521987
-0.8342
-0.14418
-2.96495
-0.284547
-0.597829
0.221236
-1.10008
-0.049972
1.26616
-19.083
1.34952
-1.95873
0.470306
2.04209
-1.09531
-3.23451
-0.237722
-0.70392
-6.33427
-0.932741
-1.37966
-0.307827
1.90227
3.34911
-0.580217
-0.0242634
-0.687721
0.744569
4.02612
-2.35478
0.177902
0.912753
-14.1952
0.154285
16.8632
-0.805363
1.16865
-2.97623
-0.377853
0.0948009
-32.5514
-0.875882
-0.541261
1.25559
-4.65166
0.00912431
-1.19225
1.65212
-1.36765
-5.43001
171.422
-0.331792
0.387271
0.498717
5.74671
0.452021
2.64047
-0.395291
-0.624194
0.69007
1.01587
28.8487
-0.892233
-1.60808
-1.46982
-0.642321
2.73478
0.240379
0.442846
-1.13951
0.590767
-2.64711
-0.16053
-0.42406
8.40482
0.014166
4.23106
3.54107
0.561269
-1.26014
0.0100996
-3.29551
-0.216797
-0.24514
-0.622604
0.876808
-1.32756
-0.0664399
0.349679
0.196409
0.272572
-0.795188
2.47752
-0.169158
0.0110865
0.441605
-0.657358
0.319408
-1.03553
-7.40345
-1.12981
0.862204
-1.7017
-0.714043
-1.31908
20.0566
0.56538
-0.0418287
-0.0556202
-0.310433
-0.0968825
0.233808
2.69574
1.40583
-1.54488
-0.503776
-0.634413
-4.32694
2.42368
2.27693
-0.0861438
0.0670639
0.951695
-1.35192
0.0383762
-7.07529
0.815914
-5.35311
6.72974
1.33338
-0.100497
-0.0773104
1.65022
0.578206
-0.233374
-0.682973
-2.53733
0.51556
0.891126
1.96692
-1.70417
0.304902
1.49032
-0.455332
-0.434022
0.425138
2.70764
-0.0464432
1.49362
-0.814591
1.54078
-0.103099
12.2871
-0.168766
3.06234
0.100733
0.133613
0.409745
0.100813
8.8942
0.127331
4.61547
-0.0322034
0.319808
7.15532
-0.0411828
0.024512
6.88978
-1.2853
-0.912599
0.411643
-0.895127
-4.56097
0.331736
-4.79229
0.640412
-1.70587
1.42275
-2.51723
-0.999851
0.536562
0.448943
0.70167
10.9563
-7.5562
2.60024
-0.187504
-1.07525
1.14138
0.702663
1.20545
1.18924
55.9705
3.09324
-0.109105
0.320993
-1.13654
-2.14015
-0.479494
0.332076
0.642606
-1.08191
0.921359
-1.79841
0.455079
0.537567
4.44492
-0.955213
0.951542
0.171547
0.726201
3.03803
0.183651
-2.39701
-0.986815
-1.45466
1.43784
-0.55378
-2.96686
0.114194
-0.306518
0.96094
0.326545
-0.963322
-0.142674
-0.114681
-1.59386
-2.98392
14.029
0.407749
0.489459
-0.346421
-0.352636
2.70086
0.927318
-0.2925
1.93018
0.140817
2.22532
1.16228
-0.551379
-3.40832
-0.270263
1.25724
1.67208
-0.477153
0.856776
4.38021
1.43915
0.289705
-0.995655
0.18158
-1.06777
-14.1976
-0.709156
-0.95041
-0.313241
1.17964
9.49361
0.992745
24.6925
1.41387
-1.07365
1.47179
0.386695
-1.3895
0.501723
-0.365284
-0.145143
0.69092
0.350025
0.111828
-2.37293
-7.16475
0.0367619
0.765431
-0.655023
0.107228
-0.891591
-1.72687
0.647782
28.3638
-0.818126
0.115599
-3.23101
0.151868
-2.67654
0.0125278
0.820276
1.03489
-0.295635
0.776261
0.514493
-0.27543
0.889673
-0.877941
1.11008
-3.61494
-0.100229
-40.7759
0.0858899
0.0209809
0.00226256
-2.67958
-0.40123
-0.693273
0.393516
-0.641586
0.187676
-2.02301
-0.499306
-0.923272
-0.16749
-2.88393
-0.601992
-0.461002
0.353358
-6.99238
-0.954904
0.819849
0.223633
4.34324
-1.50274
-0.652729
-0.403034
0.298593
-1.60515
1.85708
-7.90444
1.12031
-1.37
3.79046
0.573677
-1.10338
1.77753
-0.38981
0.63672
0.516696
1.43551
0.650183
0.564736
0.988352
-1.50517
-0.118353
-0.707378
-0.349329
-1.83845
1.9389
0.0472991
5.42514
-0.987388
-0.665482
35.8251
3.1104
-2.80044
-0.0515396
1.67599
-0.223728
4.37412
0.586388
-1.00244
-0.48519
-1.57108
-0.818989
0.707258
5.99731
0.146403
-0.943113
1.53697
-0.0635796
0.0793748
1.18641
-1.06083
-1.09208
1.45143
2.92691
-0.26979
2.26833
-5.92091
4.13319
-3.56516
-0.828425
-0.484258
7.99785
-0.0404354
-44.3383
0.105903
1.98113
-0.0983423
0.648826
3.03328
0.0226298
-2.65611
-2.15172
0.633224
0.153105
0.57869
0.100253
0.252641
3.31753
-0.317909
-0.231817
0.428294
-16.2031
0.973655
-0.825427
-2.99251
6.5639
2.11066
0.296097
0.842403
1.10342
-0.41285
-1.05841
-12.575
-0.899642
1.73287
-2.31539
0.429572
0.148757
2.03794
0.140615
0.05359
0.0196779
0.0882233
11.0726
-3.14997
1.43908
0.0755839
-0.0209488
-4.03965
0.858445
0.499068
-0.275893
0.939233
2.91044
-0.269457
3.01029
2.24374
-11.2305
-1.01891
-0.155673
-0.57972
0.227181
-1.22424
0.242956
-1.69603
-1.00504
-1.78706
-3.63159
-0.165921
-0.539422
-0.0551024
13.283
0.671698
0.630652
-1.2622
3.49174
-4.29221
-2.37364
-0.202615
-6.02753
1.32845
1.3729
0.44961
-0.563918
-1.0247
-1.56542
0.790989
0.262622
-3.1092
-0.313942
-0.964668
-4.43823
-0.296313
0.819881
1.15616
-0.95301
-1.27535
-1.03686
0.285177
2.00521
-6.97525
-0.19536
5.57429
0.0725546
214.408
-3.29649
0.365424
0.313132
0.516694
-1.61448
-0.778026
-2.16242
-7.55385
1.86135
-0.37574
0.6792
0.813196
-0.472475
0.104807
-10.6913
-0.772765
1.68924
-1.99918
-0.00275291
0.181093
-0.605835
-8.39681
0.030518
-1.37083
3.41947
0.76633
0.259047
-1.31867
0.0321332
0.91893
17.1885
-1.70598
0.955145
-0.103181
-2.84514
0.529393
5.1413
-1.27377
-1.4272
0.803204
-1.78839
-6.60783
2.48352
-4.37777
0.22139
0.273929
-0.234018
0.292215
-3.07087
-0.589599
2.22064
0.884557
0.991751
-0.60278
-0.148802
0.165272
12.8454
-2.02451
-5.39496
1.03652
-0.580906
-0.3472
1.80313
-0.920456
5.12862
-0.344696
-0.525706
-1.54013
-1.401
1.49384
1.40736
-0.887041
1.8161
-0.988281
0.488922
0.114006
-0.0633491
4.42186
-2.34564
1.28777
-0.887699
13.3773
0.637603
-0.738235
-0.409376
-0.753873
-0.105403
-1.84914
4.85056
0.073753
0.0680368
1.79015
-1.21916
0.494719
0.348867
0.553569
2.33137
2.13847
-13.1872
-2.29322
-4.17587
-1.67133
0.583203
0.922163
-0.365363
5.69632
-7.98038
-0.914474
-0.327246
-1.11314
-0.177636
3.09575
5.51399
0.366651
-3.74615
0.125542
-2.12625
10.5118
1.07896
1.0103
-0.451717
-0.569245
-3.61785
-5.28059
4.08928
0.318301
0.172728
-1.8637
-4.18807
-0.0124376
1.16973
0.815445
5.52178
-5.17239
-1.75488
0.925019
1.53731
0.693347
-6.22102
-2.93798
-0.950094
3.62951
-3.01388
2.36223
0.71876
-1.94038
-14.9383
-1.34374
3.03641
0.84696
-0.824832
-0.343664
0.714243
0.992857
0.137441
-2.27554
3.17663
0.360048
-0.732533
0.17135
14.3264
-97.5861
3.35276
-0.599168
0.162982
-0.393199
1.80162
-0.197296
4.39515
17.5499
-8.25892
-0.832393
-0.00650295
-10.5764
1.77741
0.838761
-3.96831
-2.84926
-0.662445
6.33584
-1.2834
1.13025
0.191467
-5.62906
-0.439138
0.489507
-0.221197
-5.96901
-1.92891
4.37558
-1.25062
-3.53742
1.85533
2.30998
0.789236
0.974839
8.99334
-13.6991
3.59118
-0.731328
0.581572
0.773774
0.128589
-0.0933065
-2.44206
-0.0341604
-2.09311
3.3392
1.34136
-0.0614664
-0.681571
-4.35638
0.978335
-0.510808
-3.09399
0.276242
1.51567
0.0579539
-0.659129
0.199281
-5207.04
-1.73715
-0.864119
-0.0624621
1.13878
0.138024
101.544
-0.514179
-2.01872
-2.1313
-0.858951
-0.0383207
4.17916
-0.511215
1.08506
-0.669928
-2.24417
1.19498
-310.958
-5.04082
2.84826
-1.75554
-1.31199
4.1361
20.0922
-4.2803
-0.383897
-0.356837
1.23483
-0.684351
4.61983
13.8169
-2.6544
-1.08342
1.03924
0.398947
-0.51767
1.02559
1.39557
1.01537
-7.40325
-1.53772
-1.04248
-0.412667
3.94803
-0.165053
-1.58858
-2.02571
1.16307
0.554083
0.785418
-17.5842
1.48381
-3.24677
-4.05064
1.07665
0.500532
0.0619104
-0.81383
-0.328878
-1.08101
0.82618
3.22261
0.449251
0.0162298
2.22641
-3.63393
0.0749297
1.34649
0.14453
1.22606
0.611441
-0.586181
-3.08444
1.74371
1.83882
-0.784556
-2.03371
2.82529
-3.82663
-2.31576
-1.79875
4.61151
0.889165
-0.208588
1.67359
0.61467
-0.855261
-0.281735
0.219219
0.595394
-8.94578
0.0611423
-0.3391
1.69377
-0.387074
1.57768
1.65083
0.917631
-0.722126
0.140258
-0.459523
0.0932424
-3.84837
-1.63368
10.2582
0.130777
0.0597658
-0.718912
-26.9592
0.153367
0.55304
-0.860599
-0.268367
-0.846145
-0.0881766
0.231544
0.74792
2.25416
1.0532
-13.0907
-0.69513
-0.205086
-0.747087
0.429998
1.13
-0.262241
-1.38279
0.158432
0.895391
1.23177
-0.430181
-1.21979
-9.41926
0.477556
2.02033
0.802311
-0.947799
-0.127859
-3.04679
-0.333051
4.326
-3.4248
-0.925721
0.0889307
-0.331615
12.5447
1.16993
0.610374
-1.42776
0.720873
5.26954
-2.19749
-0.11044
1.18041
-4.36253
1.56975
-0.409007
-1.98042
3.17392
-2.2902
-38.3646
-0.47497
0.914697
-0.715488
2.03662
1.14251
0.221419
-0.308829
0.754247
-0.646929
0.933989
-5.13782
-7.15708
-6.45617
-8.22389
3.94519
0.82585
-0.656687
0.94237
-0.0639487
-0.436065
-1.47082
1.10864
0.889467
-1.11707
-0.0469865
0.0554079
4.5352
-0.810525
0.913329
5.80625
-7.35786
1.43859
-7.70159
0.129733
1.23501
-4.89794
-4.08627
-9.29523
-10.6828
-0.734904
-0.999458
0.181846
-0.354688
1.31639
-0.0711499
-2.98935
0.270975
-24.5562
-0.841311
4.42148
0.741022
0.284265
0.354127
-0.382956
-30.7008
1.49596
-0.00796935
-0.768888
-0.142943
0.52839
1.36873
1.52249
0.16483
-0.349993
-0.165437
-0.181633
-6.39143
-1.37323
0.0230752
14.9432
-0.801035
1.39263
1.01065
-1.39121
1.10581
-0.111388
0.689091
-4.12474
0.0521667
-3.92188
0.494729
2.54886
0.436071
-0.0206713
-1.89202
0.74771
0.531978
-0.27146
-0.316145
0.0664401
0.575948
3.96776
1.3642
0.879275
0.312318
-2.74689
-0.181694
4.16595
-0.307529
-33.6463
-0.515229
-0.576303
14.4513
1.25901
-0.295249
440.337
0.642135
26.3509
0.323764
1.27925
0.755777
2.34855
-181.358
-1.20627
-6.63284
-13.6263
-4.45476
-0.422131
0.101198
-0.107837
-0.963709
0.14592
0.721551
2.53067
0.0419295
-0.199175
4.1836
-2.11009
-0.955897
-1.6838
-2.33352
-5.0997
0.202588
-0.314165
0.182073
0.764828
-6.66531
0.977723
0.796239
-0.502297
-0.230124
1.60128
0.610871
-3.35843
0.532279
-0.0704244
0.900701
-0.28721
0.341127
1.63323
0.0916148
-0.538035
0.622648
1.29298
2.67138
0.623222
-2.48587
0.541839
-2.37609
0.960209
0.597389
-2.21025
-5.60065
-0.729098
-5.67488
-0.143825
-0.748863
-0.971891
-6.64801
0.589232
0.161908
-0.487643
-9.65203
0.790596
1.06636
0.159148
-30.5414
-0.338362
-0.0630096
-0.0683127
-11.4483
0.378715
-0.369213
-0.380046
1.17904
-0.577314
0.12677
0.53895
0.0521014
0.0911153
-0.724804
-0.201492
0.787013
4.58764
0.599066
-0.480245
-5.16067
1.45135
-37.1156
-0.52957
2.72781
2.40293
0.368539
1.047
-1.33474
-0.634665
-0.845469
0.841669
0.370724
-0.729681
0.262905
-1.40188
0.363086
-1.62297
2.01852
3.89773
-1.74761
0.404877
-14.1214
0.4339
0.594098
4.08643
2.68299
-10.7876
-0.0283949
-1.3588
0.495467
2.28489
0.259782
-0.205024
0.835189
-0.576408
-0.325995
10.1815
7.51593
0.0291394
-0.698574
1.79823
1.92681
0.42057
-0.894146
-1.70286
7.71036
0.358853
0.250001
-0.229418
-1.565
-0.348396
-1.56469
0.180966
2.29576
1.70377
0.495527
-2.13245
-1.59055
-26.2531
0.608279
-0.431458
4.10249
-0.152416
56.3787
0.713937
-0.538754
0.0435992
6.28973
-0.0184626
-0.775744
0.0774395
1.63513
-0.564836
1.12103
-10.9708
-11.6507
-0.0521928
3.88299
0.924135
0.583721
0.505104
0.420309
-3.77046
0.872819
1.01347
-1.08679
0.771175
-0.707215
-0.272113
-124.835
0.565635
3.96777
-5.29522
0.209136
0.0434556
-1.42226
0.135762
-0.68454
-0.25537
-2.30911
1.22346
1.52559
-1.17617
2.99586
-0.363516
0.0336037
4.33036
-1.27685
0.30679
2.08395
-2.48261
-0.461002
1.96432
0.695497
0.591076
1.04028
-0.0296747
-1.43936
-1.03563
1.33947
-1.78396
-3.35609
0.506189
1.79377
0.203651
-0.225985
-8.00938
1.01335
8.91087
-1.68073
0.638462
-0.0642007
-0.526757
0.285505
3.65219
-2.96955
1.52152
-1.0152
1.99944
-3.60181
1.18144
0.473008
-0.523356
-0.117482
0.293999
1.03087
-1.63671
2.14306
1.2976
-0.0934839
-0.600566
3.8584
0.617195
-0.0373815
-0.316253
-15.663
0.949167
-0.18567
0.272425
1.16847
-0.333408
1.52491
0.710574
-1.67813
-2.76443
3.22454
0.586036
-1.05763
53.1831
1.06417
0.174838
1.29367
-0.631372
-0.756506
-1.80469
4.35999
0.461652
-0.252988
-1.51261
0.785315
0.928051
-4.78993
-0.0713883
-7.82147
0.039026
-0.792082
-3.74633
-1.32583
-4.10706
1.18344
-6.38819
0.277608
0.706093
-0.583789
-1.22145
-5.49308
-0.288256
0.118904
1.99495
-0.202059
-1.70686
1.30712
-0.96916
0.674222
2.40239
-0.422853
-0.0951298
0.261178
0.114373
-3.08919
3.1302
0.0298257
3.31699
1.13313
0.72917
0.069561
-1.51682
1.90519
1.24623
0.859369
-10.6003
0.131825
0.296806
0.165136
-0.230835
1.55054
-0.559705
-0.752103
-0.791414
-0.191525
2.19197
1.43071
0.211098
-0.0570276
-0.295778
1.11088
1.10151
-1.57482
0.368497
-0.739327
0.610041
0.203178
-0.241227
-0.557268
-1.05954
-0.543531
0.691481
-1.14516
0.717273
0.529763
0.62137
-2.31972
-1.27716
0.493152
-0.784668
2.14504
0.117019
0.614864
0.840699
0.00991637
0.817384
0.416059
-2.40084
-0.249812
-4.0166
-2.76004
0.464922
-0.911178
0.0671279
2.51075
4.63001
1.31859
-0.125605
-2.85061
-4.90395
2.05662
0.183788
20.9454
0.730693
-0.289643
-0.680684
0.204411
-1.12343
0.626914
1.74963
0.826071
-5.10292
2.93695
-0.469544
-0.807103
1.61678
-0.169474
0.6184
0.427034
0.965782
1.96737
-1.4673
-0.333043
-2.57029
-1.76305
20.8251
-0.560599
-0.934126
0.0253858
-0.435515
1.14736
-0.465164
-1.27713
0.252467
-2.94053
2.08433
11.2631
2.89316
-1.8444
-3.27413
-3.46819
0.891093
9.91288
-0.0703801
0.153489
0.941913
0.680708
-1.62164
1.15249
1.32429
1.18819
0.3138
-1.45874
-2.61627
-22.3977
0.87741
2.98886
1.11003
0.17899
1.27463
-0.658144
1.58657
-1.60009
0.0869435
-0.0472065
0.314418
0.695851
-0.438167
-3.10246
0.341992
-0.13971
9.42664
-0.921648
0.81224
0.373955
-0.141697
-0.483839
-1.45752
1.46722
-1.02419
-1.13164
-2.72402
-0.739377
-0.619514
-0.389564
0.0408459
-1.35326
1.63404
-1.00823
396.944
-1.45218
0.323402
-0.503513
0.0444736
0.846849
0.460495
0.745591
0.174154
-0.963358
0.950951
0.534898
1.10729
8.45633
191.011
-1.24494
0.439721
1.20054
-0.424309
-1.63047
-0.615082
-0.891463
-1.32533
-4.18931
-0.677547
-7.64608
0.610442
-0.711579
-0.0286817
-0.973266
-0.104281
-2.02522
-0.422727
3.60233
0.237671
0.23946
-8.79438
-0.0856774
0.443689
-0.788744
0.917814
-0.0471507
2.55613
-0.0971067
-2.5731
0.59442
-38.3815
0.729965
-0.471529
4.19028
-0.338519
-1.29043
2.19447
-0.00219948
-1.88191
-1.86329
0.743908
-0.0433478
1.81344
-0.233918
-10.2016
19.5633
0.0346552
1.07858
-0.344794
-2.75558
-0.884065
0.611173
0.12045
0.734498
-0.402936
-0.363027
-0.630945
0.876924
-5.2722
0.635227
1.36906
0.742486
-5.78263
-0.342842
0.301601
14.9183
-0.352413
1.15868
2.18984
0.357548
28.3916
-0.890176
-0.858909
46.4953
1.38903
-1.47402
-1.68179
-0.425948
-1.76138
-0.66019
2.17016
9.21616
-1.18579
2.52669
-0.165128
4.18076
0.454924
-0.218853
0.537489
-2.03586
-4.32521
-15.0681
-0.817832
-0.149285
-3.42242
-0.705573
1.28588
-2.26845
-0.259532
1.33082
-4.6909
-0.419598
-1.90604
-1.31331
-0.508932
0.0265112
0.0806749
1.46858
2.39238
-1.61494
-0.281814
1.16652
-0.524836
0.124848
-5.75284
-1.6661
0.704065
-14.3775
0.470802
-0.852047
0.685458
0.640954
1.76456
-2.25087
0.206775
-1.30792
1.0091
-0.0550338
-0.374988
-0.733117
-0.390267
-1.54584
-0.542552
0.178908
1.57919
1.35097
1.38606
2.5516
-0.587908
-0.755944
0.518504
1.8605
0.809501
0.409839
0.603209
0.899247
-1.73472
0.642908
0.0761586
-5.91882
0.239603
3.26827
1.84479
0.290889
-1.43369
-0.159919
5.09984
-0.625537
0.320493
-8.73984
-0.164113
1.62269
4.23705
-1.97574
1.13225
-1.07598
1.24594
-0.153021
-0.160041
15.5034
0.366526
9.42083
-0.467257
1.86004
-1.08981
0.446742
0.356913
-6.25086
0.0704756
0.573998
24.5937
0.725308
-1.13361
1.42019
-0.627569
1.06282
-1.7354
-1.8596
-0.517086
-0.136335
-1.05371
-0.748119
0.171347
-2.41402
1.08895
-0.492732
0.414488
0.153277
-0.58599
0.999997
-0.449953
6.22457
-0.875441
3.52217
-0.00389632
-3.03503
2.58068
2.00616
-0.200236
0.493913
0.385081
-1.23234
2.33443
0.830296
-0.108527
2.51077
-0.20143
-7.92928
6.09664
-1.81276
-2.08256
0.116397
-1.55955
13.4735
-1.62544
-0.229165
2.04151
-1.34605
0.559714
-1.72609
-3.48717
3.76825
0.514891
-0.296611
1.161
0.392587
-0.325384
0.647518
-15.1949
0.0352879
0.405733
6.47051
0.221908
2.22236
0.938469
-4.2032
-0.242611
2.04946
-7.58701
-0.125754
-0.2301
1.19325
-14.1499
-0.919719
-1.3548
0.129484
0.716503
0.000466992
-0.0937192
-1.50229
-0.772806
-3.62904
-1.53061
2.27082
0.36937
-4.86455
0.45443
-0.70119
0.250654
-4.45419
-0.824213
-2.57532
-1.63217
-0.157769
3.27618
0.168304
0.472908
1.32457
-1.06217
0.191127
-2.66572
-0.551921
-0.0812904
-0.0187923
-4.67118
0.766837
2.16343
0.0954946
1.73479
2.77223
0.144418
0.714505
0.230147
0.150423
-1.67599
-1.44902
-0.899164
-0.562117
1.55091
-0.454768
-0.482675
2.56817
-0.67425
-1.46662
-8.00908
0.00671056
-0.353665
-0.6175
1.81434
-1.72986
5.89018
1.25039
-2.81996
-7.116
-0.666125
2.86407
28.2073
-0.384986
1.39784
-0.427515
-0.687702
-0.794305
-2.44534
0.189476
-0.70344
-0.2375
-1.30092
-4680.09
-0.138784
2.08952
4.36274
0.586971
-6.55678
7.02118
-0.548408
-13.7426
1.25219
2.22318
0.672474
-0.998096
-5.82472
108.868
2.22151
2.0646
0.849871
-0.0833008
-0.066558
1.21419
2.27436
1.16983
0.647711
-1.11557
1.33759
-1.97986
-0.0423445
-1.1028
1.80796
1.6248
-0.0710185
0.114042
-0.808587
0.393228
-0.0291884
-0.807034
-0.396282
3.46752
5.68475
-1.11666
1.47718
0.628344
-0.86741
0.181327
-1.03019
0.42771
1.73533
-2.1195
-0.53748
-1.50979
1.63182
1.17083
3.54635
-0.48956
-1.34038
0.797704
0.265014
-0.420959
1.5688
2.26533
0.942212
0.00148373
-2.58548
0.473969
0.677466
0.0510975
-3.35374
1.1987
-2.2259
-5.58476
2.00439
577.843
20.7499
0.0648205
-0.242119
-2.95631
-3.27395
-0.793954
-1.15164
-2.67549
5.69132
1.14885
3.65397
0.169218
-11.8493
6.27534
-96.0691
-9.10644
2.00824
-0.845183
1.42579
-0.00680264
-1.52723
-0.228152
0.655766
-1.19818
-0.265021
-2.85606
76.2901
10.0803
-4.5842
-1.17525
2.75009
-3.94069
9.63957
10.0042
6.9336
-3.23935
1.13705
-0.539773
-36.167
1.90614
-1.12233
-0.659355
1.70971
0.931177
-0.935334
0.724806
-0.0399685
0.18081
0.507664
-0.231815
1.76568
1.52252
-5.7155
0.484834
0.0872958
-549.416
0.898368
0.565605
5.06829
1.94004
-3.10368
2.12112
-0.834406
0.257755
-9.82482
-1.45786
1.12559
2.47935
-15.3497
-0.712708
-1.77967
-2.31052
-0.79535
-0.109305
1.84462
-3.29195
0.0317317
1.93346
1.17239
0.0131703
-0.514195
6.85252
0.189308
0.736839
0.0392344
3.33878
-2.53271
110.18
0.441023
-0.093618
-0.932408
-0.180833
8.38821
3.80451
0.611797
-0.480008
-2.36176
-0.0409912
3.33537
0.371305
-0.665128
-0.481049
-4.21411
3.2505
-0.319062
0.892727
-4.15771
-1.87045
-0.0427511
1.70744
-2.2649
0.315696
-0.100245
2.13657
0.0973996
0.436115
-0.523294
4.09634
-0.795573
-0.372742
0.610487
0.341665
0.409218
0.606369
-2.07822
0.731387
0.584456
-1.6128
-0.859663
3.75122
-0.708963
-1.61767
0.137294
1.8065
0.696804
2.43896
-0.713791
-0.532957
-2.1714
-0.182232
44.6832
0.642325
-0.403987
0.335395
-1.05299
-0.963199
-0.075202
1.00052
1.70078
-0.635609
-0.291358
-0.877538
-1.42457
-0.234921
1.17257
-15.4909
-2.94909
-0.236556
0.990688
0.476462
-0.249491
0.736607
-3.08348
-3.24209
-0.0374842
0.257832
0.226583
0.301844
1.28768
0.0539715
0.269474
3.30551
-3.84723
-0.810283
3.03566
-1.92521
-0.145283
0.51866
0.566659
1.48451
0.446655
-0.0343079
-2.90199
0.228846
0.113788
-0.517095
1.27679
-4.52775
-0.185034
4.07019
0.104355
-0.240144
2.76069
-0.521822
-0.310192
-7.89968
0.018079
-0.00105558
-1.43559
-0.0997014
0.233152
21.7466
0.0049792
-0.502174
-2.10192
0.645566
-1.21268
-0.285343
-1.07386
-1.92689
0.354559
19.207
1.69857
0.883399
0.710404
-0.80045
-0.106085
0.0757567
0.0952715
-0.469509
-5.41625
-1.48066
0.636871
-18.1317
-0.424545
0.0281607
2.29693
-3.72913
-1.39899
0.421122
0.373193
0.234272
0.593617
0.154706
-2.44598
-0.136458
-0.675268
1.42135
0.056634
42.3696
0.198833
-0.943833
0.245388
-0.948075
1.11621
4.35639
-0.767685
0.270884
1.82316
0.072726
-0.320822
1.88702
3.80789
1.65768
0.901721
-1.28978
0.0576204
26.037
1.2247
-0.0530973
1.17216
3.61962
-1.45695
-1.13399
-0.570354
7.64072
1.24917
6.46518
0.368967
-112.398
-1.73361
0.195874
14.0276
-0.0859698
1.55193
-0.646293
-0.714781
-0.726299
2.02044
1.41905
-1.65889
-2.15685
-1.84207
1.51612
-1.44185
-0.246693
1.98174
-0.925861
-0.666747
0.037622
-1.21047
0.485868
-0.643845
0.389299
-0.028152
0.427095
0.0104335
0.793178
0.423509
-0.243274
0.818933
-0.141632
-2.32918
3.18177
0.231152
-0.668667
1.15532
3.52844
-0.548243
0.257575
-3.03315
0.930119
-1.58868
3.11264
0.538538
0.416651
-0.105883
414.525
84.5674
-0.823441
6.7902
2.02119
-0.897687
0.165444
3.00592
0.841768
0.0413974
0.812978
-5.54036
-1.4074
1.37508
0.374508
1.03789
-0.901779
1.37551
-0.294854
1.16546
0.191138
-0.522977
-4.87897
-1.19916
-0.481459
-2.08258
0.167211
-1.75351
0.0871815
-2.5918
-1.54826
1.04386
-1.07442
6.30302
-0.00336335
1.37859
0.810269
-3.77765
-0.294021
0.473806
-0.0320016
0.546675
0.0488267
3.90687
5.17377
0.567286
0.898044
2.27629
1.2538
-0.255923
0.791306
-2.95135
1.12793
-0.751425
-1.69793
-2.49546
0.45918
0.662487
0.48408
-0.527487
4.34329
-0.330984
0.346455
8.20012
0.70114
-0.626746
2.35389
0.260175
0.770074
-1.55005
-4.78487
-1.79619
-0.00269973
0.214523
2.29314
-3.65894
-9.01214
0.99193
-0.0798627
-0.332729
1.89649
-3.92615
-0.416444
0.438795
-0.775129
-0.504443
-0.391512
22.7134
-1.03719
0.629643
-0.254842
0.506718
-3.32923
1.09902
0.612426
-1.01521
-0.276572
-0.0786847
0.516278
1.13371
-0.050146
-0.00203644
22.3466
0.191801
55.1843
0.413058
0.567664
0.992662
0.231073
0.637178
0.124936
-0.577155
-2.90726
0.0167872
-0.196137
2.63939
-30.24
-0.124563
-20.0576
-0.175016
-4.38167
0.617151
-2.00484
4.407
1.19697
-9.27932
0.543609
2.45287
-0.325052
6.37006
-2.03957
-1.13542
-0.650494
-1.33416
-0.177557
0.283034
-3.16764
0.547873
0.0209098
-0.521397
0.00239266
-0.306628
0.0182981
0.626282
5.12379
-2.7953
-2.34658
0.825801
-39.7778
0.0749144
-0.702557
-0.270677
-0.334953
-6.73363
1.25736
-0.545552
-1.12609
-0.130006
-14.6149
-2.07654
-0.0527257
4.00927
-0.510786
5.1858
1.39842
5.79514
-4.07626
2.4021
0.770213
0.743209
-1.6662
-1.79678
-1.32993
-0.533473
5.92129
1.5711
-0.352971
0.352317
6.62119
-1.29841
-0.218512
1.274
0.310805
-0.0664189
0.613534
-1.14237
-1.70952
0.942617
0.26499
-1.34165
1.35085
0.685852
1.40775
-2.27191
4.29061
0.253956
0.269579
0.259173
0.389133
3.08639
-0.12567
-0.128273
-0.527573
0.398624
2.31024
3.6015
0.37513
-1.26632
0.752589
1.81742
0.807955
-3.15439
0.421536
-5.36751
-0.307489
-10.4476
1.01429
-0.222284
-3.43983
0.290669
10.2007
-0.815374
0.180708
0.157339
-1.05343
2.55368
-1.35731
-4.93798
-0.881154
18.9204
-0.542103
-0.100995
0.807159
22.475
-0.152292
0.234005
-0.00496926
-4.59618
0.65403
0.698277
0.476047
-1.783
-0.573331
-0.138641
0.334564
-9.66259
-1.23048
-1.59113
-0.305161
-3.57123
0.100419
-2.82999
1.58911
0.598501
0.336502
-1.22243
-0.329558
-4.38141
-324.443
1.44757
1.49525
-0.398485
0.558789
-0.0806808
-7.464
-0.172425
-0.526085
0.644143
1.02223
-0.539939
-0.413727
9.4347
0.414712
-0.370813
-1.72087
-3.26513
-0.0726283
-1.87879
-0.317541
-1.12401
1.46422
-0.0961886
-0.959006
0.243159
-0.535133
-5.56944
3.61976
0.362719
-1.72017
2.30655
-2.93119
1.18743
-1.49927
0.427449
-3.10445
79.4675
0.737146
-2.76547
0.491633
0.531758
2.68354
7.10352
-0.134644
-0.318159
2.09481
25.4919
0.416399
-317.745
-0.432704
-6.73222
-1.69586
1.19387
0.650043
0.614478
3.7002
-0.504423
-0.413311
-50.7757
-3.9228
1.29356
-0.329979
-0.380177
-0.257062
2.36118
1.19012
1.73666
-1.47569
-5.16139
0.0671003
0.620362
0.99454
-2.48106
-4.54852
0.409865
0.82197
-0.606285
0.306851
-9.46655
-2.99807
-0.701379
-3.62633
0.110252
1.01059
-27.0134
0.852073
3.62641
-1.09175
0.140832
-15.881
1.11678
-0.342265
0.148923
-2.89291
-1.83061
5.78323
34.413
-0.263507
3.65222
0.381238
1.29674
-1.90118
1.71559
-20.7128
-0.567205
3.01061
1.45687
1.22281
-2.92132
-0.614661
-5.65931
-0.0673082
1.27607
0.266553
19.0921
1.17136
2.57818
0.727156
-0.70164
-1.49034
-0.799726
-0.795809
-0.130718
-4.24628
2.88954
0.233044
6.07585
0.605168
-1.34249
-1.22915
0.775602
-0.861824
-1.76093
-1.46207
-2.64656
-2.10198
1.24955
-0.262717
0.0811381
-1.52814
-1.21184
17.1832
-2.2436
-1.54277
-0.0658061
0.437918
-1.14632
-0.347389
-3.10516
-0.422362
-1.1232
0.662046
0.225796
0.482748
-0.928634
0.126251
-1.26366
0.507625
-0.514175
-0.527044
-1.98445
0.947594
0.315503
-0.746292
-0.0143564
-1.91786
-0.818336
-3.34304
8.72214
-1.64781
1.89981
9.22922
0.56587
0.0753957
1.19055
0.834947
0.456592
8.91102
1.92454
-3.13072
-0.684483
-0.00815227
0.0126641
6.11975
-4.07901
-7.553
4.31722
-0.845513
-1.52277
0.161722
5.53897
-48.5903
0.864595
-1.58854
-2.59615
-1.16215
-6.6381
0.527926
-2.85245
-4.13714
-0.194254
3.01012
0.0318828
0.401035
-0.324793
-6.61749
6.67257
-4.39571
0.622257
0.326344
-0.499766
0.220148
0.862349
-0.0166325
-44.9559
0.878777
-1.46024
-4.53866
-0.0677893
-6.07847
3.30191
0.946212
1.5409
4.83295
-0.240028
0.728811
-0.494098
0.870048
-1.08877
-10.1279
155.344
2.44987
-1.48589
-0.261513
-2.06752
7.02669
-2.38002
1.0974
3.36529
-0.8176
3.23157
9.79823
-0.552196
1.25431
0.0302136
1.74446
-0.0512228
1.01049
-1.14791
-0.0150267
-0.622593
0.410913
0.629889
-0.010514
-0.0142564
-0.34527
1.09704
-0.727237
-4.53538
0.998735
21.5618
0.292436
-0.222087
1.33115
-6.4748
-0.908666
1.04545
0.01277
0.442782
-3.26062
0.772989
-0.0529613
-3.2167
2.39977
-6.33222
-2.0697
0.121698
2.76245
0.172851
-15.5208
-0.200461
0.875881
1.83433
-11.8423
-1.62451
0.054363
-3.23095
1.37714
-1.01421
0.39311
-0.268318
0.610018
0.295258
4.0429
8.33458
1.08155
0.124026
1.93122
-11.8324
-0.816617
0.185012
0.457722
3.68215
0.335446
0.843373
4.38629
-14.2934
0.445784
0.213673
-0.598684
4.03763
-0.232273
-4.4038
-0.612906
-0.421331
-1.58911
-2.43375
0.0453918
-0.479333
0.856919
-1.41302
-0.779013
-3.66274
-6.53831
-1.78934
-2.10437
-18.7765
-0.564717
-2.52295
-0.898555
-2.12899
-0.506939
-2.40991
-4.85812
-1.23423
-0.0733749
-7.00855
1.50658
1.18651
1.64254
-0.111595
-0.378107
1.59182
-1.05386
-1.48586
0.417932
1.47617
-1.84441
3.1563
1.33989
-31.8751
1.85063
-0.66058
0.641562
0.0873937
-1.13506
-0.0280763
-0.162966
3.64735
-2.12089
-0.254965
0.926653
-0.492331
-0.700513
-4.3459
-0.0450561
-1.23585
1.10634
3.92955
0.00909751
0.0136899
-0.792454
-1.64073
8.55929
-0.826502
0.78177
-1.07077
-0.572052
11.0155
0.0201989
35.2931
-0.749409
7.49837
0.208616
1.66298
-2.11456
0.179018
0.353264
0.755529
1.7203
1.02488
0.449479
-0.619808
-16.3494
0.582585
-0.569378
1.16305
4.2748
0.783535
0.622229
4.99088
-5.26791
0.536474
1.33007
0.408071
-1.44829
1.00191
-52.5326
0.814848
0.50942
-0.407144
5.88818
-0.462387
-3.41309
0.294844
-164.218
0.784079
0.396004
0.92377
0.215202
-3.73002
-0.901371
-3.57844
1.12923
0.0397667
0.0373747
1.35837
-2.54556
-0.528677
0.975975
-2.67879
-2.41304
-0.0645234
0.563301
1.30782
-0.400858
2.40317
-5.57021
-0.0931908
0.324625
-2.34525
59.0459
0.951537
-4.50581
1.02079
4.54267
-1.54549
5.08019
-0.0622834
0.743392
6.45121
-0.693427
3.4958
-0.858256
0.226213
1.03069
-0.402954
0.504825
-1.0142
1.19706
-0.464549
-1.32074
-253.068
-10.1991
-14.1398
-1.16166
24.0494
-0.474793
-0.589652
-0.309033
0.0466363
-0.915359
0.160401
-0.449776
0.430454
0.979897
12.2002
0.145022
-1.19529
-0.04714
-0.704741
-0.40483
-0.633208
0.875176
-151.116
-0.271046
0.425804
-0.00087328
1.54787
-0.171271
11.4827
1.05149
-1.15509
3.97134
5.97521
-1.095
0.295775
0.105274
1.40315
-1.94717
4.05485
0.485155
0.45574
-0.269218
3.27839
0.152192
-7.69258
-6.36401
-2.32548
5.62982
-0.117824
0.0307448
-0.530101
-0.292301
1.17456
0.252746
-0.47104
-1.31562
-3.02775
1.08869
-0.601515
22.4389
-1.59165
-3.64651
0.000258264
0.287504
1.71725
-0.373592
0.416088
-0.461915
0.509967
0.38322
0.387292
4.73277
2.87087
-1.37456
0.249309
0.266542
1.11166
2.81887
0.814607
0.419945
-0.0309735
5.39239
-0.435992
0.243092
0.0821233
7.71682
0.632347
0.160261
5.19199
-0.0295145
-1.7647
-0.531673
-0.815334
0.563833
-0.327368
0.74049
-0.443278
0.0407695
0.567127
6.35204
0.27912
0.442666
0.0885873
-0.383783
0.7719
2.08796
2.56025
7.34333
0.864204
0.349866
-7.37966
0.276667
0.878422
0.201396
1.65864
-0.900813
1.04423
0.155869
1.62258
-0.259097
-21.8601
-2.41632
-2.49561
0.244202
-2.77608
0.41829
-0.346449
3.2154
-0.144933
-5.33337
0.355303
1.11786
-3.37041
-0.0672178
9.08029
-0.173093
-2.18665
-0.422358
4.69698
4.8662
-9.11213
-0.175328
-0.101782
-11.1897
0.504479
-3.85151
-3.67123
-1.7669
0.462399
-0.283891
0.123642
0.196407
-0.973598
0.973007
2.15385
-0.951912
-0.511123
1.91498
-0.0914151
0.17544
-1.15251
-0.286867
-21.0652
3.21077
3.88271
0.995246
-1.64555
0.8747
-0.0610459
0.31449
-10.5902
-1.25581
2.99146
1.2716
1.53257
0.553706
0.529292
-2.37272
0.0540719
-0.0929909
3.17913
-0.170578
-0.846476
-0.455423
0.0224202
0.195187
0.13973
-0.421623
-10.7094
-0.709861
-2.17901
-0.154738
-0.560016
0.198017
-1.14018
0.756319
0.316524
-2.18449
-0.871651
1.5125
0.702657
3.73803
-12.5854
-0.495455
-1.2988
-0.894755
-1.04981
0.0507626
-6.63512
1.07718
17.7361
0.0739302
-0.06307
21.6193
1.94478
-0.339284
-1.34394
0.234877
-0.488587
-0.687307
-20.6437
-0.620107
4.16961
1.2514
-0.442043
0.127411
0.770122
3.06854
0.924641
5.01774
-0.366065
3.29504
-8.55985
1.04798
1.01007
-0.893036
-2.94004
-0.805798
1.03669
-5.80736
-10.7095
2.82576
0.255275
1.25377
-0.444847
-1.7919
-1.41369
4.46661
1.87551
0.658647
3.60721
-0.925859
-0.417193
0.274084
-4.39715
-0.10719
5.06403
-0.170769
0.129678
-1.20843
-0.209649
-0.787478
0.472572
0.923042
-0.856506
-4.54751
1.35496
0.93594
-20.2409
8.04493
7.90456
-1.21864
1.08559
-1.01434
0.409596
0.32515
0.177502
-0.606989
4.59879
-1.60403
6.47024
-0.326532
-0.532915
-0.416253
3.01749
-0.0576493
-0.792343
0.598767
1.63818
-4.81127
-6.91516
2.91474
2.3799
0.547259
14.2175
-0.0110693
0.209834
-0.639585
0.169297
-1.08294
1.53129
-0.0798667
-0.0710002
-0.123179
0.683764
0.373621
-4.77867
-4.98724
1.2801
-3.15427
-1.15934
-13.0121
-0.656615
-1.73439
3.52669
-0.298177
0.448632
3.0587
4.21288
0.775118
-0.867397
7.83919
0.354908
-0.326212
-2.78104
0.631745
4.85716
1.4892
5.50925
-0.529291
3.21622
-3.44231
0.127833
1.16898
-1.35512
0.184443
-0.912427
-0.444923
-8.76684
7.62727
-0.863254
-0.14769
1.91693
2.33742
1.03602
-2.06809
0.214691
1.18717
0.905927
-0.166474
3.93789
0.440252
-0.596424
0.444483
-0.362887
1.52567
-1.15735
-2.01121
0.371916
-0.952068
-1.18723
0.33111
-2.23552
0.508335
-3.14846
-0.0809752
4.98629
1.03388
-0.179577
-1.74414
2.78501
5.72695
-3.00583
0.869061
-1.30031
-0.492277
1.70469
-3.25677
1.07716
-5.98614
1.91555
3.87731
11.6362
-0.290886
-1.17279
-1.00149
-0.110613
-3.40418
-5.83659
1.40645
1.27732
4.05495
-0.195175
1.58122
-1.18757
-0.423162
-0.280111
0.657953
1.23481
-1.56001
0.465034
-0.87787
-0.986209
4.07254
0.210788
0.187095
4.31537
-1.59297
-2.39358
2.51131
-0.539962
1.52716
4.64198
1.17951
-15.9046
-0.0297091
14.4072
-168.622
0.891936
-1.69197
-1.15197
-2.47631
7.92559
-0.0680483
0.113592
-0.83861
-6.00727
-0.415799
-2.56682
2.1841
1.54643
-0.312822
0.846818
-1.14844
0.0380384
2.52534
1.51822
-3.20073
0.200075
-1.32069
3.98561
2.59268
-8.96551
46.7109
1.07502
-0.62927
2.48306
-0.146905
-0.566042
-1.53292
0.716537
-0.957354
3.00554
-0.698362
-0.0797348
-0.170678
0.21823
1.38005
-2.13315
1.10625
1.3866
-0.436534
169.407
0.176883
4.37302
0.48003
-0.556547
0.194022
-19.4259
0.361719
1.57073
-0.766286
-2.23583
1.77608
1.12853
-1.93109
1.47924
0.480867
3.63287
115.301
1.63504
-13.1958
0.802066
-0.254566
0.175077
-15.2079
-0.563115
-0.635141
-3.13259
-1.09774
0.815496
0.928919
-0.371549
15.5094
0.171609
0.0538971
21.5924
-4.46019
2.90544
-2.00206
4.05029
-0.782282
-7.31708
0.208664
0.624859
1.85947
-8.82135
-5.51893
-3.2652
0.27886
-3.11085
-0.092933
-1.16274
-1.26831
5.55795
-0.77867
1.2932
-1.43413
-4.209
0.47763
24.3986
-1.07185
0.010307
1.26289
0.00545499
0.05176
1.71661
1.68086
6.41411
-6.13207
0.563361
0.453843
-1.69371
0.378999
-0.258823
-38.6338
0.208722
-1.36142
0.564331
0.962423
-1.91192
1.04865
-1.47337
-22.8951
0.168849
-1.23076
2.98023
-5.3682
-47.0091
0.965762
-0.587323
-0.14699
-1.31848
0.493458
-1.29248
-3.10334
21.3705
-19.7058
0.0907891
-5.0056
-2.39688
0.412151
-1.23441
52.0138
1.84359
0.818898
-0.855034
1.40483
0.603036
1.56932
-1.29852
-1.03871
-1.30713
-0.715866
-0.754575
-1.98018
-2.65254
0.576491
2.17224
-0.811468
-0.486837
0.265759
-4.23955
-1.0379
0.235252
2.87829
-0.108166
2.65336
0.836015
0.124621
-1.41173
-1.75095
-0.429272
-0.485486
0.628021
-0.466448
0.896195
-0.805345
-0.000133002
-1.86506
0.0554847
0.0416607
-0.485928
0.0147441
0.00553206
2.50159
1.8637
-2.61344
1.56112
-2.14237
-0.839884
0.960264
1.01422
-0.267677
-0.478804
0.0746323
0.707127
0.571988
0.00419438
-1.01679
-0.0192622
-57.2484
0.816601
-3.02908
-3.17551
-3.94072
0.486076
1.663
0.679635
0.199425
-0.655563
-1.07793
7.25999
0.231506
15.3265
0.63866
-1.69472
1.37593
0.498977
0.413123
-0.210936
1.06357
0.233523
0.253528
1.70268
-0.340889
0.613043
4.43886
-1.62736
-0.0871568
-0.342846
-0.349241
-11.0231
1.14767
-0.183468
-0.067048
0.010263
4.99664
8.55067
1.46549
1.21063
0.586527
-0.373449
0.325103
-1.60561
0.11047
4.09719
-22.1782
0.35917
-0.642627
1.60941
-2.22428
-23.3632
-0.720776
-0.0863935
1.26047
75.3305
-0.915644
1.64052
-0.721853
0.370279
-18.288
-0.724576
3.32385
-0.49126
-7.6879
2.01685
-0.549342
-0.120628
-26.7945
-0.782049
-11.9377
-0.724236
-0.496643
0.0561437
-0.0604419
-2.8493
0.326552
-2.84526
1.47272
-0.560133
0.294022
-25.4283
-1.55667
1.23223
-1.19646
0.362112
5.01734
-0.503488
-0.305892
0.624522
-11.029
-13.2491
-1.20351
-1.11691
-0.303924
0.131861
-2.5483
-0.830718
0.0385336
-4.17627
0.541427
-1.38264
-2.76739
-0.519542
4.1221
0.464148
19.159
-0.941616
-1.19788
-1.07515
0.516151
-0.70325
0.630076
0.624689
3.44236
-7.6383
3.46202
0.975678
-1.54533
3.22233
-0.638031
-0.890124
0.305094
-1.03501
8.38185
4.18897
0.489324
-3.56829
16.6651
-1.39273
-18.3916
2.15356
1.21591
0.0422086
-0.820058
0.317538
-6.8615
-269.689
2.07307
-0.0346675
0.440562
-1.81207
-2.80011
-15.6097
2.72376
-0.0716541
0.594269
-2.52337
0.0701659
-1.14932
0.0366589
-1.03912
1.74616
-0.108634
-2.00213
-6.09704
2.70875
6.2535
-0.27984
0.461124
-0.340144
0.268132
2.04257
-0.0657691
1.91402
15.3068
0.536948
-8.19691
-1.95371
0.663814
0.908087
-1.48068
0.462772
0.903739
-1.30605
0.261411
-6.94378
0.456189
0.258688
0.497608
2.78015
0.181843
-2.41682
-1.4002
-0.138528
-0.383712
-4.42334
1.5509
0.154259
2.82075
0.84239
-1.43331
-0.536618
-0.0191611
2.25135
-0.976657
-0.981404
0.659229
-0.581105
-0.874139
2.06614
0.743235
-0.0411779
0.876219
0.880017
-1.81324
0.756302
1.91513
-0.925774
9.17291
-1.14714
-0.724316
-2.25439
-8.48825
-3.75888
-1.93871
4.66835
0.397442
2.94335
-0.826662
21.4599
-0.579751
-0.917567
1.6618
-0.0132578
0.23452
0.200033
-0.230582
1.27552
-7.36231
0.622086
-0.847233
0.0798203
1.02256
1.09232
1.70969
3.54314
0.59113
-1.05252
-8.24181
-1.02165
-0.459639
2.64204
-0.536549
-0.4464
-7.17416
-9.46696
-2.87948
1.11276
0.812476
-0.413152
7.39683
0.0788543
-0.69955
0.972629
0.184701
0.676358
0.917047
-14.0893
0.398613
0.237071
1.33131
-2.31867
-0.766824
-0.0844502
-5.57881
-16.4263
0.637763
-0.799798
-0.00974763
0.763458
0.873505
3.27643
-7.5918
0.47
-0.127151
-2.7935
-2.2937
4.43328
-0.824222
-0.692182
-0.0257564
7.27233
-0.136899
31.837
1.97512
-0.34647
-0.730449
-1.25988
1.02806
-0.230919
0.423369
2.21818
1.19817
1.42481
11.2266
-4.42825
0.0405832
-0.887955
-0.45064
-0.9927
2.67087
0.0295939
2.14439
1.28256
-0.0989774
-4.33939
0.834662
-1.03768
-5.79322
-0.641599
-0.147864
-1.06006
-2.6883
-1.52091
0.843865
-2.39146
-0.431993
2.46288
-0.177826
-0.834806
1.11946
0.247205
0.171723
9.74826
-14.6614
1.25574
1.07245
2.07749
0.649821
3.16006
-0.389696
1.85748
-0.109269
1.02
1.3835
-1.68188
0.561424
-1.13551
0.743807
-4.32958
-1.75588
-0.569212
-0.533685
-1.20182
0.668062
2.88842
0.146311
8.77623
-0.296884
3.21669
11.5631
-1.59923
-3.59047
0.523996
0.229822
1.53952
-0.486272
2.56205
0.944988
-2.14052
-0.646795
-0.0195849
-0.239823
-3.08437
-0.210527
0.370954
1.75453
-5.14372
-1.76086
5.30671
-0.289756
-1.42428
0.629049
-0.78812
0.224821
-0.990108
-0.903044
-1.58162
-0.39196
33.3149
1.41716
-108.646
36.9928
0.340048
-1.25982
2.6746
-9.67686
-4.07496
-0.10916
0.653788
-0.682431
1.14719
0.194353
-1.70589
-0.258492
152.81
7.51743
-6.97903
-3.55072
0.139381
-0.423115
-0.00749444
-0.245136
-0.118414
-0.320008
2.32849
-0.170441
-2.4233
-1.75237
0.473133
-0.338727
-3.58904
1.62552
-20.8683
0.549081
3.19559
-0.216808
-0.714268
-0.166118
-1.60199
0.395511
-2.36137
-2.66266
0.716318
-0.645216
5.39121
1.01767
-15.0119
-9.52494
-2.84263
1.332
7.49811
0.896517
2.10644
-0.22515
0.396853
-1.76634
-0.458316
0.610768
2.65963
-0.0754475
1.82637
-30.7148
0.581649
0.311149
0.610317
0.56112
-0.215546
-3.31776
2.97257
0.166624
0.574404
-0.463965
-0.135066
-0.797948
0.416804
-3.80985
5.98718
0.679878
-1.98903
1.18973
0.00799366
0.295824
8.26255
-0.636612
1.88312
2.62182
-1.0347
-0.301617
-1.43606
0.740758
0.242425
-3.6144
-1.54919
2.06902
-2.09053
-0.759622
0.333757
-0.182158
7.47164
-0.170911
-0.312581
0.463302
-1.48952
-0.79663
0.858192
-4.87697
9.34342
-6.35092
4.91672
1.04454
-0.20763
-0.552609
-1.99947
4.42894
-1.80028
1.79762
0.570978
3.58467
9.91026
-0.295036
-3.63658
-0.170938
0.415875
-0.438446
0.527616
0.344182
1.31876
-0.0693233
-0.0738208
-0.112416
1.66319
0.173995
-0.252032
1.60557
-0.980253
1.43275
-0.449448
1.76502
0.185251
0.133852
-0.600992
0.518948
0.36711
4.31802
-20.3509
0.378315
-0.325772
-5.63476
0.836826
-4.49178
0.591651
0.962493
0.31762
-0.618032
-1.05189
-3.42146
1.07182
-0.118843
1.554
-1.5499
-0.208086
6.29101
1.11481
-0.134847
-0.981605
1.09782
-0.036672
-0.987057
11.14
1.01473
1.38381
1.42823
7.07115
-1.42217
-1.58571
0.382159
0.568219
1.83662
0.997276
0.204847
-3.12354
-0.246017
-0.412252
-17.2507
-41.3402
0.168447
-0.895252
-0.412249
0.851636
4.93017
-2.11328
-2.97768
6.89449
1.38354
-1.1145
1.41226
0.154184
-1.59398
0.850703
-1.6097
0.698878
-4.30662
2.25865
6.18402
0.441248
-0.74584
0.83228
1.48826
-1.60668
1.04312
-0.736847
0.119398
0.737955
10.5106
0.898009
1.09298
24.1706
-8.26958
14.1231
0.802217
0.474077
2.61575
1.54665
-0.707485
-0.021884
0.511985
0.749875
2.49354
0.782494
-0.605316
-1.98997
-53.0091
0.363244
0.147411
-0.560096
0.185657
-1.87968
-1.51987
-25.3614
-1.03255
1.23095
-0.351454
-4.84552
0.0699708
-0.524716
-0.117867
0.296039
0.635425
-84.9822
0.576772
3.96003
1.73594
-0.930372
-1.53975
6.02299
0.160203
-3.83094
-3.68473
3.82306
6.46135
-0.449525
-0.443141
-0.523615
1.30555
4.90935
1.18746
0.63027
-0.690816
4.2121
-0.0478191
0.790246
2.49193
-15.9158
0.596913
0.291234
-0.433788
1.32233
1.56865
-0.235164
2.37341
0.484822
3.93307
0.25707
-1.96989
-0.0249684
-6.70605
1.12711
11.0709
-15.5155
12.8912
0.271798
1.1782
7.0648
0.65265
1.71655
-0.963214
-2.3125
-0.225379
-0.275366
0.648754
-0.730466
-8.26551
-1.63617
0.221967
-0.947785
-0.489595
-0.315154
-0.583825
0.014536
-6.9597
0.477475
-3.34218
0.360234
-0.506269
2.42052
-0.234819
-7.75098
-2.29592
1.11194
0.175339
-0.625278
-1.17979
-0.140062
-0.234864
3.0716
0.868333
0.0938947
-0.834803
-2.62477
-1.41274
1.85682
0.0595836
2.05345
0.274756
-5.81912
-0.861699
23.0832
0.0862134
0.481061
-3.56493
-0.895833
0.124552
-2.19691
-2.37462
1.48545
0.464322
-0.881615
1.13305
4.21599
-36.614
2.11512
-5.85072
0.988986
-0.482917
0.43863
-0.0659932
-2.96507
-17.0006
0.503289
1.80191
1.77385
-17.7003
3.19001
-5.66764
-2.02299
-4.27539
-1.43246
26.7037
0.0936106
0.199428
-1.21336
-1.56391
-0.0668537
0.586442
-0.506243
-1.48427
0.263855
0.611168
-0.560295
-2.36384
-0.0291539
-0.521746
0.729436
-0.627345
2.40645
0.78984
-1.4108
-2.94418
-2.20881
-0.793681
-1.48303
0.190418
1.81025
0.444361
5.93917
-1.05134
0.872872
-1.31835
0.135344
-0.505556
-1.37813
3.3813
2.39864
0.558245
-12.4469
-7.29635
-0.00457847
0.0635923
0.295884
-0.249982
3.1262
-3.07128
-1.27411
-1.30056
-0.425466
-1.48025
-36.5932
0.832405
4.87888
0.933602
-0.515127
-0.282321
3.75558
0.268985
1.2076
0.567913
-0.758494
1.5041
0.153268
-0.343494
-0.493935
0.547029
0.871929
-0.750694
-6.22256
0.974977
0.638786
-0.731529
0.667267
-1.391
-0.514031
-0.202878
-0.686733
0.377768
4.7143
0.195424
0.716876
1.43288
-2.73685
0.214159
0.208191
2.80485
0.00242245
-1.62221
-0.204303
0.785969
-0.738839
-0.131177
8.34495
-0.862212
0.0468956
-0.554241
0.25004
-0.672566
-6.81724
1.2601
-0.496824
0.222355
-1.15635
30.2855
-0.755623
1.68462
1.4462
3.11877
-2.69022
4.75912
-0.681417
2.97263
1.71144
1.11405
-1.42642
0.226068
-8.81466
0.950793
-1.58453
-0.235997
0.789443
-8.07653
0.820962
0.363147
-2.47247
3.60608
3.16131
-2.39935
-4.48754
12.4496
-121.98
1.86691
5.07072
10.6054
0.345408
0.179762
-6.32871
0.651098
2.27912
-0.256566
15.697
1.38615
-0.0668494
-1714.91
0.310873
-0.819515
-0.953112
-3.86275
1.08467
2.46967
2.7916
-0.311581
-0.523958
-4.14509
-2.55953
2.02244
0.167227
0.0734658
-0.00213323
0.0657323
0.0284508
-4.6053
0.767934
0.280713
-2.89887
-0.214615
1.40194
0.402179
0.222313
-0.148932
-1.47259
1.03088
-4.25412
-0.896015
-0.440915
0.0494432
0.128454
0.457672
-1.09427
-5.43896
-3.02633
-2.04023
-7.22804
-4.04801
-116.188
0.205173
-3.00408
-0.263932
-0.826515
-0.431624
-2.86193
6.92603
-2.86664
0.103142
0.401182
1.74516
0.457376
-1.47498
11.1934
0.347454
-9.90681
1.08987
-5.32232
-0.190346
-1.71591
-0.217627
-6.73019
-4.03996
-2.92102
0.894386
0.250893
0.586706
-0.539916
-0.609551
0.30128
0.722771
-2.18728
0.430457
17.6538
-2.70923
0.193213
-1.56687
-0.174786
9.73504
0.677054
2.91095
0.796451
-1.34708
-0.0363794
2.54559
-1.43353
-8.89874
0.371211
0.450402
-0.306329
-0.362461
-0.551664
-5.20341
1.655
-0.120045
1.12653
-0.644605
0.818558
-0.208016
1.37552
-4.8358
0.542586
3.93691
-0.669351
0.155688
0.612802
0.617683
2.96173
0.659172
-0.357256
0.0123594
1.42486
-2.36628
1.17676
-10.9277
-9.12496
0.728531
4.54324
-0.175436
-0.0825522
-0.55563
-0.976664
-0.845565
-0.531505
2.35553
1.83677
0.666541
0.262926
-1.08142
-0.0333046
68.1463
-0.378685
-0.0845092
-1.12783
-1.15525
-2.93314
-0.797139
0.345289
-0.780176
-0.0058125
-6.59255
-0.410734
1.07229
1.37688
-0.439893
-1.51992
-1.05091
12.1659
0.89893
-1.46584
-3.47327
3.27123
-0.37776
0.337264
0.311864
-0.605794
0.500357
-1.3296
-1.17605
0.681644
0.304749
-0.851024
-0.199185
0.954984
-85.7298
0.0478975
0.864579
4.0149
-1.41495
-4.78973
-0.530129
-0.0794063
0.745216
4.14602
-1.07597
0.096261
-0.263913
4.07384
0.706912
1.2053
-0.0175886
0.844555
2.14171
2.41519
-0.196196
-0.744415
0.590956
-12.0051
-1.77558
-50.5939
0.666299
-1.81116
8.13209
-0.777044
-0.435941
0.315191
10.2374
-3.84993
5.30751
-0.512336
0.11836
-0.648289
-3.36771
-0.453393
40.8722
0.217303
4.83423
-0.817383
0.523157
-10.739
0.588081
-0.300759
0.170833
-0.322527
-0.0436725
0.427945
0.322607
-85.9533
0.317722
-10.6236
-0.853172
2.26029
0.0845425
-0.839289
-0.605663
3.39792
6.61061
1.44525
1.14749
1.73898
-1.54879
-4.62355
-2.02113
0.304051
0.33529
0.504464
-0.535783
0.0891651
1.82159
1.16383
35.1453
0.577211
-1.18384
-0.927358
-0.544029
0.426071
1.81859
0.0886621
0.391714
2.13106
1.75394
-1.24218
0.705836
3.05281
4.07236
5.09686
-0.0010109
1.71021
-4.53179
0.0168884
-3.44525
0.604218
-1.07239
0.235388
17.2899
2.08789
-0.574222
-1.4948
156.752
0.0968926
-0.0373535
0.506867
1.74205
-9.55393
-2.99996
-1.79311
0.536547
0.434564
-0.296173
-2.64253
2.56534
-51.8832
0.735833
0.491072
-3.31899
-7.0369
0.477876
0.29435
0.994058
-4.95549
0.194568
4.61605
14.8368
1.49551
0.711736
2.62038
-0.75947
1.61482
1.48188
0.763772
-13.4876
-1.02945
1.58396
-0.67666
-0.841109
-0.149107
0.315917
1.35696
-1.57073
0.615165
-0.0593976
1.35425
0.609808
1.77916
-0.57346
1.98496
0.04042
6.0513
0.187671
1.26249
-0.0147373
6.13464
0.553494
0.165288
3.29347
1.39561
0.661487
-2.46024
0.602016
-1.42973
116.748
-1.02194
5.58584
-0.7831
0.599595
-0.768514
0.169145
1.66187
-1.30613
9.97634
0.0306252
0.0715964
-0.616655
1.11418
-0.879869
-0.984617
1.27782
0.308977
0.162589
0.221277
-0.634208
-0.617208
-0.277517
-1.33958
-1.76227
-1.92319
0.42543
0.120931
-0.84189
2.60557
0.06283
-1.33117
1.34785
-0.249828
22.9299
4.64147
-0.721346
-0.134199
-0.877063
0.022767
0.974583
-39.6667
-0.596183
-0.59976
0.449607
0.456274
2.12687
-1.31099
52.3313
-0.341162
-0.128894
-20.6161
-1.46935
0.345094
2.7411
-3.94804
-1.11804
0.647815
-1.19759
-0.484626
0.648562
0.989881
0.127196
-1.09453
1.39645
1.17923
0.243362
0.0331539
0.953091
1.02758
-0.281137
-2.03896
-1.11169
-5.9684
0.535654
-0.0112553
0.73519
0.319938
0.460358
-0.793497
0.445494
1.71892
0.188731
0.654884
1.47795
0.00625006
7.14086
33.125
0.00736377
-0.00830227
1.12205
0.938553
0.951382
-0.588202
1.04697
-60.604
-0.705425
1.03907
0.474229
-1.14038
-5.30278
0.065119
-0.746471
0.788596
0.776447
-0.257548
-2.30978
-0.315919
0.00828324
0.504073
-2.78707
0.114088
18.1401
0.700697
0.17235
-0.173021
-0.777118
2.02679
-2.26059
4.16047
-5.03223
0.767534
0.0536602
0.115402
-1.43215
-26.3443
8.41099
3.24963
-0.190337
0.439383
-1.5144
0.481127
0.0721731
-1.62755
-0.113072
142.132
-0.448374
0.245986
-0.222479
0.499947
1.68094
-2.01124
-1.71054
-2.80917
0.495831
28.2981
3.12296
-2.3056
-2.75942
6.5186
1.24814
1.24288
-0.276041
1.99855
-0.707276
-1.32618
-0.809553
0.537774
0.382536
2.53344
-2.47732
-12.3556
-1.85386
-1.6749
-0.702647
-82.7921
0.0415276
0.31247
-0.204734
-1.51059
0.0983096
-1.09084
-1.2957
1.46748
3.56788
-1.0765
0.787374
-0.805849
-22.3793
-1.27234
-0.533673
-1.31757
-1.3861
-0.67467
2.66099
0.86528
-0.651881
1.35613
-2.47582
-0.472947
0.909551
-0.253765
-0.657916
-0.239046
0.0743423
0.0488655
-27.2371
-0.202234
0.0914374
-0.985514
-0.51884
0.00685309
-0.377645
-0.158355
-11.074
2.04777
-8.67244
-1.80952
1312
-1.74437
-0.631506
0.0977741
0.0328025
-0.10455
-0.0145696
1.93558
-0.276562
-0.20391
0.861073
0.205376
-1.15877
-0.187895
-0.170304
-0.308387
-0.785594
0.0927707
0.479417
-0.601096
0.666345
-92.1247
-3.96271
14.3244
4.56588
-0.214899
9.42429
-1.96564
62.3557
0.254371
0.605772
0.263103
-0.743321
-2.72115
2.60926
7.6847
-6.74461
7.97858
-0.147064
0.16803
0.227517
-0.227429
-1.15661
-4.88289
-3.94459
2.25957
-0.126444
0.137081
-1.31707
-0.670563
-1.02666
-3.42462
0.0246289
0.952434
-1.22543
-1.86459
0.246997
0.101739
5.63452
0.269202
-23.7878
-0.579305
0.376442
-0.14106
9.51075
1.87076
-3.34197
0.398804
0.541939
0.824045
0.478743
0.310503
0.707352
-4.94127
1.45295
-0.293701
1.74495
-3.56358
-3.69236
7.22833
-0.659547
0.0440125
0.91324
-0.0417011
1.13642
-0.326943
0.0912715
-1.23539
-2.36508
2.64444
-2.37939
-0.336467
-0.206777
1.33849
-3.66916
1.52788
2.67943
-0.896706
-4.66456
-11.4771
5.57906
-0.307271
-0.204282
-0.640232
0.159074
562.997
-0.493971
-0.811898
0.186404
-0.0795305
1.57653
3.67062
-0.121774
-2.69788
6.60976
-0.57698
8.98128
-0.449686
-0.461368
0.50695
0.0551931
-0.178416
0.514392
-0.783291
2.68463
1.84421
1.79664
-1.08771
1.23189
-0.21043
-2.81129
3.20526
1.26306
-4.00475
-0.576056
-1.17756
-1.53734
0.452801
0.218301
1.35258
1.04644
-1.21109
5.02982
-2.24874
-2.83028
-6.42094
0.703454
-4.84089
-1.5212
-3.29001
-0.709176
-0.329065
1.27716
1.76327
-2.08724
0.612659
8.20353
5.57938
5.92836
-0.324925
-4.77602
0.582753
-2.18089
0.430929
-0.404063
1.24108
0.0396739
3.7636
2.25112
1.42704
4.02492
-2.29316
0.12631
-1.09611
0.352116
0.425242
-5.91108
1.08412
-6.63156
0.33955
0.0933601
-0.259705
3.42073
-0.265929
4.09255
-7.2385
4.23603
-0.593904
0.0956022
-2.52349
-1.89273
1.31466
0.684204
0.50635
0.205354
-0.0175431
-0.0486824
-1.28323
-0.430754
-0.0210196
-2.86966
0.1365
-3.50487
1.69745
0.254609
0.23407
0.691281
3.32621
-1.96614
1.26573
0.898741
-0.0765572
1.87359
-29.2136
2.25634
0.529662
-0.931445
0.78487
-0.0356142
1.06218
-0.32082
0.297152
0.249295
-2.07369
-0.591539
47.0371
-2.14601
-0.422605
-5.04713
-2.35254
0.191363
-5.7783
-2.99213
0.27691
1.04115
2.4649
0.694786
20.462
-0.630655
1.08292
-6.26833
-0.671258
-2.64358
-10.2536
-0.257588
-0.553087
-1.31635
1.31436
6.45587
0.242424
-3.81085
-1.48553
-0.346061
17.7989
0.367839
3.39477
-3.15824
0.481264
0.604176
0.532481
-0.803539
-0.371369
0.208576
-0.655516
-0.463046
0.743178
0.107971
-0.6631
3.12705
0.111472
1.42448
-0.683963
0.252953
2.21611
0.579701
-1.43963
-0.651264
-0.537793
-0.104475
-3.5888
0.914051
-0.201245
-125.281
0.453497
-0.956009
-8.03808
-0.773471
0.050862
3.03057
0.340184
-0.35036
-0.505059
0.0786254
-0.585623
0.33569
-1.12782
0.447747
1.35174
-2.98156
-2.91927
8.10734
-2.28919
-0.479923
2.74855
-0.963015
0.778483
-0.410274
0.61856
0.346025
0.174717
5.09255
8.504
-1.17349
1.01749
1.76461
-0.966421
-1.51221
-0.377045
-63.8189
-15.082
2.16053
-0.134464
0.65917
0.98363
0.419906
-0.196779
-0.644326
-14.6663
-1.16934
-3.05574
-8.32723
47.8758
-0.144258
-3.21518
1.94853
-0.297443
0.330232
1.83325
-1.34973
-0.0805274
3.87774
7.00477
0.494779
-1.78631
2.2657
-0.242874
1.29038
-0.244772
0.589195
-1.64915
0.565676
-0.382806
1.63369
-1.17766
-3.76447
0.244092
0.406427
0.218559
1.45556
-0.547586
-0.656596
1.04279
9.8177
-0.729313
-0.214543
-2.25815
-26.4188
0.493674
-1.36778
-1.64652
4.32184
1.73239
-0.0710656
-0.94338
0.103839
0.103759
-0.453695
0.243257
-3.1331
-3.37912
-0.695298
0.25366
-2.35771
-2.68625
0.139159
-0.831241
1.25968
0.578955
0.0752492
0.361431
8.92057
0.799281
1.05151
-2.26391
1.06366
-2.99304
-6.66322
-0.326431
0.743472
0.374039
2.71763
5.58676
-1.31127
5.35641
0.760718
-1.79018
-0.352074
0.371195
0.155053
0.492529
-0.88805
0.901371
-1.12499
-2.53553
-0.60881
0.109569
3.477
1.4809
1.30546
-1.90633
-27.5767
1.41568
1.42194
3.9167
-3.85431
0.183559
-0.736064
3.72291
1.30617
-1.41344
1.72475
-0.999213
1.47367
0.163311
1.11386
0.389022
-0.888679
-1.1557
0.616095
0.757861
0.228111
1.06759
2.84115
-0.234473
1.27967
0.402274
0.0240426
-0.187117
0.532825
0.134
3.62966
1.17541
0.0730353
-1.60884
0.0102951
-0.141129
-35.0046
1.2538
-1.56365
-0.232829
-0.857399
-0.615664
-0.0961124
0.387368
0.871931
-0.204184
0.681224
-0.786637
1.88318
-0.821162
0.0822467
-2.72497
-0.0669158
0.248457
0.281811
-1.2084
-0.108776
-0.0494634
0.027566
0.0338305
9.95218
-0.463422
-0.0120548
1.30762
-1.34178
0.0838329
-1.5234
0.923627
-0.0614187
5.80508
-0.693636
10.3865
0.957007
-0.85887
0.763048
0.370252
0.0916572
-0.0679593
6.26368
-0.160038
2.89236
-0.0511579
1.26509
1.3262
-2.07438
0.159226
-0.463263
-11.5825
-0.833869
-0.0172225
-0.539569
-0.614298
0.8412
3.56944
-2.7825
0.360632
-0.987324
0.803483
-0.542144
-26.7675
0.326557
0.87897
1.99
0.491581
-0.0273544
-0.762837
2.03786
24.3502
-0.801339
-1.00393
2.14269
0.906344
-1.95809
0.985203
0.0851319
-2.90538
-0.0638917
-3.06035
-0.929679
-0.380469
-0.7095
-0.451301
1.00129
0.673998
4.57789
-0.207489
1.89683
-0.42565
0.229862
-1.3912
0.731665
2.78344
0.23536
-1.09585
-0.72176
1.23333
2.37823
0.182974
-3.11238
-1.63568
-4.41319
0.356913
0.187605
1.00229
-3.30033
-0.0445355
-0.89817
-0.592415
0.57357
8.20118
-0.492616
0.0441865
-0.139402
-1.09146
-0.170411
0.335991
0.482556
0.840681
-6.96298
-0.0809307
-0.61814
-0.196869
1.79097
55.5596
-1.78822
-0.814297
-1.24305
-0.42342
1.41314
0.544653
1.74346
0.590208
-1.26097
1.54379
2.75792
-0.847356
-2.36314
4.12177
-12.8507
0.0800404
-1.97907
-1.13617
0.24078
1.14049
-4.01864
-0.195188
-0.417504
-1.28601
-0.181372
-24.3583
0.695892
-7.44321
-3.01518
1.11903
0.971448
0.594139
-0.766821
-3.228
2.98888
0.872439
-1.46033
-1.8358
2.27594
0.663214
1.16794
-0.196814
0.0162757
1.40226
-2.45551
-0.586851
-3.8629
-0.0732364
1.72955
-1.10489
3.09863
0.625927
-4.55922
-0.223988
-0.133842
-0.41701
0.673067
-0.7518
-1.37411
-0.616318
-1.06904
-3.38512
4.69727
-12.3526
-2.20298
-0.94126
0.325757
0.941331
0.275852
-0.380696
0.214351
-0.798514
-1.05124
-1.7706
4.31653
-0.37397
-2.82655
-0.959821
0.709075
-0.710517
-0.648857
-1.75506
-0.610176
6.26922
0.291904
-0.446329
-0.264858
-0.145387
1.1249
-5.55573
0.87144
-0.830314
-1.12857
1.03401
1.35721
-1.16626
0.0313833
0.643769
-0.456566
0.0761891
0.710239
0.674384
-0.1213
-0.366642
-1.13922
2.8553
0.187317
1.67499
0.504601
0.235795
-1.36598
0.429825
0.61291
0.201233
-0.105267
10.8706
-2.64919
1.02915
0.00899424
8.42918
0.0780677
-0.155095
3.49667
0.739213
-0.083995
-5.85636
-1.20024
-0.791237
0.0690648
-2.01212
-0.718381
1.78991
4.77153
-0.479316
-0.778234
-0.653932
-0.864696
-1.4726
-0.177353
-1.42045
0.355233
-0.893666
1.00317
0.0742199
1.18491
-0.866519
-0.495331
-1.49968
-1.99375
0.204728
-0.655319
0.307811
0.323875
-0.57008
9.48949
-1.26831
1.43099
0.502865
79.5206
-0.122242
-1.77294
-2.40203
3.60952
0.243639
-1.99493
0.715637
54.0824
-0.0355638
-1.29054
-0.165381
-42.8523
-68.8359
0.742921
-1.39112
-0.525359
-3.83839
1.23794
0.462972
-0.872269
-0.818038
2.16105
4.95971
-7.97296
-0.0708199
-3.14969
-1.75894
22.2939
-1.18726
-0.171388
-0.194345
0.349314
-0.385265
2.83509
1.72242
-1.92383
-0.248235
1.25654
-0.543105
0.753919
0.316182
0.583509
0.553901
-0.261985
-0.103383
0.136789
1.62876
-0.215347
15.6427
-0.232441
1.57268
-0.0286269
0.0714887
-0.0294302
-2.00826
1.04608
10.1662
0.245979
-2.13828
-0.300987
-0.196467
-0.577227
-0.692146
-1.12894
-2.33531
-0.979261
-1.61837
1.88664
3.16652
-2.19288
0.857219
-3.07445
-0.790599
1.62343
-0.239998
0.611687
0.279181
-0.0377759
-1.59736
13.8599
-0.353592
-1.05072
2.59232
0.40123
1.49477
-10.7955
0.197923
-0.275593
1.02994
-3.38785
-1.33317
1.00464
-1.6166
7.8885
-4.1712
-0.702546
-1.09012
0.974833
4.66908
3.03118
-3.17201
0.245036
-0.538846
-0.93402
-1.33607
-1.78517
0.977713
-1.49424
-0.491531
-0.141606
-2.7832
1.86563
-3.28686
-2.45944
0.886939
-1.37193
-0.342172
1.5967
0.409689
0.340585
8.03105
0.303322
1.64917
-0.725525
0.787665
-2.22126
-0.19212
-0.38319
0.561902
0.688222
0.169189
-21.298
3.26015
0.032221
2.6363
2.64742
3.63315
0.298893
1.6495
0.745464
-0.708477
0.0768424
0.734688
-0.601604
10.685
-1.50753
0.169844
-0.199347
-0.0113249
4.5598
2.29815
-0.445941
-67.3803
1.25461
5.70166
1.05974
1.7768
-1.40958
-0.764009
0.577056
0.394765
1.71621
0.480984
1.38248
0.383239
-0.121784
-0.621669
-1.33538
1.55598
-5.65282
-0.270194
-0.170444
-1.78536
-1.07001
-0.823444
0.35957
-0.599757
-0.177017
-0.0613233
-2.00051
6.87208
1.23416
0.533578
0.48036
94.8486
3.14069
-0.441996
-5.23193
-20.9397
-0.112352
8.96567
6.32197
3.62082
3.05965
0.210004
0.793623
-2.46858
1.00055
-1.34597
0.57871
-1.03656
-0.173046
237.367
1.5366
1.13292
0.309099
1.0126
0.596453
0.164584
-3.14811
-0.472148
0.529381
-1.14091
-0.138544
-0.398353
-1.96216
-2.71723
3.58475
-6.09366
-0.440928
1.14787
-1.22024
-5.23017
0.380767
-4.45306
-13.7733
-0.045817
-0.938684
0.242942
5.65662
-6.0633
-1.1214
-0.257806
-0.390359
-12.2244
-0.729146
-1.72552
-0.149655
-0.189167
0.00867223
0.613939
0.218082
0.0609119
1.56315
0.241449
-2.13865
-0.218705
0.108749
5.9317
26.6958
-0.0402571
0.745174
-0.221362
0.217617
2.71736
1.1013
3.73569
-0.245031
-0.0230908
0.36434
0.0758908
1.39338
0.585522
1.16368
3.262
1.50186
5.36968
0.0769428
0.728199
-1.14457
3.03966
1.5179
0.746388
-8.33898
-0.727594
-0.474421
-0.815433
-2.70346
4.03578
-0.843932
0.116926
0.22272
0.853909
-0.0511408
4.50556
0.547449
-1.33084
-0.164517
0.75612
14.1838
-1.0224
1.5194
0.989232
-1.41452
0.113155
-2.66347
-0.701098
-1.56948
1.4948
-0.78622
-7.47513
-0.924825
-7.38053
0.435142
-0.845104
-2.37478
-0.320046
-0.1856
0.245186
-1.60319
-1.20872
2.00512
-0.533143
0.639077
27.0273
-4.33222
-0.0382944
1.56694
-1.68061
3.13264
18.528
1.87731
0.681121
-0.896022
-2.95508
-4.98391
3.27573
-0.735239
-1.97413
87.7227
-1.90367
0.0513564
0.564611
3.43028
4.5844
-0.703325
-0.513922
-0.564209
16.418
-1.43889
0.160171
4.99084
0.334468
1.97448
1.70339
0.287032
0.605571
-0.606658
-0.444883
0.174742
-0.19616
-0.292988
2.23774
-0.563424
-0.133305
-0.113254
7.99458
3.99904
0.453153
-0.556494
-0.801858
1.53722
-0.413451
0.452479
-1.45497
0.187634
-77.9167
1.26233
0.403376
1.16215
2.71953
-0.406585
-2.7678
0.803936
-0.1646
0.573201
0.0612919
5.32223
-1.30456
-0.414187
-1.07474
0.6738
-2.57907
4.73722
-0.129335
1.1756
1.07029
-0.737526
-0.64166
4.15609
0.2253
0.570068
0.868898
8.11158
-2.15014
0.686919
-4.84124
-0.524158
1.97498
-0.0811566
0.295892
0.778013
-6.87432
-1.80978
0.319832
-0.570126
-0.515737
-1.4211
-0.0224008
-0.154236
-0.150034
-1.12559
0.357353
-3.73613
3.99426
1.03246
-27.7196
15.7121
-0.957682
-0.368713
-1.14046
-0.995047
0.186847
1.34857
0.19407
65.5251
-0.186413
0.267788
-3.91829
-3.70238
0.76641
5.69148
0.247602
-0.109503
1.86382
-3.2733
33.1485
-0.364284
-2.24548
-0.988097
0.203797
-0.722376
0.078723
-1.69071
-0.873938
8.8514
-0.310149
-0.0812698
2.63935
-0.0954141
-0.0858394
0.493107
-0.0988373
-0.881519
0.459083
-0.14204
-0.615852
-0.123628
-0.462105
-0.772766
0.413212
-10.7443
-1.80627
0.973016
12.0684
0.516096
3.25176
-0.585387
-2.9743
-0.0301733
0.0398586
-0.410023
-1.71324
-0.287846
0.314107
-0.901299
1.87785
0.902155
0.599065
-0.10643
-0.0669745
-0.679198
-0.433073
0.552525
1.0436
-0.698145
0.35357
-2.20832
1.26941
-0.611099
-1.21265
-0.288894
2.61498
0.145251
-0.129979
0.276048
0.585043
-1.09659
-0.325932
-2.41343
-0.677676
-0.179822
21.9192
-0.0509945
-4.42316
0.912125
0.827668
3.94075
1.71512
0.76171
-0.125637
0.924579
0.871739
-1.54826
-3.02504
1.06681
-0.614866
0.427529
-1.50833
-2.5017
2.63345
-0.287261
-1.40181
2.3717
-0.816885
-0.789641
1.87267
3.47964
-55.1785
-2.54044
-6.95791
0.357934
1.97453
2.53953
0.75987
-6.3154
5.88433
-1.53037
-0.995977
-0.593701
-1.77001
0.478255
0.244446
0.655011
-0.327349
0.664741
-0.695603
0.0157758
0.813529
0.0267079
0.581615
1.04444
-0.711951
-0.808406
0.131472
-20.3436
3.79891
-3.02079
-0.459914
1.54381
0.31372
-0.649605
0.257246
0.00212565
4.84967
-55.559
2.24926
1.93825
-0.296228
-1.55883
-4.21731
-4.86753
0.402521
2.49528
-0.91415
0.71641
1.9383
-2.30264
-0.317656
0.0789532
0.604252
-0.492546
-1.56683
1.18385
-0.138418
-0.0452142
-0.58327
-0.176541
0.158057
0.912161
0.241525
-0.381157
-0.191634
-3.49888
0.823425
1.03644
0.26518
-5.11732
-0.280201
1.70905
-3.61225
85.6682
4.02149
-2.14956
-0.0827578
-2.16879
1.2157
27.51
-2.22638
-0.0960385
0.183761
-1.46881
-0.273538
1.13576
-1.175
-0.659339
0.397419
-15.7367
0.0838127
0.197727
-0.715923
0.325908
-0.308185
-0.508758
-0.915319
-0.540761
-2.80771
0.762824
-9.09363
0.825108
-1.6126
0.0695848
1.92246
6.36839
0.0141725
11.4642
-0.905
-0.616547
0.887155
-0.542493
0.553104
2.38976
-0.294319
0.962905
0.808668
-0.0338283
-2.6302
-0.942806
3.87378
-1.3981
-2.56687
-0.222878
-0.671551
0.672668
9.41416
-0.633719
0.721978
1.67637
-2.41474
0.468195
0.229323
-0.817798
0.557558
-0.566467
1.55486
4.69585
0.309926
4.00659
-0.748032
0.309233
0.430205
1.60369
-0.605291
-5.33108
-3.53831
0.0239102
5.91833
0.3759
0.192668
-0.990411
7.83479
0.526272
-0.324219
0.0959689
-49.6075
-0.168389
0.664144
-2.75882
1.20009
-0.654762
0.061546
-0.945623
-5.19994
0.633925
-2.45427
3.29673
-4.63446
0.330671
-0.949213
0.765955
-1.83085
0.4601
-0.268897
-2.93874
0.769373
0.780263
0.844582
0.702302
1.68318
3.56299
-0.108353
-0.479263
0.268002
-2.68195
-0.291179
1.63142
-0.525562
-0.479493
-0.323365
-2.68799
-1.65772
-0.724875
-0.482916
-1.09589
0.218834
0.0978431
1.8343
3.08525
1.0168
-0.126326
1.5286
-3.23992
-11.678
2.27159
-8.79879
-0.41221
0.0973398
-0.368208
0.65488
2.45507
0.42822
4.52112
-0.208503
-4.25543
0.690932
9.21404
-2.13752
3.90278
4.65007
-1.00891
-0.0609157
0.273154
-0.519742
-1.51988
0.665274
-0.648195
0.472209
-0.0453899
5.02056
0.260469
4.08386
0.350349
-2.40997
-0.117708
-0.629772
4.87424
9.29882
-0.722303
0.722507
-8.93363
-0.308998
0.916878
-0.258244
0.408594
0.0373087
1.18668
1.82136
-0.882621
-0.230956
-1.46488
-1.46062
-2.77578
2.11139
-0.788342
-0.471557
-1.62943
1.67563
-26.106
-2.22526
-0.00811145
1.88537
-0.475618
1.79788
-0.030609
0.878036
-151.073
3.73012
-0.611254
0.047281
-0.819791
6.3987
-0.400335
8.95559
-12.2011
-0.0529981
-4.3979
7.56428
-4.6023
1.26988
1.38725
-0.57427
2.13141
-0.523946
0.55923
-0.275621
-1.70556
0.116189
-0.0685627
-0.714633
0.0295738
1.20464
-4.30329
1.06065
-0.883176
0.285693
1.12595
-6.70208
-4.46796
2.97964
-0.0913864
-13.0473
0.398066
59.9028
-0.747977
-1.35503
-3.06302
1.10449
-3.26628
1.67896
2.20835
41.7519
0.557284
-0.346065
-10.3916
0.407111
0.542309
0.195958
2.99076
2.32699
1.12582
-3.92534
13.0059
0.211239
-1.61248
-0.0837924
0.106761
0.638648
-3.22299
0.267048
-0.279588
-1.31361
1.1587
0.0952256
-0.55104
-28.59
-0.79315
-11.135
2.84395
-1.03956
-4.10439
0.590124
-0.47167
2.50682
1.37894
-3.90758
-0.545819
1.63023
-0.0132387
-0.419909
0.362918
-1.42837
-4.95995
-1.61595
-0.135936
-1.7012
0.832469
-2.17386
2.20291
-9.97558
-2.77258
-0.719492
0.684292
0.115913
-0.684398
1.75855
6.43967
1.73987
0.334664
1.66585
-0.0774363
0.979646
-0.891474
-0.137794
-5.97808
-0.166815
-5.35467
0.7082
-3.77627
-0.5621
-12.471
-1.44699
-2.22279
-1.51118
1.02636
2.19223
0.6206
2.22439
-1.8506
408.669
0.0754531
0.227021
-0.629371
0.540698
0.271183
-0.037171
0.256753
-1.17727
-0.333019
0.846798
-0.980351
1.53319
-2.22165
-0.775386
-42.0669
-6.54204
-0.372735
0.500662
0.0365298
7.09143
0.685845
-1.05907
1.02073
-2.50604
-0.582379
-1.59778
0.199006
-2.00405
1.66574
1.44816
0.743948
-1.44564
0.0556212
-9.54385
-2.8637
-0.0172476
0.194928
2.54595
2.73377
0.382995
-1.32681
-0.517504
-1.23187
5.96895
-6.64176
-0.250623
-0.500434
-3.07084
-0.973315
0.982227
-266.962
0.518181
-2.11822
-0.186068
3.82211
1.07284
1.22655
-1.4726
-2.84753
-1.31335
0.567107
1.9383
-21.301
1.24798
-0.380461
-0.24116
-3.27916
0.737396
0.103665
-3.40741
-1.92056
0.521092
0.777162
1.06235
-0.59165
-0.686986
-1.98705
-3.55045
9.36108
-0.783708
0.178327
-1.04237
-0.190356
0.0205219
-0.898603
-0.848234
0.248084
-6.15926
-0.719252
-0.581737
8.68889
0.82352
0.270767
-2.58336
1.66756
0.410633
0.618502
-0.401416
0.187845
-0.121244
0.2975
19.0171
1.09622
-99.5303
-1.25835
1.41928
0.235235
1.04752
-0.423041
-0.183904
-0.492453
-1.69164
308.578
-0.56938
-2.69995
11.5603
2.90244
-0.123673
-0.448322
-1.90638
-0.890951
-0.0223212
-0.833473
0.227853
1.02952
1.12583
0.330235
0.362601
0.975584
1.28531
1.18593
1.89495
-12.1485
2.25915
-0.184364
-0.312566
-0.7726
0.138581
4.87613
-3.94548
-0.362125
-8.72312
-1.10677
0.333765
-17.018
2.23801
0.608912
-2.52836
-29.4681
0.114927
-0.00030579
-3.20051
-0.158429
-2.83925
-1.00896
9.94762
-1.2175
0.92041
-0.362223
-0.632532
1.37746
0.212217
-0.300752
2.91287
-1.06866
0.52694
-1.17187
0.616165
2.56717
0.489311
0.88787
-0.354939
-1.22112
1.25682
-1.37818
1.11837
5.04855
-2.09605
-0.506193
-0.154979
-3.32518
1.52297
-1.46569
-2.70797
-1.13213
-3.92058
-3.3554
0.829705
1.06141
0.280149
4.82223
-1.83076
-0.199967
-1.57609
6.38483
-1.146
5.46968
-0.215863
0.940451
-0.838258
-0.766538
-2.78919
-1.34719
4.19595
0.181498
-0.700555
-0.265721
2.21577
-0.837078
-1.46527
-0.24317
-3.16658
-0.194353
-12.526
-1.89931
5.00947
-0.197971
-1.56933
0.768199
-2.6087
1.18446
0.514478
-1.07362
-0.919351
-2.66595
0.597236
-0.034786
-1.42337
-0.468282
-0.0361515
2.43528
0.632825
-0.159172
-0.493944
0.533819
0.343247
-1.39797
-33.6204
0.0680489
1.37619
0.568346
1.03067
3.38755
-0.549604
-0.727209
-0.461186
0.454899
-3.07073
-0.390798
-2.772
0.317726
-6.68196
-1.01035
0.110305
12.4281
2.30621
-3.62113
-0.836096
0.911751
2.89574
-1.55778
-0.308588
-0.717653
-3.18159
77.2302
-0.109778
0.304513
-0.28163
-0.730132
-0.295978
2.16902
-33.5248
-1.58454
-0.676825
-223.991
1.045
0.0148961
-0.82127
0.74998
9.50698
0.579697
-1.00369
-0.642335
-1.95939
-23.1421
-0.236088
-0.613341
-1.21697
1.60622
-0.182438
0.655348
2.65547
-3.43983
0.532426
-0.0395206
1.2009
0.573942
-1.16014
0.0354517
-0.783828
-1.29836
0.0822346
-0.111383
-1.94327
-0.645641
0.812284
62.5089
0.79659
1.60946
0.0344385
-0.127453
0.950182
-0.271452
0.943953
0.434633
6.68731
0.478125
-1.4323
-3.2908
0.0101157
0.212481
3.43476
-1.03289
0.168031
-1.33549
4.51125
-1.32874
1.54956
-2.73836
-1.60099
-0.897636
-1.81123
0.116595
-0.114114
1.5583
0.416939
-1.67961
0.325076
4.68492
-9.88896
6.7336
1.62263
-0.045221
16.0936
6.02872
0.0180582
2.69462
6.53522
-5.30445
2.96956
51.8165
0.183294
0.144627
14.5567
-12.3107
8.84959
1.15105
0.3871
39.1572
-5.20818
-0.884569
4.34055
-2.29466
-0.422324
-0.0594015
2.41692
-2.83703
-1.28352
-0.507976
-28.3154
1.82978
-0.968151
-1.01044
-10.7455
0.985147
-0.492494
2.62765
-0.720352
2.74378
0.928596
-7.32448
123.33
0.250162
-2.55278
11.5525
0.569995
1.45861
-4.59516
0.720504
-0.916066
-0.091418
0.11594
0.227745
-1.29005
-0.829675
1.763
6.19068
2.18345
2.33444
-1.14235
-0.801081
4.73004
0.861253
-1.06831
-5.23174
-0.642935
0.416806
-0.0334551
1.78627
1.79639
-3.83962
-1.00959
2.51339
1.67274
2.00179
0.794722
-0.159708
-4.85265
-0.159861
-0.122044
0.969029
1.37634
-1.11667
1.18444
-2.46002
-1.32573
-2.75087
0.315
2.56783
-0.407084
-0.515662
-0.380216
29.5904
-0.200135
-1.75129
-0.22956
0.710857
-0.778491
-0.745984
3.42023
2.68327
0.272698
-3.70878
3.90701
2.43407
0.258064
1.75493
0.698692
-0.127249
-1.4331
0.131481
3.16874
-0.0835183
2.16927
0.0787755
1.57006
-9.55866
1.31732
-15.1319
2.03412
-4.3654
-1.76001
1.61001
0.605638
-1.10983
82.1123
1.17307
-9.59713
-4.91929
5.36576
-10.6411
4.36907
-1.71771
2.87953
-112.005
0.302167
1.31147
-0.905147
-8.28365
-1.05476
-9.36274
-2.35574
1.75261
-0.135562
0.182362
-819.08
-1.27779
-1.59959
-4.91078
-32.0571
1.22349
4.36214
0.589839
-1.65606
3.28528
0.350441
2.56517
0.381611
-2.39456
-0.759964
0.405069
3.44599
3.68964
-7.55086
3.3633
1.72264
-6.34399
0.501962
1.52738
-4.86179
-0.701806
3.23295
-1.03298
2.13137
-0.156817
-6.49749
-2.3869
0.223715
44.35
0.147463
-1.56713
0.847504
-37.1344
0.55405
0.859464
1.28414
1.604
-0.269794
0.0304813
1.16103
-0.384211
-8.86818
-2.71772
-1.85322
0.0228217
-1.5419
-0.834921
-0.577987
0.286079
0.67052
-0.0453175
-5.36609
26.5321
-3.77428
-0.360079
0.358681
3.99686
-0.220814
-1.6853
-0.371
-1.28095
0.220793
0.685507
-0.364403
-0.492133
0.45938
-5.52809
-2.55974
0.0828718
3.1113
-9.72995
-2.13676
6.67177
-1.267
-0.691708
-17.3357
0.723852
7.57803
1.50724
-0.880793
-7.31269
6.06568
1.01703
-12.2715
-0.789961
0.588164
14.1257
-0.92115
0.535402
-4.56429
-27.9882
4.48134
12.2782
-2.5464
0.991921
0.985147
-0.302173
-0.450023
-50.5954
1.59545
0.229405
0.131603
0.0600042
0.25258
1.6785
-1.33974
-1.27527
-0.719901
-0.259092
1.13282
1.78532
3.20135
-0.817418
-7.51095
-5.9936
4.09887
0.228638
-0.96293
0.671558
-1.70508
4.00862
-5.53866
-4.20235
0.113309
3.61198
0.308076
-1.1045
-0.415479
-0.968011
0.569087
-9.36088
0.27176
-0.517495
-0.463766
-0.414549
-0.14751
0.547709
-0.348712
-49.3046
-23.0987
1.95486
-3.02107
1.72957
0.236333
-2.22841
-0.592704
-0.63066
1.51587
0.205853
1.09628
-0.0172368
2.33936
0.823824
-0.232345
-0.0977379
-8.7716
0.762515
0.0757192
0.187999
11.2215
1.16377
-0.207197
2.75934
-0.169065
0.867629
-5.52978
-0.037896
-0.176994
0.856027
3.41362
0.0441915
4.05081
-0.828913
-1.05834
-3.0568
-0.387686
-0.507253
0.762828
5.69591
-1.56034
-2.06493
6.83262
-0.762613
2.87737
0.0836815
3.18379
-0.857916
0.10399
4.12493
-3.31059
-3.42485
1.68078
-33.9682
-0.315731
0.859059
-1.11412
-0.0347289
-7.81297
1.55687
-0.285273
1.4041
1.67324
-0.564169
-0.573207
1.35253
0.613251
0.251589
-1.78362
-0.646637
-1.06013
0.398395
-0.721737
-0.837869
-0.137032
-0.652728
0.356216
-0.142775
-7.44575
-1.86255
0.39579
-0.151121
0.249108
-1.25047
0.608793
1.58333
0.578022
-0.668551
-1.66275
-1.26859
0.164889
-0.51804
0.554826
-1.11533
-1.50271
-2.36338
2.07214
-0.758799
-2.02965
-0.325867
-4.12965
-0.361908
-0.647359
0.530701
-0.126027
-1.50978
1.36058
0.107265
-3.24021
9.85283
-0.170627
1.18708
-0.202331
0.476839
-1.00275
-0.132327
3.36907
2.27138
0.801063
-2.1691
0.128612
0.901691
-0.14121
0.112068
2.21239
-1.34337
-1.18826
1.89045
-0.536579
-0.459514
9.6733
-1.12425
1.37184
0.401332
-0.591622
-0.730942
11.1175
0.317649
2.07271
-1.98388
9.37908
-0.132762
0.571959
-0.760984
-0.197632
0.176629
0.727495
1.55054
0.740917
-0.192192
-2.04782
1.93741
-17.1749
-1.26527
-1.84404
-0.080112
0.170756
0.591293
-0.916203
0.333603
-1.61023
0.689571
0.539154
-3.4014
-0.644846
0.390547
-6.46455
-2.43483
-0.759454
-3.15698
-0.678256
0.970885
0.117094
-0.0939655
-16.5534
0.997891
-5.39544
0.173248
-0.83866
-1.54592
0.144537
-18.0659
4.8241
0.99835
-2.20865
-0.49884
-0.38795
3.7549
-0.394647
-2.72872
-0.567655
-1.84155
-4.67777
0.980692
7.66244
0.502136
1.00174
0.974398
-2.9108
-0.446957
-0.999358
1.56356
13.3865
0.230017
-3.45477
-35.7734
-2.80883
-44.1264
-1.50318
1.62145
-282.539
-0.298168
-0.710963
1.91423
-0.204786
-0.213372
-1.04715
0.851443
-0.227839
0.298724
2.4686
-0.231312
-2.66577
0.230404
1.03173
0.343241
-0.741919
-346.868
-0.0633699
-0.0419691
2.01966
-0.527458
6.10299
0.148944
0.601805
-3.11389
-0.470314
-1.30957
2.4454
-7.10639
-1.43739
-3.51783
0.167316
-0.834334
-0.885627
-1.37627
-1.58878
-1.52948
-0.786591
-0.133624
-0.133308
-1.04104
-0.326339
-2.65595
-0.475082
3.40336
2.45118
-1.17012
3.97657
0.867323
-5.94815
3.88116
0.0514401
0.754821
-0.392035
1.48099
2.14505
-22.1554
1.02842
0.429937
0.977433
-2.94336
-3.1446
0.239912
1.62383
-2.90222
-0.256666
-1.02435
0.243586
-4.009
7.2151
-0.964716
-0.052786
0.252515
-0.321404
-0.285631
0.923844
3.27439
0.269265
-0.256108
0.966878
-0.0421715
0.2697
0.923521
-0.256433
-208.408
-5.02697
0.715109
-2.93259
-0.772093
4.53822
-2.11427
-0.824026
-0.1796
-1.75864
-1.21336
-0.601996
-1.36575
0.984704
0.122713
0.930332
-1.20582
-2.77337
-0.119201
-3.75171
3.51821
2.11405
0.161677
-7.06095
0.027829
1.19506
-0.602563
2.58488
-1.03074
1.41335
0.273906
0.636333
-0.384151
-6.10637
0.62558
-0.186587
14.5106
-8.38712
0.0897694
-6.69145
-1.31863
23.8514
0.979237
-14.3992
-0.210022
-0.0307241
-1.21951
0.657922
0.179953
-3.61848
25.4978
-0.507959
-0.662785
-1.53819
0.437295
1.87988
-1.39575
1.15667
0.946661
-0.4573
0.340971
-1.12831
0.0910021
0.603011
1.75908
0.503205
-2.5221
-0.681802
2.13376
-23.895
-0.432522
0.415979
0.210674
4.32009
1.99774
-0.2407
0.000458179
1.79547
28.5826
-0.670894
2.34223
0.464922
0.440347
5.23865
2.54862
-0.246004
-2.04645
-1.60702
-9.6689
-0.173786
14.0954
0.507126
-0.140529
1.54993
-0.5681
-1.2103
-0.167888
-2.18005
10.7086
2.2004
-1.36953
-0.0474385
-0.329093
-16.4739
2.91532
0.321804
0.186824
-6.45262
-1.66536
0.0177723
-0.0944127
-1.06268
2.16891
8.13906
-0.0698145
-0.208701
0.928355
-0.176131
-37.839
0.616077
-1.25393
0.0791792
-1.08967
-2.54066
-0.244644
0.248443
0.170653
-0.0414178
-1.5008
-2.67281
-0.488279
3.65661
-2.78152
-1.59235
2.83054
1.83536
-95.3469
0.709018
0.306052
0.577788
0.596036
0.442877
2.56835
-0.5891
1.12966
0.819757
-0.302679
2.66965
-1.4355
0.432789
-0.679924
2.9719
0.781975
0.203462
33.301
0.978437
-0.176647
0.255731
-0.900379
-0.099547
-1.32355
0.824254
-0.577896
-1.58365
-9.98959
-0.869617
1.49043
2.10839
-3.46744
-3.3144
-0.158634
-16.8226
-4.11391
-4.04858
0.099992
1.0187
0.539387
-0.100147
1.73722
0.343085
1.87573
2.19222
0.333349
-3.96313
-1.5567
-1.43264
-0.765744
-48.3637
1.0782
26.0893
-4.30891
-0.0252448
-0.552981
2.5742
-0.0766173
0.407642
0.979657
0.931748
-0.562925
-0.00986853
0.0861671
-2.55656
-0.465299
-3.29909
-4.79249
1.34967
-0.365548
130.801
1.8131
0.192341
1.35868
-49.6515
1.17209
-0.439173
0.9567
0.816549
0.340524
-0.704197
3.57254
-6.84405
-7.78918
-17.2598
0.094536
1.15901
3.4166
-3.20331
0.0253277
2.18832
-4.2892
-3.84215
0.302601
-0.134604
-0.244325
0.898543
0.319252
0.271093
-13.9684
49.1083
1.01691
0.0495531
-0.14429
-1.33177
0.558292
1.38088
0.477342
-1.09547
0.533629
-1.40693
0.432245
-0.564878
-0.758574
2.89968
-1.31363
1.04802
-0.514373
-4.00063
-12.6391
-0.601633
-0.222628
0.11207
0.229284
0.0156896
5.89759
0.459968
-0.423153
-0.0961039
-2.81927
0.501617
-1.44158
-3.16999
-0.236153
-1.34133
0.736878
0.0116339
1.62181
-14.7899
-5.00293
-0.221599
-0.657116
0.0800026
-0.211023
1.65738
3.84998
-0.557297
-1.03478
-3.86955
-0.405779
-0.686229
-1.41575
3.23515
4.36238
1.37419
0.689355
0.132289
0.0235337
-0.63674
-7.13286
-0.0290724
0.0927217
-0.754647
-0.533712
-1.8837
-0.482938
8.63584
2.58488
1.92605
0.445385
2.49541
0.783625
0.577501
-0.300006
-9.74658
-0.0140351
5.89148
-0.378428
-0.123258
0.141626
-3.7243
-0.723757
-4.58425
-1.25577
-1.47874
1.06746
-3.17728
0.167024
-1.23725
-1.16053
-2.68007
0.50635
-0.313519
0.745565
0.38627
2.72494
0.262988
-0.641527
-0.484356
-4.43327
0.935175
-1.59053
-0.94074
-1.30241
-0.70962
-0.190016
-31.685
-0.0471367
0.782369
1.55339
0.467899
-1.35125
0.286739
-0.843431
-1.11436
2.02874
-0.184141
0.728941
1.60708
2.48872
-1.87208
-10.7582
1.10432
-0.886188
1.11617
0.313144
-0.522637
-1.1753
0.524011
0.202257
-0.552009
-0.661933
1.65444
-0.907187
0.114761
0.330651
-3.58881
1.76486
0.12059
-0.358395
-0.104347
2.81205
6.74835
-0.647433
1.69866
-1.87978
-4.36334
2.35413
4.79826
0.0921838
-0.0235158
-0.0575871
0.280616
-1.55251
-2.55666
-0.326804
0.70925
-1.83353
1.59837
-0.590917
0.0270882
12.8735
16.8934
0.0611488
-3.92949
-0.0754521
-1.15837
0.940714
-1.72492
-1.27624
0.1505
0.173679
-0.915972
-0.324878
-6.59159
-17.4066
-0.518692
104.033
-1.28912
1.14708
-7.95512
-0.0182161
0.194842
-0.154893
-0.0398096
2.58105
1.09885
-3.53543
-8.39097
0.69731
0.960461
-0.590851
-0.11664
-0.639122
0.301163
0.328767
-0.71157
0.423217
0.307621
-0.759735
10.6595
-1.79386
2.30775
-1.76612
-1.20523
0.0439741
7.41635
1.36282
-3271.28
-1.33851
1.57172
0.684341
3.52435
-0.0162181
0.0453884
0.265589
-0.706398
0.666679
1.13166
-0.33069
0.0569365
0.131437
0.477485
-0.781656
2.58716
6.21149
-3.30444
0.261137
1.23857
-0.354363
-0.228826
-0.57054
-2.45076
-2.60507
2.20963
-2.11182
-2.85293
-0.858354
0.393473
0.107394
0.651417
0.130479
-0.57588
6.84592
0.366206
-0.252725
4.68359
-0.657636
-1.38886
0.871566
-1.16285
1.40873
-0.243782
1.62321
-0.561081
-1.04496
2.38381
-0.552204
3.1997
-22.4542
-1.63382
0.662263
-1.07738
1.43713
0.157704
-0.890777
0.67012
1.22459
0.754266
0.120183
-0.702744
-4.85631
-0.232344
-1.66146
-0.32123
0.281767
-4.73036
7.07928
0.130591
-2.12033
0.218553
2.91349
-3.56021
0.225035
17.5181
-0.366557
3.29007
0.853999
1.14007
27.8574
16.254
-1.78669
0.984282
1.06401
0.241672
-1.66897
1.69017
1.58073
-4.33747
-1.19327
1.04722
0.58819
0.752264
0.795559
-5.30669
1.89735
-0.16595
-1.25013
-0.741398
6.01239
5.0054
5.79581
2.09792
1.06163
2.7193
-4.41252
12.8781
-2.85216
-1.46553
3.18148
-0.177312
-2.07346
-0.121905
0.732562
0.570184
-8.35438
-0.918268
0.347989
-0.878375
3.11022
-1.96801
0.251843
6.67671
-0.870858
1.09303
-1.12088
0.666149
0.0458926
1.31675
-0.938676
1.9849
-0.397024
1.1209
-1.91914
0.151436
0.273099
0.296323
0.87333
-0.548708
-0.0889029
-0.266077
0.465521
2.98714
-4.99358
0.876882
-1.7598
1.47753
-2.82356
1.4911
7.4604
-0.868067
-0.0411939
-2.55205
0.650452
-1.14865
-3.88797
-0.388231
-2.03632
-1.2003
2.25351
0.401144
0.16547
-0.22905
0.58129
-2.77352
3.99506
0.81696
-2.04147
-0.589935
0.531366
-1.48918
2.20719
48.0517
3.60182
0.807894
0.856054
-1.22112
1.4494
0.226134
0.0840512
-1.40228
6.00794
0.425474
-1.70145
0.454266
-6.68171
0.830434
0.0826972
0.0892626
0.926206
0.709327
0.263834
-0.894226
-3.79454
7.05616
-8.34228
0.126368
-1.74234
-0.603363
1.72454
-31.1634
-0.195444
-9.36284
-1.26763
-3.94956
0.781929
-9.11443
1.67066
0.794091
0.564198
-1.86602
-1.01088
-14.625
5.84601
-1.48385
1.00696
-0.935724
0.723866
-1.63022
0.69983
-0.490823
0.226164
-0.14032
1.22043
2.59825
2.58064
0.487289
50.2977
0.104918
18.8259
1.57926
1.50493
1.36115
0.808767
-2.07969
0.705891
0.376284
-6.31463
-5.57957
12.5202
0.230852
0.69396
2.9066
3.01783
-0.601466
-0.0236602
-1.28592
-0.25437
-1.20854
3.0305
-0.203256
-2.00649
-5.61808
0.157995
0.444768
0.101396
-0.382296
0.232522
0.624475
5.1466
-0.487021
-1.54534
0.365032
-0.175555
0.480015
1.51562
-1.06801
-6.75816
0.760469
2.6233
-5.71712
1.53303
6.07531
0.269854
-0.102411
-12.6227
0.186899
-1.45848
0.24126
3.41068
0.0523643
-4.13859
2.37711
0.68024
1.8515
6.89048
7.38136
0.661337
-1.83915
-0.58542
0.592806
-4.134
0.550031
-0.253349
8.13593
3.34715
0.731458
-2.13623
-0.529799
2.28184
-1.41153
-0.286405
1.47189
-1.1316
2.19308
-5.72765
-0.27789
-0.356951
-0.0305106
2.21448
1.32567
-0.289167
-20.8443
-0.403865
3.61466
-1.3259
-1.23467
0.846458
-0.494688
0.552002
2.40268
1.14634
-14.0686
-2.20468
0.356287
-0.568622
-0.702335
-0.016853
1.40964
0.620252
-0.735858
0.757029
2.62505
0.964926
-25.4631
-11.3806
-2.17473
-0.131167
-2.9833
-0.249583
1.17082
71.531
0.898243
-0.466613
-0.401523
1.0459
-3.86523
2.78529
-26.8103
0.00377398
-0.0269482
27.828
0.901655
-1.60581
-0.34024
0.313604
1.74247
1.68486
-0.172919
629.381
-0.695172
-1.78859
-0.387119
-1.38215
0.908037
0.614927
-2.6731
0.642279
-0.393433
-0.122765
-1.80822
0.508405
1.45047
-4.47964
0.0372122
-0.643537
2.95758
1.23041
72.8251
-1.15862
-0.501969
0.090708
-0.387563
7.45065
-1.09968
0.626403
0.194475
-3.09498
-16.6595
-2.73556
-1.9332
-0.506207
-2.90206
0.879593
-0.230463
-0.537714
0.414719
17.3236
12.4085
1.92494
1.55416
-2.63104
-1.98182
0.00167762
15.4927
0.291132
-1.65471
-0.954427
2.03643
-0.52942
0.585562
-0.756376
0.360141
-2.42698
-0.782333
1.35509
-0.0593346
0.478541
-5.84138
0.351583
-18.7992
0.887197
-2.12839
1.73199
18.677
0.685537
1.91945
2.48571
-1.82604
-0.661699
-2.43526
-0.730313
