18.1053
1.38178
0.208364
-23.5344
14.5562
-0.779345
10.6071
-4.07466
-5.01888
-0.425554
-0.219415
2.55031
-0.456058
-2.68517
-0.0945777
-0.480849
-2.41366
1.14928
0.385262
-10.5798
-0.318925
-40.1007
-0.812625
-1.63755
-0.684517
-1.89146
1.15119
-0.409838
-2.30426
0.0348881
0.118328
0.842946
0.267233
10.0578
0.0528573
2.3676
1.50649
1.49864
-0.16009
1.52413
-0.0266506
-1.84354
-1.23081
0.569178
-0.217214
-0.780854
1.13775
-0.831854
-0.418906
0.362462
10.1597
0.0166151
-1.04996
0.570548
0.0556185
-0.315111
-0.337154
18.4777
-0.586649
-4.22202
-1.60008
1.71796
0.572254
0.271144
-0.504905
2.73255
-1.21192
0.595943
-1.40598
-1.67374
1.36659
-1.4848
-0.0483024
-0.425992
0.0821497
-0.209448
-0.511599
0.6911
15.9816
-0.10227
0.363349
-3.73552
-0.244985
8.79501
-3.57963
1.14154
-1.32958
0.502159
0.4165
0.765886
-0.310052
20.4329
0.794143
-0.0823364
0.999276
0.592623
-0.134362
0.90162
-0.824897
0.355903
-5.12079
22.5926
0.833507
-21.2172
-0.380853
-3.76899
16.1393
0.710487
11.1887
-0.509227
-47.9418
1.66344
-0.876845
-20.237
-0.438367
1.24663
35.9381
0.426481
-0.35433
-1.64657
0.0987049
0.930316
3.54913
-2.03594
0.160039
0.630881
-1.91998
0.767269
1.48568
-0.885215
-1.92493
-0.988309
0.174232
-0.624093
1.73378
7.1079
0.0794682
0.205708
-0.702171
-0.592266
-0.543577
1.41801
-1.6133
0.349607
1.14879
-0.720047
-0.350033
-0.849401
0.146697
0.915312
3.05208
0.382625
-0.977948
-1.07189
0.0106769
-0.250245
31.3412
-0.389167
0.296607
32.5763
11.4524
-0.431835
-0.0599605
4.03278
-0.190113
-3.04283
2.94786
-0.253329
-0.194392
-0.279539
2.83776
0.369866
0.445865
0.185171
-8.7138
-21.0788
-0.69723
11.7941
-1.66039
-5.60439
0.511414
-0.51823
-0.909137
-0.555289
-0.0169045
0.523893
-10.1771
-1.15269
2.52681
-0.168116
-3.50204
1.34643
0.538095
-0.3397
0.355626
-0.348901
0.537875
0.0516548
35.2812
2.20708
0.171433
-3.72877
-0.461326
-7.20913
0.34425
1.01416
0.155199
0.746802
-1.10062
-0.194123
-1.83979
-0.774661
-0.283147
0.6297
0.244837
-0.0651494
0.87056
0.70077
-0.0180284
0.00287394
-1.68296
-0.621901
0.663218
-3.61893
2.24843
1.84106
-0.238147
0.931412
1.72904
0.235467
0.781589
-1.20522
-0.321737
0.197455
-0.435661
13.5322
1.04547
0.723898
5.70621
6.10623
0.561867
-0.500309
-1.15626
-0.249391
-0.26615
-10.8817
-0.654067
-3.7746
-0.252578
5.1156
-0.234855
0.238411
-0.00952723
1.52491
-1.36723
0.147854
-1.35802
-7.19573
0.44031
-0.840033
-0.719834
3.60482
0.278819
-0.859875
2.13524
-0.356264
-0.907064
0.661707
1.11773
-0.0302085
0.330963
0.630969
1.95747
1.63746
-18.3059
0.685339
3.27976
-48.3639
-1.19676
-0.652332
5.15943
-1.90582
23.7331
-7.02082
-0.0125931
-0.690811
-0.428875
-1.32913
-1.6506
-5.45617
0.709148
-0.211795
20.8373
-0.316975
-0.481365
-1.36886
0.540489
-1.1538
0.537458
-1.12851
-0.335147
0.507164
1.17881
0.96216
0.260675
2.03956
2.40941
-0.553348
-0.606776
1.25368
-1.02583
-2.33253
-12.9602
-2.00227
0.309857
1.09192
0.368291
-1.34992
0.052611
-0.862362
-0.692062
0.854787
1.23019
3.34336
0.597444
0.561549
-1.24373
-0.122238
-1.6272
3.31693
1.2284
-0.685225
-0.178989
-2.76021
3.96564
-1.43958
-0.511484
0.645689
-0.0952771
-1.47532
-0.677016
-0.863984
3.16501
0.492549
-0.031103
-20.7906
0.0948321
-2.8427
0.60438
3.32812
6.15713
83.6236
1.1686
-0.609308
-0.942356
-0.8273
5.27903
-5.86094
101.604
0.0633466
3.308
-6.03999
-3.78696
3.22719
-30.964
-1.69337
-18.3274
-0.42175
0.858802
1.58709
-0.366456
0.0317579
-1.43659
-1.64337
-1.75159
-4.62611
-2.85588
0.114339
-0.676931
-0.494644
-0.352709
-0.744476
0.482429
-0.0604605
-1.12273
0.593682
-0.125569
-0.557785
0.862414
0.497719
-0.43748
-7.31721
6.81144
-0.490892
28.5915
0.494901
0.83239
0.0333388
-2.48889
0.668095
-3.52075
-0.203542
-0.275075
-12.7552
-3.88479
-0.386388
0.553142
14.7387
0.104406
4.07459
0.433224
-0.516137
2.32481
-0.48183
-0.802597
-1.11507
0.00602546
-1.33951
-1.93632
-0.566214
-0.533104
0.867693
-0.792366
1.04949
-1.20619
0.467238
-33.1161
-0.155384
0.306769
-0.260974
-0.158765
-0.122334
-0.825368
0.935528
-32.5169
1.38383
-1.17441
0.766842
-6.1005
0.953601
-0.194815
-0.48312
-5.98894
0.667214
-11.2444
0.115102
0.19814
-10.9394
-1.15245
0.155013
-2.18046
-0.0265414
3.4181
-5.09653
-1.41552
-0.782428
-0.0337314
-1.16473
2.47665
0.0877322
2.18709
0.467604
1.21294
-2.48973
1.4166
1.3367
-1.36191
-2.54163
0.228039
0.0717326
0.397021
-0.369137
0.800023
0.555
-0.16834
0.529769
0.589577
1.43657
-1.65786
4.11182
0.493884
-0.135877
-5.80456
0.397724
1.48275
-4.22026
3.12447
0.146387
-1.36173
1.13133
0.271683
-0.803086
0.445643
0.998263
-0.904414
-3.42304
-0.817925
-0.82798
0.784159
-2.28565
-0.661502
-0.345033
5.90531
-1.32165
-0.0271219
0.0169335
13.3099
0.351351
0.206985
-2.4674
0.88264
-0.950446
-0.506999
-0.213136
6.14715
-1.04302
0.557118
-1.3775
0.206685
0.85933
0.0231544
-0.156781
0.450905
-33.2912
0.877257
0.657766
-0.822564
-1.9479
-1.08363
-1.39702
-7.35712
0.989287
-1.10904
-0.298142
1.00406
0.135653
0.425999
-1.67817
0.127013
-1.71074
-1.11371
-0.070685
-0.910005
-5.43509
0.151265
-0.558462
-0.0879054
1.35424
-0.280947
2.88379
6.17796
0.441549
0.592655
0.363379
-5.09753
-1.30969
2.46096
-1.01777
1.08175
24.4705
-4.66907
0.070849
0.924968
-1.19058
-1.31935
-0.739168
-0.496
0.701527
-0.379201
-0.419844
1.4361
-0.104665
-1.67479
-3.02514
10.4994
1.08518
-1.90915
0.624166
-3.67262
-45.4547
2.66001
-1.32866
0.760797
-0.35794
-0.546738
0.145199
1.06946
1.42076
-1.35
-0.30105
0.0584348
-1.41152
0.284908
0.494054
-0.375554
0.315882
35.5904
-0.546243
3.66423
-0.979596
2.26159
-0.812086
-1.47591
1.37755
2.24746
123.298
0.650011
-1.63029
-0.110182
-36.3415
-3.1765
-0.635753
0.953132
-2.57967
0.528069
-4.82753
0.796079
-18.2049
83.9373
-0.739747
-0.454172
4.20329
0.40827
0.313419
-1.54349
0.286686
2.47842
1.08396
0.243171
0.476411
2.17586
0.577434
0.336354
24.4971
-0.0122364
-7.20446
2.95794
1.58457
-0.00867955
0.446268
-0.734078
-0.163924
0.116178
1.27655
2.33296
0.382162
-2.02797
-0.894013
-0.705098
-0.117857
-1.80293
-0.468809
-0.0252239
5.60381
0.333016
1.24906
-0.422698
-0.137821
2.62224
1.01712
-0.028508
0.0272195
-1.85196
-0.399146
0.722312
0.3979
0.572118
0.00620311
-5.25033
0.527525
0.266813
-2.00245
-1.59407
1.12191
-4.79846
-1.74018
-0.504792
1.11641
7.11313
-0.150828
-0.922638
-0.618782
0.335857
1.55687
-1.27012
-1.63941
0.432641
1.80072
-0.840241
0.696947
1.34222
0.226944
1.78354
-1.03545
-0.609795
0.210694
0.220057
-0.771415
0.141719
-3.98671
0.461425
-1.23441
1.09982
-0.717577
-0.267027
1.82485
-0.914195
2.78189
0.688567
6.92063
0.702777
-0.22135
0.074772
1.01008
-0.0828421
-0.988467
-0.943243
-1.63563
0.884294
-9.56985
0.070822
1.00267
-2.24787
1.12877
-3.52865
1.42948
-2.481
0.0212951
-3.81052
0.679756
-0.167377
-17.1015
-0.268473
0.499989
1.42908
4.70352
-4.9732
0.10068
-0.540394
-0.504011
2.36537
-5.29996
59.1805
-0.711697
-0.163021
1.45373
2.43391
0.245508
-2.27022
-0.519703
0.0915068
0.186693
-0.240809
-1.04665
-2.02727
2.05966
0.495486
-1.62244
-0.405619
-6.23609
0.323287
-2.06671
0.819573
-0.500671
0.605447
2.54977
2.76583
-0.835462
-0.228901
-0.22672
-6.6273
3.72457
-0.91555
0.321943
-1.05129
0.70239
-2.23791
2.07556
2.26282
-12.7295
-7.67511
-0.125427
0.285831
1.17694
1.07284
0.697166
0.331222
0.54038
-0.105901
0.630264
4.79415
0.375639
0.388693
33.0624
-4.5253
-6.20089
0.958776
-0.144923
-0.570985
0.246595
-1.53301
0.924018
-169.555
-25.7787
-0.272991
-9.31174
-1.94275
-0.167864
2.28333
-0.0582475
-1.31306
-0.760581
-0.304901
-0.0533677
-0.362702
0.703689
-2.14027
-0.917498
-0.00386728
0.10605
-0.235094
-0.0512188
-0.313474
-0.995121
-1.64388
-2.58211
0.337982
0.492196
0.897559
-1.66416
0.578466
0.642863
-0.298491
-3.64609
1.84907
2.32311
-0.0834341
-0.606289
0.266675
-0.221814
0.359735
-0.476414
0.658919
0.370372
-0.977588
0.509003
1.45798
6.66219
-1.81451
-0.101775
0.0113737
-2.12131
-1.57248
-0.769568
0.405537
0.925498
4.13094
1.7212
4.84917
0.479128
0.701392
-3.08435
-0.132204
0.898757
-0.161298
-3.42333
-0.0838402
0.808728
-32.1117
2.04618
35.6002
0.611978
0.0378474
-71.2979
0.101516
-5.26561
-0.00480658
6.65147
11.3363
0.574409
-2.94224
0.207079
0.141521
-0.291123
-3.13499
-1.39781
3.53908
-1.30818
1.41474
-1.77894
-0.376901
1.18658
-0.6311
6.87948
-1.45372
-0.021632
0.930821
-0.577131
-1.04197
35.4732
-7.2828
0.822458
2.88062
-3.36603
1.06349
0.487033
-1.26509
5.99337
-5.56635
-0.058091
-0.0238487
0.523957
2.16348
-1.20583
0.0818211
0.462909
-0.00535093
-0.697118
-2.03841
0.67769
-0.56949
-0.252276
-1.06724
0.825372
-6.70844
0.117705
12.3067
0.986583
-1.21956
1.42963
28.7582
10.2669
-2.03034
0.832882
-1.51778
-2.11479
0.0288374
0.340657
4.13379
0.0215405
-2.00545
12.2265
9.25522
0.164702
0.996257
2.24634
0.0488582
0.772861
-1.04875
0.130112
-0.220419
2.42809
-1.34658
-1.74799
7.0366
-0.192599
-0.27549
0.169374
-4.10485
-0.679564
0.786285
-4.42635
0.0589515
0.995425
-15.5158
-1.6594
-0.0115777
0.0693269
0.328879
0.522404
-8.51119
-1.07534
-0.76623
-0.52339
-0.981411
0.83297
-2.37233
0.371358
-0.466684
3.35396
6.39293
0.24673
1.0518
0.514694
0.126623
-3.15753
-0.400309
-0.433581
-5.55962
-91.4538
1.33557
2.06008
-0.367944
-109.052
1.27876
0.00431563
6.93537
-5.32212
-0.442077
-0.440322
0.287229
-0.991865
-0.646398
0.127548
1.62996
0.293788
-0.501103
2.08542
2.32373
0.29298
-0.0564763
-1.2304
1.42976
-3.87443
0.583054
170.034
-2154.19
-0.793431
-1.31387
-0.0802375
-1.09137
1.7985
-0.0289877
-1.8344
-0.191277
2.266
-2.9365
8.32183
-0.481914
0.568974
0.918716
-8.48927
-29.5478
1.8803
0.753091
-5.50368
2.5964
0.484451
0.640321
0.842465
1.68062
-0.243059
0.727877
0.699775
4.99225
-0.0515757
-0.242337
0.976666
1.4649
-0.279926
0.929957
0.160167
-1.46432
-7.10387
-1.18872
0.40599
2.22061
0.735344
-4.27218
5.03496
-0.133547
0.274828
2.52009
-6.14047
-0.260589
-0.602217
0.583169
-1.64473
0.31211
-0.369902
3.1998
0.8202
1.18655
-0.0339147
1.45717
0.157893
0.952497
3.74515
0.297815
0.679822
-0.0622642
4.1997
-0.503283
-2.50272
-0.188263
1.42782
-7.18024
1.41879
0.874915
-7.12692
-22.8266
-0.380452
-0.167709
-0.204515
-0.127119
-0.762732
-0.0454873
-1.39456
-1.38177
0.742488
-2.34167
0.209707
0.844092
-0.440054
-0.930113
-1.4671
-5.0249
3.07165
0.981189
13.7108
0.739453
-3.72072
22.2708
-3.34225
-1.90526
0.0804176
0.688007
-6.07003
-0.00649077
-3.91217
-7.85099
-0.742947
0.295568
-1.52005
-0.0392711
-3.89288
0.33147
-0.837873
-0.225977
0.394189
-1.43018
-1.46688
0.926607
-1.19552
-0.727317
0.98532
-0.416071
-0.126342
1.15188
-2.02635
-1.04103
-4.42404
-0.718394
-1.9173
-1.31661
0.206421
0.646792
-7.01609
1.95477
-5.90265
-0.514201
0.377151
-0.96049
-0.634329
0.945409
26.8288
-3.38814
-0.287918
7.32398
-0.367145
0.860271
-1.28532
0.91857
4.18931
-0.361592
0.665384
-1.8695
5.7125
6.38919
2.18795
-0.39605
1.17417
0.388005
-1.5927
0.106667
-3.33743
0.147724
-1.35772
1.76995
-46.3178
16.4944
-0.716008
13.1539
0.596582
-1.1432
-1.09371
-5.79463
-0.742692
-0.178938
-0.416906
-1.49833
-2.2319
-0.875396
2.5354
-0.750984
-1.51641
2.00707
0.748876
-2.2629
2.2417
0.824084
-10.7017
-1.30964
-16.9348
-0.151331
1.07046
2.56424
23.881
-0.441096
-0.614363
-1.59309
0.211085
5.53159
-2.27209
1.38365
3.85325
0.69859
0.0901893
-2.02226
0.392484
0.100465
0.65155
-2.91292
1.32413
-0.726165
-0.237694
0.0814045
-1.94379
3.07165
6.68187
0.325092
0.344287
1.83893
-1.12476
-0.000141323
-1.19226
-7.93309
1.12624
-2.27094
0.780429
3.05634
-0.0447782
1.09439
0.123629
0.28276
0.025318
3.44528
1.16127
1.76764
1.40549
-5.38343
-0.353273
-0.227381
3.28776
-13.175
0.0596277
-1.06708
13.8686
-1.15246
-2.54979
2.45054
0.244433
1.49489
-0.580962
1.01654
-0.10816
0.832535
0.25132
1.3573
-0.392597
-1.40422
-0.0622422
-0.952607
0.585939
-2.59243
-0.288657
-0.420278
1.29895
-60.225
-2.6926
-3.84466
0.606697
0.156631
1.11499
1.09518
-1.80658
-1.73364
-83.1817
-0.336827
-3.50986
2.53261
-2.77762
1.01946
-0.283226
10.0403
-3.40029
-0.438417
-3.64625
0.89933
0.199184
-5.90382
-1.06619
0.0697929
-1.909
0.218282
0.280214
-0.070864
2.48531
-0.363905
0.360675
-12.0881
7.44681
-8.00084
-1.47848
-0.846292
0.524045
0.129517
0.366863
-1.76028
-2.51377
-0.942094
-0.671548
1.7613
-1.32138
-0.160636
-15.3568
0.263516
-0.0965026
1.02697
-0.470707
-0.875481
-0.479802
2.03517
-0.245793
0.423081
-0.168523
1.77111
0.573556
0.690763
-0.911839
-0.878382
-0.0899352
-3.47206
-0.173838
-8.13348
-0.0508659
-0.268833
0.338132
-1.23424
7.63999
0.554696
-0.856495
1.11392
0.291659
-0.715088
-0.434992
0.267741
1.93455
1.52241
0.444657
-0.202147
-111.472
6.71766
1.71787
0.8591
0.355635
-0.822415
21.8639
-0.584103
0.389952
-0.0161013
1.8076
-0.414229
0.186651
-1.34294
4.82507
-0.185118
1.08165
0.955491
1.34831
0.99706
-0.239533
-0.746093
0.210334
0.215783
0.86178
2.25197
0.0104926
1.80336
-2.39533
0.989643
-1.04622
-0.454497
20.9662
1.3585
1.79448
-1.28759
-0.305443
0.74322
-0.3415
0.864782
0.119252
0.505574
0.435517
1.59443
1.38959
2.37236
1.07521
0.356379
0.0098612
-4.43295
-0.334756
0.116225
-1.1983
-2.6759
-0.680309
0.982844
-2.58328
4.8654
0.227897
-0.552556
0.494892
-1.18604
-0.32868
0.248567
0.719593
-0.99156
2.50796
0.365264
-2.54222
-0.223255
2.11083
-24.1355
-1.08841
-0.553944
-0.189863
-0.705428
0.428267
1.93288
0.364193
0.701173
1.10238
-0.448044
-0.23981
-0.242022
-0.518454
1.218
0.61499
1.24071
0.851687
146.117
3.89107
-0.695121
1.01403
-0.160244
-2.20364
0.628437
1.20389
-1.26859
0.419985
1.10398
4.61135
1.65557
1.29919
-2.33896
0.064028
-0.0490123
0.298529
-3.06037
-0.841052
0.226256
-0.122428
-1.84406
0.294652
-0.938211
-9.06456
0.334104
0.4597
6.69326
-0.236378
-3.00812
-0.714776
0.107456
0.78307
2.10328
-4.45537
0.324337
5.51417
1.83761
0.31541
-0.724345
2.78344
0.920383
-3.12273
0.652
0.769751
-0.923177
0.382934
18.0658
-0.310798
-0.403892
7.13584
0.173933
-0.19651
0.190722
2.85453
0.50718
-1.62469
12.8857
-1.94869
0.0787611
1.4403
0.445736
-15.0442
-1.07981
2.62543
2.02886
9.93151
-0.399239
0.130289
0.263824
1.30953
0.218358
0.80147
-0.425678
2.13264
1.30203
2.00562
0.00848437
22.6175
0.357721
-3.39387
-1.95264
1.62822
-1.0441
-0.859139
0.617911
-0.0406458
0.0299553
-0.0281651
-0.276512
0.528055
-0.187503
-0.272889
-1.95843
-0.270862
-0.491899
-0.172376
0.0202182
1.59736
-0.569747
-1.67973
0.330628
-7.40624
2.15362
-0.741888
15.9174
-0.858961
0.221433
0.328949
-1.41974
-0.596729
-1.08953
-0.156668
37.0096
-0.820094
-1.4983
0.270653
2.9216
1.38126
6.60536
-0.997046
0.0272244
1.10514
-0.989242
1.62225
-0.395163
-0.193971
1.2997
0.71718
4.05097
-3.55044
0.940788
-0.231002
41.9235
3.95832
0.414497
-5.69676
18.0039
-3.71721
11.0799
-1.71619
0.254128
-1.68955
1.13187
0.626011
-0.965415
-5.43496
-0.928124
-14.9393
-0.199354
1.59725
1.24324
9.88272
0.476547
-0.870347
0.0423922
0.437521
-0.102534
-1.28726
0.871906
0.644208
82.2368
-0.306063
9.9749
0.210549
-0.785119
0.0231729
-5.66178
0.613157
0.665414
-26.6075
0.222513
-1.22126
-0.415132
1.78073
-23.8113
0.353185
2.44218
-0.871514
-5.60433
-2.7478
-0.602966
22.5197
-1.50152
-1.21771
-0.158623
1.01394
3.6212
-0.563412
1.4565
-0.459817
-2.11094
0.33737
-0.665638
1.08518
-3.21531
-0.318056
1.88776
-1.73556
0.879561
-0.878032
-0.927419
0.799918
-1.33151
-0.0882282
0.251729
-1.41809
0.108828
1.97273
6.21445
-0.45755
2.90999
-8.65486
-0.38897
4.47377
5.47665
3.07918
4.9095
6.98339
0.435728
1.51785
-0.379236
1.9331
-0.798877
-6.74487
-0.921464
-0.269175
1.02952
-0.924292
1.558
-37.7238
0.591263
0.604818
0.202099
2.46112
-0.522826
-1.16971
-0.124347
-0.213034
-1.40325
5.06702
-1.78173
-1.79447
-0.0992413
-7.22437
-5.26768
-0.0651231
0.700755
-3.17683
1.33816
1.54648
0.0911565
0.212512
2.93491
1.26441
0.581196
0.247027
39.8167
-0.155285
-0.323773
1.62002
0.728825
0.991207
0.701645
-1.23946
0.664824
-2.57168
7.01709
-2.34166
0.178582
-0.749673
-2.75717
-8.4395
-0.396164
0.897306
28.327
-59.4241
0.769476
-4.05316
-0.271436
1.47582
3.05442
-1.47179
-1.04679
1.1328
0.00221495
-0.547183
0.501499
4.37695
1.798
-0.656654
-0.447805
1.1724
-0.666072
-0.426602
2.01783
-1.13966
-1.18786
-0.00984688
0.893348
-16.1654
-4.68278
10.6433
-0.17878
5.49729
6.54993
0.63008
0.636408
0.817971
0.256054
2.8339
0.241267
-1.62877
-0.632752
-0.558436
-3.36513
-1.43272
-2.97816
1.45492
-1.4054
1.00102
2.51038
-3.24206
-2.95355
0.402531
-33.5731
0.165707
-0.392331
0.559731
0.0871821
-0.278732
19.0844
-2.03051
4.51473
-1.12214
-0.290712
1.04995
0.656657
-0.49251
-0.570551
1.30631
-0.621151
-0.171032
-1.55074
-1.20391
0.569611
-0.396047
-1.14255
-0.940248
0.556411
2.30866
-2.11599
-3.63739
-0.637547
6.33213
-0.46602
0.0626377
2.33338
-0.260918
-1.76752
0.94569
-1.02105
1.5606
0.208587
-0.705608
0.235973
-4.84745
-0.551906
2.53155
0.175422
-3.92314
1.97785
-2.37833
0.453126
1.80551
1.07266
-0.523186
5.23126
0.773253
-6.55479
1.0449
2.92341
-4.31351
1.06041
1.57508
0.568608
-0.852887
0.155259
-4.76238
-0.333144
-0.678234
-2.6857
-0.0993697
-0.103107
2.42486
-1.81542
0.455064
2.16527
-0.50021
0.544588
-5.61748
2.25421
1.38695
-0.98498
0.46989
0.833997
0.0416957
-0.843946
19.846
0.579744
-114.692
-3.15109
-8.29963
0.867405
0.34555
-1.74655
0.361444
-0.73496
49.6464
-0.724724
-0.0470301
1.17422
7.09096
0.571541
-0.183727
-1.48726
-1.36569
1.05722
1.51322
0.441542
1.35789
-2.25591
5.23553
0.0381325
0.362946
0.137964
-0.218978
-2.00499
1.30038
-1.22611
0.339877
0.0499328
1.80919
-0.76613
0.401367
-2.02831
-2.06391
4.71899
-17.4423
-15.8033
7.22832
-0.561014
-0.718206
-1.24034
-1.1131
-2.80308
-0.327968
-1.18199
0.148113
-0.405253
-0.0852932
1.40824
2.45479
-0.0258499
-3.63185
2.45898
-1.39526
-0.348542
-2.4295
-0.461299
9.67602
-0.740652
-2.98842
14.3135
-0.312185
-0.786683
-0.414183
2.11767
-0.570101
15.5935
0.691548
1.0536
-0.406607
0.746442
-1.06194
8.83735
1.14887
-1.27826
12.55
-3.04567
9.35134
2.64305
4.88015
-0.478076
-0.217106
2.00692
-3.88148
-4.12279
0.446965
0.393657
0.643447
2.31483
30.2525
-0.190477
0.448309
-1.2929
-1.33652
0.34512
-9.659
-0.747431
0.110195
-1.17536
-2.40584
-0.208122
-2.98604
0.560031
0.264496
5.58403
-0.0538265
0.960462
-4.4398
0.320185
0.545617
1.05918
-0.948067
0.299729
0.206152
-2.75982
2.0092
-1.19825
-1.93407
-1.58322
-1.65739
0.890744
-0.812172
-0.288081
3.95068
0.0611816
-0.862177
-0.276045
-1.61846
-0.284293
-1.63761
-0.733371
-0.440854
-0.409645
-3.33689
-1.71552
-3.66174
-0.0975054
0.338741
-9.1568
0.20627
6.44643
2.33782
-0.311115
-0.843023
0.0583693
0.8988
1.59792
-1.66046
-0.287266
-0.66301
-5.28714
-0.101625
-0.396035
-5.37272
2.34003
-1.07047
-3.60248
-1.52306
1.06468
-0.478722
10.92
0.79291
0.785982
3.62703
6.12064
-1.86851
0.565313
-0.924432
-0.000228832
-0.76297
0.586197
5.02191
-1.97851
8.62651
0.356118
21.6039
-0.911747
0.726951
-6.64729
0.275669
-2.4437
2.32292
-9.26629
1.93317
39.8905
-1.9407
-0.712359
-0.681397
0.44067
-1.76429
-1.14764
-1.98522
-0.578297
-1.43696
0.2249
8.84144
-2.23113
-11.7619
0.244769
3.2027
-23.3138
-2.84212
-3.37023
-0.0508381
0.20537
0.213266
-0.411429
1.06591
6.82666
0.564269
-0.0656754
-1.31018
-0.44219
-6.36883
-1.51212
0.698388
-4.45735
1.4281
3.04354
0.0849358
1.48923
1.42275
0.101016
-0.857833
-0.0918193
-2.4116
-1.22969
0.208471
1.07231
-0.790739
-2.67964
-1.07444
0.556205
-0.174172
-0.997774
1.47203
-1.04043
-0.949524
-0.351889
1.34273
0.288219
0.564335
0.771267
3.13816
-9.48403
3.49439
-1.24822
0.103065
-3.34061
0.416924
-0.163871
3.81514
6.65859
-0.224185
3.98236
-0.615082
0.881025
-1.43007
3.96441
-2.06636
-1.73272
-0.0930086
-0.350443
7.66777
-0.00735529
2.41376
0.0358475
0.927635
1.20708
-0.473752
0.294531
102.926
0.744
-0.15108
2.57285
0.597288
-0.682177
-0.237632
4.04205
0.458622
0.875016
-1.03645
-0.0657755
-0.215789
-6.95766
-0.483973
-1.05666
0.711636
-0.559226
-3.38728
-1.0475
-0.561607
-4.8192
-2.73598
0.537104
-2.21698
-0.984316
86.7461
-1.07103
-0.615239
-0.0226944
0.185658
-2.57747
0.603623
-1.18316
-1.02755
0.14513
-2.25848
-0.0258632
-0.612475
-0.654364
0.258028
-0.250186
2.51356
-2.65538
0.422481
-49.0508
7.07313
1.99765
1.58331
-0.38379
-9.19448
0.0103572
0.326435
-0.699434
1.79005
2.84983
-0.0481029
-0.13154
-0.248294
2.80992
-1.08246
-1.11101
-0.841533
-1.40014
-0.156111
-0.240523
3.44047
-1.36635
-2.64616
3.52463
-1.44662
-2.74656
-1.12546
-1.51902
1.46835
1.09292
-0.726222
3.55691
0.44046
-2.69187
1.15968
-3.34385
0.227808
0.0499026
0.658614
-2.52862
-0.288454
-5.18334
-1.25383
1.27076
1.29657
2.08561
-0.898498
0.527171
0.187016
-2.67696
0.20401
-1.20133
4.60932
-0.105834
-1.73023
-1.03222
2.9814
0.935608
0.618817
-0.433499
1.25501
-3.1628
0.215224
-0.219546
1.58679
-0.586968
-0.852208
-0.4694
5.79609
-0.870109
-0.496922
-0.629881
-0.489088
5.33243
145.648
0.214628
0.319757
1.65123
-10.8544
5.88827
-0.597126
-0.616513
-4.44475
-1.25325
0.205516
12.0773
-7.85808
-1.24718
-0.207966
1.22135
-1.10422
1.68188
1.5377
6.29008
-1.22384
-0.494771
-0.244428
-0.436674
0.168265
-0.665913
6.45696
-0.0960574
0.713796
0.173441
-1.32244
0.120159
3.67297
0.401923
0.440646
0.427297
-0.846772
-0.907712
-1.01305
3.52269
0.297514
-2.1936
-0.873224
0.437665
0.960707
1.2017
-0.544746
0.342138
1.1858
-0.150171
9.25718
-0.323211
-0.11505
0.604962
0.954324
-0.650884
5.02258
0.51277
-2.02096
1.881
0.237788
-0.0461007
-1.38106
0.382959
0.383216
-0.15368
-0.596334
-0.215846
-1.68842
-0.899195
-0.473116
-3.8709
-0.350157
1.75263
3.55352
0.827646
-0.213418
-0.10075
-0.475674
0.147913
-0.127874
3.61035
-8.28784
-0.837997
1.66466
-1.21179
0.0808363
0.155495
1.23417
4.57872
-0.930827
0.046825
10.6946
-2.36059
0.216768
-0.496769
-8.54986
-0.377447
-0.480465
-0.0216344
1.52802
-2.15066
1.25039
15.5387
-0.555411
0.632018
-0.18557
1.04387
0.292241
-4.59888
-0.141075
-8.64466
-0.112078
0.115056
1.43155
-0.251585
-1.50143
5.77229
-0.665804
-0.369514
-1.67843
2.27313
0.110122
-0.118147
-0.325368
-4.95361
2.64228
2.28901
-8.73961
-1.03679
1.50097
0.693021
-2.14087
-2.84556
0.268778
-9.76212
0.24208
-1.78455
-0.85713
7.41234
4.55934
1.11568
-0.0247461
-1.37725
-87.8219
-1.74785
-1.04789
-1.56662
0.102426
-0.160144
-0.361906
-1.86816
0.419485
-7.20347
-0.25048
-1.12629
1.22963
-1.1958
4.55313
-7.30348
-5.36726
-0.443026
-1.46244
3.06239
1.6764
0.188897
0.512655
-10.8906
1.64962
-3.37617
-0.183099
1.07711
0.398765
-4.40092
-3.70282
-0.0668125
-0.819321
-0.423749
0.193274
0.729777
-2.49628
1.49011
-0.621652
0.0770344
-0.389581
-0.488951
0.0622406
-2.92729
-1.78739
-0.179745
8.38166
0.0563698
-1.34505
-0.892909
0.276298
-1.35684
0.939135
-0.0568407
-0.862358
-0.37131
-20.0777
-0.0062707
-0.74689
-1.30319
-50.7219
-1.76456
0.107896
0.90865
-0.720576
0.0194513
0.753999
11.3846
-1.05632
-0.563242
-5.27996
1.63478
-2.10878
0.213819
8.5413
-0.314078
0.555994
-0.740135
5.55606
-0.244189
1.61149
-0.138072
153.999
-29.667
-0.28569
0.615268
0.137812
0.988986
-0.219921
-1.15847
-3.63147
-1.83267
-0.479302
18.3101
-2.0937
0.228287
-0.370012
0.869143
0.282736
2.24016
-1.16153
0.527684
1.35525
0.108828
5.11255
5.6416
-1.83001
-2.72515
-4.37479
-0.391058
-0.687049
0.139775
-0.144644
1.70979
0.0244136
-1.98547
-0.333959
2.12328
0.127335
-0.415423
-0.792398
-0.111957
-0.579325
0.0535791
0.708672
1.68476
-0.299457
-2.26936
0.452658
7.40093
-2.81241
-0.860051
-0.00993057
0.731377
-24.1007
3.97911
-0.832002
-2.14646
-2.06092
0.686457
-0.851909
4.21628
0.608573
5.70521
0.588362
1.45878
-0.290165
-0.17465
-2.5929
-1.16067
-2.57196
-0.232358
-1.53582
2.17219
0.918398
-0.579592
1.61889
0.440387
-0.337046
1.13332
0.72044
-0.691902
-0.745811
2.33771
-0.505863
-6.14767
1.38001
-0.0789467
1.96682
-0.0888168
1.89108
17.9876
23.4882
0.28905
0.165602
-0.577562
-0.0756205
1.09843
-2.19157
-1.33371
-2.10863
-2.49057
1.66376
-0.127747
1.31662
0.712651
-1.64242
11.6432
-2.10139
-0.614606
-0.0730592
-1.09425
-0.90519
7.49656
-0.465886
3.38416
-23.716
-0.247246
-0.57035
0.119471
3.79005
-0.238089
-0.282582
-1.86356
-0.956118
1.5292
-2.60997
-4.82705
1.33103
1.80909
-0.780856
0.191015
1.39011
7.15028
-4.8418
0.102718
-0.757097
2.59402
-0.0396204
0.199863
1.41793
0.642833
-15.0795
-1.064
1.91516
-0.730382
1.16637
-0.323017
12.6976
0.647546
-0.111149
0.627134
-22.7263
0.0724893
0.155939
0.706007
0.329049
-1.57845
-0.442927
-5.91611
0.448025
-2.19692
27.4723
2.3452
2.46484
3.54106
5.7357
-4.58178
0.598787
37.7961
1.1563
6.81326
-0.773546
-1.33907
0.313431
1.20816
3.43491
-0.13366
2.57831
2.37272
-0.484922
0.308233
-13.2876
-0.289735
1.64696
0.616423
-0.630021
1.6014
-11.6612
2.35972
0.153697
-0.830583
-0.0587671
3.99602
-0.847621
-1.90409
0.888367
-2.27696
-0.471644
0.363281
-2.35721
-0.695359
-13.4859
0.396007
3.08221
0.2813
0.255373
-1.57751
0.177589
-0.605253
-1.8781
-13.2308
4.71207
2.36559
-0.106472
-2.76049
0.744805
-3.11387
-6.94756
0.150869
0.18595
-3.55988
-0.716881
-1.62776
4.61152
-0.433706
0.953877
4.92327
0.60977
1.9191
-0.086202
-0.191852
-0.358495
-0.965873
-6.20719
-0.219816
0.522978
-0.297767
3.74972
7.99625
-5.60495
0.571697
0.800227
-2.60602
0.520106
0.828076
2.46973
-0.309473
0.380218
-5.33129
1.94242
-0.118402
5.86896
-4.34313
0.506561
-6.03518
0.43312
1.65987
0.678605
1.65944
0.0215895
3.53644
0.202104
-1.11077
0.0939273
2.79645
5.19251
2.59906
0.836234
-2557.2
1.28402
-3.74397
0.61027
-0.623741
1.98339
-2.36021
-0.124122
-0.701936
-0.742832
-1.18175
0.0985558
0.312255
-1.21544
-3.10553
12.5399
-3.53379
-0.214041
0.951617
0.426571
3.22341
3.82875
-5.25667
0.257486
-7.49182
1.30446
1.31127
-0.207697
-0.0832055
-4.17926
0.629592
-1.37394
-1.33917
-1.03536
-0.983262
0.445943
-0.916552
0.632383
-0.491973
-0.871683
14.3079
-0.0918344
3.21181
-1.01556
0.091291
-1.49202
0.546077
-0.201706
2.76668
-3.32655
-74.4515
6.30751
-0.44707
2.29932
0.935752
0.439482
0.79431
-0.667983
4.34742
0.943141
-0.430828
-7.04812
0.845154
0.536171
14.1354
0.964307
-2.33842
-1.03978
-0.503923
1.13572
5.74479
0.607748
-5.39031
-3.37795
0.618894
-0.629934
0.437796
0.650736
-0.224148
0.289433
0.9735
0.979561
-0.807612
-0.776033
-0.480591
0.162476
-8.04088
1.97663
32.1706
2.18599
-0.585592
0.710953
-0.475632
1.22167
0.777564
-27.8627
-0.999989
6.59143
0.343786
0.106597
-2.79045
1.05769
-1.78701
-0.462614
-4.95682
1.04534
10.6732
-0.673451
0.00955453
-1.09221
0.890098
15.6038
1.28067
2.93296
-13.7251
2.25159
0.404953
3.95584
-0.109673
0.0535958
-0.610753
4.43892
1.44948
-2.86347
0.142189
-1.46081
0.986357
0.611386
-0.319641
-0.399142
-5.69376
-1.65889
0.309306
0.70186
-1.65798
-2.44389
-0.975905
1.42361
-0.604906
-0.985357
1.2472
0.660454
-1.0495
-0.425788
-1.08215
-1.18937
-1.43285
1.37366
-0.982067
-1.25693
-0.0655562
0.387524
1.53405
0.253285
1.79919
0.0544935
14.0285
4.24645
-0.00207389
-0.0925527
0.352081
-1.27562
-8.7507
0.374513
15.6465
-2.97331
7.05766
-0.0259072
0.60812
0.931109
-3.16166
-0.51424
21.261
-33.1314
3.08667
0.379954
-1.32595
1.83449
-5.51341
0.661533
-1.39967
-1.54161
-0.625068
-4.51644
0.0378169
15.3844
-3.45657
2.26793
-4.53545
-2.17422
0.364791
-0.380193
0.450228
-0.30104
-3.35284
2.96441
-6.61428
3.14035
0.202914
-0.984445
0.219464
-0.394388
0.181564
0.204454
1.08596
-0.344683
8.41687
-0.298507
-0.705525
0.473206
-0.920316
1.99562
0.487976
0.0545511
-0.268694
1.1935
9.84054
-31.3764
-0.99765
0.783927
-6.68281
6.50355
-9.04647
-0.837059
-0.227377
0.4275
1.05467
-0.407686
1.04956
0.466955
0.442047
-0.433314
0.203996
0.636433
1.49689
0.538143
-1.90204
0.00989263
0.165449
0.757619
-0.0236593
-1.27168
0.585015
-663.173
-15.5675
0.775932
-0.375368
-0.695275
-6.54044
0.797231
-2.80188
-2.2465
-1.7982
-0.247776
4.52308
4.51389
0.0883335
0.227747
0.291651
-2.69585
1.65555
-0.427008
-4.16322
-0.340626
0.338293
0.890849
0.377944
0.462453
-0.758217
0.406513
0.684004
3.01133
0.875155
0.93587
4.99294
1.30446
-16.2565
21.2441
-0.77857
0.0780055
-27.4837
1.10716
0.392811
0.190953
1.59904
-1.78886
2.5706
0.57735
-0.842537
2.0556
0.0555643
-0.38046
1.58755
2.11908
0.454861
-3.24182
2.29235
4.6854
-0.535498
-5.71025
-2.31483
-1.47191
0.163055
3.96
-0.983488
4.49214
0.88328
0.769529
1.06853
-0.415593
1.31485
-1.67608
-0.155927
5.08385
-2.74315
-1.78245
1.45341
-8.43302
-0.177873
-0.712045
-2.74581
-1.09385
4.07101
1.38669
-0.513862
0.472845
0.741706
-0.830122
-2.05651
-1.09178
0.886516
2.52287
2.66171
-2.33803
0.301774
0.248995
-1.76457
-1.09657
10.8255
0.342039
-0.193412
0.698456
0.783968
1.50321
1.89396
-1.38977
0.796833
-0.546149
0.228289
2.6474
-1.1301
8.0168
0.175671
1.81393
-0.494456
-2.59468
-5.60719
-5.42705
-0.403011
-7.97444
1.44648
-5.82044
-0.184637
0.728228
-0.100698
1.78245
0.0234902
1.07383
0.448535
0.693716
0.225163
-1.21868
-0.248936
-1.33206
-0.663365
2.05603
0.957058
-1.02816
-0.205015
0.339834
-1.08602
-0.0247038
0.0049867
-0.0265972
2.03655
0.816824
-0.220215
-0.124725
0.941073
0.0165254
0.606866
0.901221
-0.565108
-4.0397
-2.04623
-0.612994
-24.1117
-0.51953
-1.89853
0.447483
3.28023
-0.693051
0.118239
0.217881
4.32203
-3.97353
-2.38308
0.997209
2.00289
2.34229
3.85636
-0.623615
1.18809
1.43148
-1.29925
-0.157498
-5.48846
0.00416944
-1.08339
-0.923689
0.0964103
-0.0273777
-0.153654
2.98027
0.409509
-0.30001
1.20526
-0.442485
0.990194
-0.554007
-1.65966
-1.89513
-21.6003
-1.6476
-1.30469
0.301933
2.51785
-4.10099
-0.579987
0.107519
-0.622039
0.977499
4.68255
-80.6191
2.65096
0.853691
3.37414
14.0286
-1.86142
1.44564
-1.2784
0.672722
4.69041
0.881116
0.500287
-0.383708
-0.475174
0.469635
0.49764
-0.47062
-0.281573
-0.15728
0.230712
0.572433
-0.250536
0.382934
0.343489
-0.0881315
1.38673
-3.0547
1.93412
1.86955
0.614676
-1.58788
1.24199
-1.36507
2.36599
-1.23397
-1.14341
-2.80602
1.65081
-25.0905
0.548047
0.323918
-3.57398
-0.0304107
0.0905994
0.488383
1.58417
8.8209
16.3132
0.713039
-0.619846
9.12393
0.488709
-0.321327
20.0956
-66.7768
0.528924
1.2168
0.0423379
-1.05408
-1.48505
0.695542
1.54444
-1.77612
-0.128093
0.710469
-2.12268
-1.22262
1.67249
-0.49237
-1.3175
0.314144
-71.8115
1.59891
-0.537089
0.348279
0.360726
-0.786313
1.39059
3.39255
0.798485
-0.277048
-0.272599
0.1342
1.3338
-0.444392
1.54962
2.85866
-7.18069
-2.00076
0.341619
-0.786857
0.712761
-1.91993
-2.34043
0.303438
0.767289
2.38299
-0.535255
-0.291343
-1.79495
4.61862
1.27246
0.0311846
-0.310291
4.37639
-1.94159
12.5767
0.402296
1.35245
1.62582
7.23834
-1.42909
1.02971
0.585287
1.95204
-2.82135
1.1508
-4.29244
-0.0976125
-9.0915
-0.138894
0.328775
-2.9083
1.46228
0.0134083
-2.41759
-1.61144
-32.2193
1.08962
-0.395651
0.472956
13.1177
-0.33943
1.11526
-0.8188
-0.786602
-1.24781
-0.356075
2.14746
-1.4206
3.49755
-1.51124
-4.71258
158.145
8.2729
-7.23178
-0.582768
-9.09937
-1.04666
-0.341068
2.0296
0.422726
0.50982
-0.492432
-10.4951
28.0927
1.11905
-459.899
-0.370831
-0.356223
-0.674939
-0.216568
-4.30501
8.85311
-1.27357
2.51859
-1.176
-2.20529
0.158733
1.57593
-0.717129
2.2237
1.50556
1.71055
2.07124
-9.61415
-0.199262
1.52079
-0.574963
-0.323642
1.82124
1.90936
2.36996
0.652812
0.824008
-0.976853
-11.3687
-14.8286
-0.952619
-0.491746
-0.393948
-3.34374
0.459274
-5.5477
-0.0278297
0.0626288
0.446384
-2068.97
0.149256
2.05637
0.362905
0.738915
0.366804
-0.170263
-1.90134
0.708552
-8.99815
1.03988
-0.362
0.44215
0.975338
-2.22489
1.0117
-3.35026
-4.81493
-3.89636
4.14563
0.195098
0.238429
-0.470354
-1.38389
-0.244187
-0.765473
0.00424583
-3.64746
6.82984
-5.17514
2.32803
1.28187
3.24416
1.52642
1.64908
2.58663
-0.444147
1.64894
-0.715827
4.44431
2.61799
-4.98668
0.469324
-0.778319
-0.999823
-0.518814
0.696297
0.104511
1.29722
0.438772
-0.59355
3.41939
1.06749
2.98944
0.0542178
0.882376
0.204726
-2.13814
0.0305222
-1.91146
-0.192595
-0.726356
-2.22592
-0.0582942
-0.407173
-5.89413
-0.620327
2.0073
-0.7149
-1.0935
0.182575
2.36535
-0.0465614
-1.17236
-0.29294
-8.86486
-24.1947
-2.21304
1.8878
0.72256
0.0574685
2.90298
6.40585
-3.84203
1.15524
-2.29359
-0.00184281
2.0913
0.0234632
-72.7607
-3.30961
3.66907
0.947022
3.9524
-0.21834
0.86456
-2.77741
0.792296
1.09397
-10.5267
3.68095
1.94623
-1.47492
0.954784
0.779969
-1.27965
0.308406
-0.815758
0.655688
-0.626423
-0.0577384
0.505802
-1.12267
-0.479083
2.86453
1.57742
1.66638
-0.135226
0.319329
15.8842
0.306377
0.469464
2.28619
0.828695
0.0105873
0.41264
0.281266
0.408563
3.18104
0.850676
-0.985859
-3.69137
-0.329289
1.37825
1.38622
0.23851
0.67368
0.0151805
-1.4443
-0.301771
654.865
1.70704
-0.640092
1.28674
1.36114
-2.3059
-0.173667
-0.252405
3.3086
-10.2915
-3.14676
-0.247318
0.886291
-0.53675
1.42598
-0.664928
-0.0294683
0.41878
-2.21289
7.17732
1.29656
0.1769
0.348823
-0.130758
-0.0226467
-1.49727
0.721854
-2.57067
0.405537
-3.44464
5.76333
1.73263
1.34965
1.2174
-1.65724
1.36864
11.5924
1.41924
-0.422865
-2.55018
3.9929
0.418336
-9.46093
-0.716306
-1.74145
1.85186
-0.0451815
-0.215711
-0.0335654
0.0588726
15.9708
0.210633
-0.712626
0.0776695
0.542847
5.27762
1.14704
-0.88644
-41.6113
1.10297
-0.107535
-52.2034
2.96686
0.507428
1.67055
0.781732
0.123466
-2.72713
-0.824577
0.250538
-0.088423
1.57637
-3.53025
-2.32287
1.50066
-5.46301
10.6485
-0.641659
0.408257
0.377796
-2.64412
-0.0188396
2.94282
-1.56509
-0.921779
0.281831
-0.12856
-1.11367
-0.457272
-0.719081
3.34576
-0.297028
-0.108208
-0.304967
1.72543
0.297683
-1.31822
0.0494077
0.427362
-0.0135173
-2.19336
3.04565
1.05317
2.61583
-2.36509
-3.79567
0.0196751
0.352477
-0.439179
1.35774
3.08283
0.429574
2.56213
-0.16642
0.0909926
1.1963
0.249536
1.96904
-0.781418
-0.363251
-0.381545
0.20776
0.201254
0.602191
4.26966
-0.0907659
1.51357
-0.125378
-0.500369
-0.792227
0.201111
0.0907654
2.40722
6.41385
0.398592
-5.11436
-11.3373
-1.08221
-10.6202
-0.197799
0.430695
0.678383
-1.57074
-5.02765
0.443942
-1.19452
0.738028
-0.7547
-1.17123
2.41994
-0.0709545
0.480258
3.06456
0.872187
-2.58365
3.53007
-0.44817
-0.177688
-0.234748
6.28542
-1.56435
0.00870283
-0.0887187
-1.84348
48.4091
133.051
-1.40206
-0.26425
2.54751
-6.34896
0.741797
-2.67222
0.921679
-2.39881
0.937399
-1.74062
-0.0776508
0.297018
0.773601
-0.207474
1.00425
-0.183421
-1.44663
-1.36768
0.327591
-0.959247
0.548349
-0.0164125
-0.839015
0.149585
0.927493
-0.36947
0.208624
4.34255
-0.316479
-12.3611
34.1903
4.62824
-6.28842
-0.396389
-1.45889
0.97483
-0.016683
-0.843641
2.11716
0.786807
0.950917
-1.7113
10.3352
0.839155
1.03663
-1.10465
2.01666
-0.350826
1.68006
-0.293103
1.00325
-0.0921553
-0.677414
-0.286127
-3.77915
-0.937726
0.277833
0.21923
3.56014
0.151281
-0.0334674
0.555941
-5.80992
0.250461
1.37837
-2.50797
1.24044
0.442622
-0.475228
-1.07283
1.28726
0.600619
-0.366908
-1.67081
-1.62322
-0.632971
-5.00237
-2.51012
1.33202
6.10078
0.231379
-0.372012
-0.468035
0.584891
-0.124848
1.24279
-0.537291
-1.81148
1.15857
3.52746
0.31163
0.66874
-9.74425
-0.520282
1.54321
3.7949
7.81499
0.869014
0.416468
10.7295
-0.193719
-0.947008
0.484305
-5.25892
0.00299906
-4.63667
-0.424854
-1.40436
0.88824
-1.15466
12.8252
0.815566
-0.905692
1.07643
-0.844159
-4.31227
1.87445
-2.95754
-1.29463
-0.789852
0.69471
-1.07857
0.633774
-0.594414
-0.14904
1.35886
-1.03405
17.4464
0.789434
0.595651
0.383294
-0.239421
3.22571
-2.26728
2.83273
-0.464587
0.271839
20.4158
0.781564
-2.72191
0.465622
0.417791
0.0195057
1.0545
2.07731
-2.67206
-0.817727
0.220629
-1.82212
-4.10672
-0.999394
0.597806
-1.78615
19.6626
0.26871
-1.43475
-2.16451
0.859421
-0.0398231
-1.30404
2.87344
1.32343
-41.2908
-3.81536
-2.38945
-0.321009
-1.00044
-0.168444
-2.25154
0.765696
1.13825
-0.814193
91.2856
-1.41571
-0.223381
-19.4108
-0.511484
-18.5131
-1.53844
-0.585277
0.660876
1.31968
1.10603
-1.76742
-2.89498
2.70319
-0.175489
2.07581
2.20532
131.095
-0.379766
-0.532467
9.46456
0.840869
-1.46508
1.25908
17.545
3.49994
-3.16162
4.83258
2.14878
21.5766
12.8757
2.77464
0.296312
-0.0603968
4.41862
-0.106654
0.0489652
-0.942239
-1.46076
-0.238271
-0.364103
0.644745
7.38051
-0.985985
-0.0553712
5.65681
-0.925351
4.40451
1.08742
-7.08162
4.5523
-19.6628
-1.69485
-0.42819
-7.44259
-0.00755956
0.211305
17.3507
0.0748446
-27.8017
11.0471
-0.661704
-0.85918
1.70203
180.821
-0.524554
-2.44086
0.295831
-2.07944
-0.176767
0.518135
1.37658
1.26022
-2.35032
1.05614
0.358084
-2.04756
-3.60297
-2.13706
0.441336
2.11574
0.161745
-1.91915
-1.29297
-1.09994
-0.140229
1.57948
-2.4708
2.2932
0.354197
-17.7826
1.87993
-0.0174005
0.437603
-2.22437
0.0815145
0.938406
-2.75076
3.42485
-0.373411
-0.423359
3.06901
1.0886
0.814335
1.7015
0.303494
-0.803476
-0.0364548
-0.801491
-1.96539
-0.849766
0.101549
-3.10037
-1.96747
-0.482461
-2.15722
-3.332
0.470293
-2.96586
1.04895
6.8487
3.04177
0.470309
-0.870981
-1.87579
0.445906
0.44199
0.668462
1.61774
-2.70796
-2.04687
-0.643968
-0.382894
0.440003
0.901261
-0.0238126
4.60673
0.100917
-0.895718
2.51023
9.75998
16.508
0.436263
-0.893407
-2.31612
1.52785
-0.17434
-1.19974
2.69073
0.243065
0.659382
-153.724
0.356167
-1.51485
0.430798
0.378005
1.16998
0.224127
0.3939
2.31376
-0.354149
0.637018
3.32797
-0.413699
-4.53668
-3.34763
0.640395
0.3054
-1.15938
-0.722644
0.0584364
-6.83325
-0.790222
-2.53394
-3.31329
-5.17558
-1.42928
5.75937
-0.168473
0.557737
1.08271
0.781991
-0.360866
-4.20464
-0.704826
0.00042381
-0.733257
1.34181
0.50236
2.2913
0.73859
-2.96345
-0.804541
-12.8903
0.197628
3.04194
-6.74844
0.588136
1.586
0.550361
-0.236786
-1.35936
-0.302291
1.00122
-2.31173
-0.0851569
-0.780699
-0.196776
0.816001
-0.407843
-1.50957
0.668824
-1.93457
1.5471
0.737021
23.7844
-2.77829
0.555417
-0.0894487
0.451542
-0.696701
-3.94777
0.417515
0.369751
0.26713
-1.49979
2.02121
-0.872891
2.64726
171.636
50.8354
-16.2176
4.78728
-2.71084
9.78509
-229.495
0.0687889
1.86747
0.283389
-0.00485294
-1.05917
-0.445319
0.713462
-1.50014
-2.8504
0.356138
2.89294
0.353648
0.572943
1.16995
-2.32166
0.0303197
0.638752
-0.544794
-0.162747
-0.205286
-0.0130374
-0.299879
-2.03959
0.578803
1.08402
-0.133032
1.1927
-0.637607
0.245937
0.265222
-0.169559
-2.15597
-0.500246
0.641138
-71.3751
-1.20511
1.16772
0.899106
-0.867926
0.963146
6.10445
-0.935357
3.25543
0.39618
-2.07009
0.391844
-2.31616
-0.5392
1.20805
-0.0226992
-0.457833
-3.10756
0.285438
-2.57929
4.56256
1.59894
-1.39792
-3.1107
0.0381861
-3.65084
0.59352
0.428427
-0.133485
-1.56652
-0.104818
-4.27621
0.770468
-2.10317
1.18806
0.323604
5.93085
-0.132125
0.0115554
1.10765
2.03148
2.70344
-5.79661
-0.850629
-0.613075
0.655304
-1.23603
-1.68135
0.777231
0.659419
-0.0858085
-4.69961
-0.327609
-0.385053
-6.38837
1.14541
0.285195
1.01524
-0.153426
-6.18612
0.565317
0.579437
0.382987
-0.867434
-0.131531
-0.056135
-2.4346
1.50691
-1.23619
-20.7341
-0.196076
-1.70283
0.16619
3.98914
0.651009
-6.40714
1.26382
0.0510899
-0.0313562
-0.201071
-0.850695
2.53973
1.71279
-35.7268
0.424919
6.93687
1.44582
-1.06834
-0.0387826
0.20804
-0.644935
2.14746
-0.635818
2.35329
-1.31755
0.479399
1.81358
-33.5192
-0.147271
-2.33273
3.7193
-1.95223
0.386857
0.4681
0.183405
-25.7107
-0.00420745
0.910969
0.20408
0.365646
-2.50513
-1.20988
-0.231247
0.167031
1.74407
-1.55191
1.99099
0.25958
4.93924
0.345815
1.74739
-0.165584
0.378323
-3.24507
-0.339352
0.835913
-1.16736
2.71478
-5.2624
3.46718
0.467245
1.66981
-0.307314
-7.87567
-0.839008
0.0224119
1.06418
0.955442
-0.150947
-0.386858
0.160865
-0.359544
0.0509853
1.17453
-4.78807
2.87769
3.71318
-4.25996
0.903934
-1.43386
1.70845
0.238216
-0.117471
0.276831
-0.628701
-2.47128
0.591708
0.361658
0.0116438
1.22202
3.93675
1.07277
12.1601
-13.7812
-5.8379
-1.31415
-0.311356
-1.57975
-9.06658
0.631882
-0.737564
-1.05415
-1.42911
-0.334321
-1.77363
-6.25423
0.172245
-5.04299
-0.473243
-1.32195
2.62311
3.21336
0.628785
-16.8894
1.43698
0.758132
-19.3039
-0.247342
0.795514
-5.89747
-1.68745
0.556365
-8.18423
1.58021
-2.3559
4.44211
-1.50091
-0.292103
2.79776
-1.0392
0.198749
12.4539
0.868924
0.721335
0.103753
-2.38151
-1.16178
-3.73047
-3.93988
2.3714
0.746991
0.847999
1.80976
-8.60579
-0.966915
0.894338
0.602879
0.338921
-2.22522
-0.467235
-3.94063
0.177385
1.58616
-1.71819
0.072999
2.30469
0.299969
0.101303
10.2355
14.784
2.37325
-0.833951
0.313027
6.55503
1.57575
39.7499
-2.54777
0.172281
-0.133253
-2.15261
-0.00657651
-0.238324
0.887125
0.657634
-0.755092
0.720605
-0.676448
-0.436674
-1.48657
-4.1183
0.00343826
-0.0193275
-0.0990654
17.7464
-0.0771038
0.739028
0.0662355
-0.988377
-4.07761
-0.0924149
-2.08369
1.10048
1.17886
0.658823
-1.1046
0.0620057
-4.1485
0.477606
2.05908
-0.30505
0.706103
-2.75944
0.31027
-0.179477
2.33161
-6.10332
0.105921
2.55276
2.06432
0.330835
0.57489
-0.284351
-2.31
-0.00710153
-0.00717049
-0.343309
3.68692
2.22138
0.220612
-1.10842
-1.4994
-5.93768
9.82322
-10.1164
0.318401
-2.08549
-0.491018
6.81888
-2.98235
0.803129
3.89574
-0.060748
0.484594
1.00617
2.12647
-1.07448
-2.59589
-0.348261
0.751351
-0.723931
3.42669
-0.134417
3.67921
-0.385687
0.0980131
-0.706731
-0.706164
-0.1461
2.34343
-4.09543
0.632914
-0.104049
1.55883
-0.297568
0.879972
-2.80378
2.57595
-0.106558
0.787843
-0.481214
0.299274
-2.44897
-1.02166
4.57355
-0.646272
0.790912
-5.77295
8.35497
-0.339593
-0.470575
1.04342
-0.328859
-8.15376
-1.36469
2.3039
-0.74625
-0.0109203
-2.83979
-6.9679
13.6577
9.50614
-1.55129
4.51432
-0.741159
0.15441
0.44141
-3.8256
-20.3051
1.24899
0.241518
-10.8619
0.018496
-0.200506
-2.70858
3.03597
0.149331
1.88365
-0.147945
-0.306479
0.637105
-1.88082
0.264285
8.60581
-0.192324
-1.02452
-1.51268
-0.501555
-0.0939353
-1.55879
0.0647193
1.53301
0.146593
0.281343
0.130228
-0.520437
1.66819
-1.19674
-0.185849
-0.893873
0.170509
-8.84006
0.671657
1.53601
0.341795
35.1534
-7.26027
-0.224317
-2.07609
1.50612
2.30331
-8.27661
0.689992
-0.504473
1.75813
-0.257993
2.14654
-1.16111
-3.61947
-0.881935
2.9373
-1.8873
-0.786645
-0.577717
-0.215854
1.61076
1.51854
-0.46519
-1.50452
-1.16356
-0.665852
4.44215
0.87866
0.618492
1.64594
0.205036
-17.1449
0.541515
1.53588
0.664526
1.04677
-0.623995
2.56884
-0.315743
3.17376
2.23709
1.45427
-0.170957
-12.8819
-4.69983
2.33818
0.820911
11.0431
-0.0110243
-3.79726
-0.555605
0.692296
-0.0973449
5.25958
-1.38153
-2.72671
-25.6833
-3.67156
0.0156904
3.45034
-14.3255
-1.04215
-0.695613
0.484763
5.28817
6.49255
2.50148
-1.32266
-3.15162
-0.955786
-1.22748
0.437876
-0.487681
-0.481442
0.203127
6.48106
-6.04046
0.634428
-1.13362
1.08074
0.267367
5.02302
-0.329501
-2.08899
-0.589077
-0.7497
-0.239362
3.43434
-0.427353
-3.96588
0.71445
0.665488
-0.92932
-2.31074
-7.71585
0.194401
0.262352
-0.815592
-1.63181
1.20386
9.57499
-4.15819
0.949617
0.241273
-1.4583
-0.373423
-1.97096
-0.437582
3.08422
0.356548
-0.19507
0.644813
-0.578859
5.40324
-13.2119
-1.95474
3.45722
-1.83196
5.73944
0.134332
-0.765553
0.39253
-5.41823
0.0795724
0.0943238
-2.91986
-0.111536
1.5674
-3.12934
-0.551443
0.146544
0.144153
0.971427
-10.2957
0.236929
-0.45469
-0.017134
0.874509
4.62538
-1.7129
-0.205209
-0.709277
-2.73468
-1.57616
-1.43632
-0.0558494
-1.20984
32.1049
2.3476
-0.222537
0.648713
-0.175376
-0.717421
-3.33677
-0.00989096
-0.0230648
3.52554
-36.8358
-0.734072
2.10487
0.362221
0.335736
-10.4608
3.20306
2.58419
-3.48872
-0.00860928
0.183085
-0.857316
24.5623
-0.749735
-7.08944
0.377181
-1.5316
-10.19
1.01149
1.37504
-0.24935
-1.54975
-1.31075
-1.71559
-1.15038
-3.53929
0.449298
0.336263
-0.824355
-3.74592
1.53764
1.82136
-0.762334
1.59754
-0.835314
-0.643919
-5.4803
-0.770456
-0.188638
2.38342
2.91716
0.0793633
-37.861
0.137639
2.1161
-0.408503
-0.201897
1.48596
-0.609771
0.404568
1.62461
-5.44736
-3.68886
-0.270711
0.928527
-0.113726
-0.962523
2.32095
-3.66706
-1.87078
41.6229
-6.65515
10.002
1.73681
-0.538436
2.5216
-2.50474
-0.396546
0.0473463
-0.597385
-1.472
0.244998
-6.21913
0.0175287
-0.475093
-0.0449975
0.733223
-0.911045
-0.252764
2.19848
-4.34433
1.16577
1.46793
0.614449
-1.65676
-0.0458569
0.0485845
-0.578129
33.8843
0.602
-1.08407
-0.381967
-0.31191
-0.591828
-0.892513
-52.9838
0.346275
1.68496
-0.0706393
0.4982
3.71143
-0.040086
277.163
-1.86728
-3.56796
-0.115656
0.444602
-0.561925
1.0018
-1.26995
1.67756
0.626045
-0.0986018
0.446769
-0.349557
1.71641
-5.85494
0.224069
1.19471
0.955693
-0.14545
-1.91229
-3.31738
0.459377
-0.399648
0.68546
-1.85371
-0.613453
-0.098644
-3.4513
-255.26
0.990677
-110.211
-18.6221
-6.73163
-1.87065
2.92141
872.01
1.02575
0.200153
-0.314329
0.616158
-0.863734
0.980563
1.86442
0.887175
-2.87144
0.452529
-0.0469925
0.182686
3.46451
2.44789
0.302454
-0.25599
-0.335016
1.7148
-5.23242
-0.578619
-1.7983
-3.75897
-5.01094
14.6735
0.209806
-0.739101
-0.15663
1.09737
5.48707
0.000547912
3.71734
1.21526
-1.03825
1.01634
-15.5431
1.95264
0.190864
-0.0751739
0.84113
-0.357784
-1.83427
0.269992
2.17107
5.55039
-1.50744
0.445102
-1.53912
-0.417081
0.683134
-0.956736
0.879908
0.720276
-0.410684
0.57156
0.958578
1.04611
1.26315
-1.48948
-0.0290649
1.24341
1.58103
14.4294
-2.15739
-1.69689
-0.551101
-1.23147
16.9581
-0.757943
-0.452268
-33.6671
0.647025
0.23484
-2.0775
-3.84244
2.74812
0.904195
7.34416
1.75924
1.01758
1.61359
0.56569
-10.2421
-0.725428
0.0810753
0.301997
-1.28694
0.190282
3.82167
0.824769
0.446207
0.762113
-0.00947239
-0.859572
-0.783527
1.97682
0.338487
0.539038
-0.140813
11.7533
16.9838
-1.64408
28.3297
-0.61772
-1.5665
-0.279003
16.5367
-0.101417
-213.105
-0.755047
3.73361
0.281473
-3.8052
0.503607
1.55497
-1.65459
9.96959
-0.689834
-0.0451427
0.461243
0.586714
-0.0414386
-2.83299
-5.85135
-0.427336
0.817815
-0.399418
5.6882
0.0830955
0.369023
4.82042
1.37164
1.96625
-1.31929
-0.062754
-2.34822
-0.407437
0.510044
-1.08761
24.4124
-1.23378
-27.144
2.29337
-0.239026
-1.41923
-1.72486
4.35169
1.20201
-3.9972
-3.1449
0.0431539
0.42761
-0.70451
-3.44968
-0.313095
-0.809999
-0.978538
2.5243
-17.5843
-3.56773
0.529834
1.55341
-2.12761
6.6004
-0.039062
0.465528
0.316662
2.0548
-0.135882
2.43239
28.2109
0.985884
0.847711
0.177772
-5.92345
-1.44693
-0.206524
-0.533416
-15.381
-1.78656
-10.8698
-0.363878
0.423861
0.0461305
-4.4838
1.26323
-2.31726
-1.50154
1.0875
-1.38303
-0.185594
-1.76231
-1.2629
0.549854
0.824531
1.18973
-0.0986749
-25.6866
-1.06572
2.65283
36.0808
3.99243
-0.21366
0.352583
-0.620322
-1.49052
0.6748
0.666432
6.40209
1.55021
-0.857135
-1.01417
-0.64993
0.396694
0.179666
0.374465
-22.3295
43.3552
-2.15001
-0.163863
-7.98474
0.518473
-1.78472
0.245605
-37.4072
0.634138
-0.316914
2.43921
-35.0623
-0.763282
-22.9718
4.61513
2.72619
3.42593
-3.0079
0.60385
0.432416
1.55802
0.1517
0.970721
3.79385
1.65366
0.217889
-0.0660646
-7.08669
1.14693
-3.0464
1.97729
4.0245
-5.36692
4.85726
1.47217
-2.01679
-0.358675
-0.357959
1.52324
-0.340185
-0.305505
0.00388179
3.29965
0.43427
57.8583
-2.06896
0.0317843
0.223401
-0.361175
0.962871
-0.0669916
-0.243403
0.847839
-0.088216
-0.815479
1.21672
-5.13555
0.102419
-1.47103
-0.0916717
-1.48297
0.403688
22.1051
6.52905
-2.90537
0.414698
-9.16749
-0.621706
-3.11557
-2.9631
-0.203784
-0.241394
1.00241
0.450896
3.28076
-0.874875
0.444795
-2.57865
0.140736
0.66276
-3.30828
-0.0325698
1.85049
-0.108688
0.450399
4.7677
6.53188
-0.708215
-1.26895
-0.381119
-0.47267
-0.813817
1.90526
0.175207
0.45127
-0.632594
0.166373
0.584041
0.501856
10.8665
1.21574
1.92604
0.111884
0.961566
0.578724
-3.92473
0.352358
-3.23684
0.0626284
-4.99245
-0.878014
1.17341
0.528024
-6.58469
0.597768
-1.45904
0.63387
-0.596518
-0.895431
0.450634
0.834239
-0.256384
-1.92275
3.68807
-0.616702
-0.15857
0.515147
1.14009
0.549762
-1.76332
1.48809
-1.14983
0.616135
2.445
0.991844
7.95868
-2.85961
2.75057
2.34499
1.45813
-0.903749
-0.733286
-0.711471
3.31248
0.922158
-0.740476
-4.92958
1.54085
-0.117625
-0.0137632
-0.967369
0.832277
0.326094
2.75974
0.554378
-0.148969
3.3468
4.12331
-0.0626369
-4.48442
-0.661643
-2.16851
1.28856
-0.862356
0.0417067
2.82897
-0.940991
-1.70584
-1.42757
-1.22121
0.614161
1.52493
0.197891
-1.38421
0.186186
-3.16387
-14.8678
0.938348
-0.222125
6.13916
-0.225422
0.445875
-0.707636
-2.31893
-38.1458
0.664445
-1.64128
0.0556529
-1.10838
-2.49466
2.4395
0.800154
-0.794588
9.03806
0.623798
-0.293057
-3.19017
0.830495
0.0882854
3.08467
-0.395248
-1.42483
-0.26778
1.10798
-0.848625
-0.461859
9.55754
0.0917582
-2.16564
-2.40475
-0.0827904
-1.60109
1.09431
-0.721884
-1.33002
-1.90644
0.0756545
-0.30802
0.80203
0.389448
-1.15696
-3.95622
-1.05508
0.670088
-8.07967
0.775048
-3.20289
12.0428
-0.5529
-0.356563
-2.85793
0.0746211
-4.11001
5.22515
-2.22745
1.05815
0.928078
-0.362522
0.544711
0.284493
-1.19867
0.733358
-0.304952
1.55855
0.699022
1.18119
-0.0456185
4.57408
-4.90221
-1.89346
-3.76768
-5.17788
0.370021
0.020115
-0.835427
-22.0712
3.70952
-0.759177
0.236921
0.096561
-0.0131265
-0.621587
0.157638
-1.45013
0.173687
0.172554
0.322914
1.28507
0.44719
-11.0908
-0.464255
-2.8681
3.59321
36.4886
-0.357194
0.0916623
0.150939
0.69223
-13.9413
3.7171
-0.572865
3.2665
0.146367
0.828879
3.93664
1.21074
-0.483044
-0.324003
2.04489
1.04326
11.9974
-1.72004
4.16229
0.613994
-0.0424087
2.09397
0.751696
0.290476
-1.10909
-0.462167
9.50935
3.91911
-1.16861
-1.56614
0.189893
8.46204
-0.0547152
0.0436676
-158.588
-0.235297
3.20758
2.31887
0.40853
1.53108
0.427723
0.295057
1.33485
0.27063
-0.514041
0.494053
0.684925
-3.28078
-5.30779
0.401195
3.02856
-1.40825
-4.86478
-1.26665
5.45227
-0.0988726
-3.72681
0.310243
-0.0778555
-2.68251
6.517
0.0950804
2.2912
5.77679
16.0588
-0.397212
0.24858
0.884568
-1.28514
0.131134
0.0794347
-0.37286
-0.0332408
-1.20547
-1.03021
22.3774
0.786984
0.634748
-7.38677
-0.553984
0.0980711
5.73149
1.25268
1.66973
-0.395831
-2.18394
-0.133124
0.480045
-1.24931
-4.85134
1.34576
0.234168
-0.907264
1.44931
-41.7951
-4.7656
-5.79267
-0.791919
3.31512
-0.0496285
-1.58567
0.880097
0.261113
50.5512
-0.938221
1.4473
1.05616
-0.0804804
1.30249
-2.36502
-0.14515
0.236986
0.539354
-0.865539
-3.35278
-4.5401
0.751131
2.75318
-0.858478
-7.25777
1.05595
0.126471
0.448925
-0.55021
-4.43764
0.120631
-2.72232
-0.516819
9.62436
0.0259956
0.781786
-3.04235
3.29426
10.5442
0.331051
-2.227
4.84165
4.28977
0.515939
1.59426
0.348423
0.952236
-1.32125
9.53785
-1.90422
1.14991
-0.385714
-5.63332
1.02449
-1.09429
-25.1763
14.2502
-1.20736
0.557474
17.6207
-1.62627
0.406877
0.227737
5.68651
1.67537
-0.706641
-0.74486
-2.44737
0.980245
-0.754566
-4.81057
-0.0332353
0.571998
-0.203313
-1.88883
-0.817941
0.949084
-13.7787
0.172578
0.520035
-3.20257
-0.460481
1.28325
-1.1589
0.231582
0.4678
-2.58728
16.1173
0.496083
3.89259
-1.78017
-0.172532
-0.0511861
-2.28335
-1.30125
-7.3617
0.0706896
0.123282
-0.284104
2.10092
2.12371
-0.545063
3.56855
0.290932
7.42142
0.349521
-1.6221
-1.64789
-9.15361
-2.52864
-11.5437
0.235003
0.675657
-0.866339
-0.818596
-1.0139
-1.85091
0.760462
-10.6583
-0.488368
-1.33531
-0.387105
-0.895481
-0.812269
-5.63476
0.0114712
0.0664388
-1.51042
-164.884
28.2206
-4.46864
0.510994
14.7549
-0.410041
-2.22867
0.343585
0.577171
3.96924
-1.0522
-0.251436
0.580789
1.59798
0.360986
-1.78348
14.2086
-0.687912
-0.16196
-2.01083
-0.864244
-0.62189
-1.38066
0.300173
0.144435
-3.7289
1.72375
-1.30966
1.1525
-0.0451074
1.32037
-11.7772
0.232892
0.0709948
-0.582898
0.990714
0.503101
-0.352852
-0.13585
0.57862
-0.56639
-0.727414
-1.75624
1.37057
0.289592
-1.65744
0.0414458
-0.724304
-6.10038
-0.555722
-0.432343
-0.530287
-0.206946
-8.85022
-2.52221
-2.14489
1.2726
-0.837136
-0.798663
-1.67418
-0.253692
0.576272
0.674175
1.58223
-2.87672
0.915139
5.63231
-1.07966
-1.3135
-1.83316
-1.86504
1.05312
-0.995927
-11.8291
5.55489
3.42869
1.11422
-0.69001
-0.720552
0.0832738
2.91209
1.97596
-0.332385
-1.73981
0.266776
-0.179102
-3.49938
-4.90692
6.26228
2.05219
2.89185
9.5474
-1.2841
-6.75228
-0.0422136
-2.43683
1.42122
0.790824
0.0378656
-1.14156
2.08136
0.98738
0.311451
-0.0231602
-0.946763
0.454685
5.78623
1.03701
-0.883175
-0.931917
0.484373
-1.68218
1.84362
1.5808
-1.41914
-0.67678
-0.566836
0.427394
0.173046
0.726113
2.54692
0.00977845
-250.662
-0.213476
-0.0295299
-1.80224
-0.261166
-9.27577
0.0378637
-2.8336
0.505889
-0.0406017
0.414286
262.397
2.35874
1.73984
0.235118
0.288537
1.07516
0.705854
-0.217237
-1.48118
-2.35998
-1.88098
48.7112
0.243557
-0.926171
0.0747931
-1.99082
0.0689838
0.761179
0.134325
-1.73567
0.112641
-1.14403
-0.956598
-0.111013
2.52634
-1.40525
0.0731987
1.03784
-1.34515
1.19145
-0.203147
0.256214
-0.0755852
-0.827052
-1.66768
0.0917331
-0.349194
0.154088
-3.22677
-1.04185
1.67427
-2.19486
1.35481
-1.27965
-0.389901
-0.835857
0.0992678
0.134026
0.256152
-1.32992
2.52887
-7.18318
-0.570256
0.321241
-4.71417
-1.46186
0.211434
-12.8491
-38.1458
-0.188607
1.69465
3.36077
-0.187648
1.07195
-1.74855
0.106494
-0.530847
0.0374568
0.817997
4.59113
1.84541
0.966844
-2.32086
0.980089
0.687925
-0.285135
2.63651
-4.39412
1.95519
14.3228
0.960886
0.390742
-3.30371
-0.656108
11.657
-0.822696
2.43148
0.343171
-2.59189
-5.89804
0.489739
0.766703
-4.46622
16.7705
-2.26184
-1.97169
580.437
-0.00276773
4.54239
-1.05365
0.650629
4.40741
8.01749
1.90557
0.172642
0.288793
-3.65947
1.41236
0.26222
3.08474
-0.0876651
2.39223
0.105841
1.79788
-1.37512
-0.129385
-0.251816
8.99154
5.14352
5.55529
1.72772
-0.625923
0.140625
-1.38599
-0.633008
-0.588258
-0.9944
-0.850568
-0.018467
-3.03539
0.125129
54.2343
26.3335
4.30017
-5.04364
2.09371
-0.0752331
-10.6428
-1.04048
1.98414
0.959613
-5.23078
3.67596
-0.368435
-0.319763
4.11041
-5.19079
0.818836
1.61827
0.0208952
-0.340865
-1.02635
-1.79781
-0.220892
-7.75416
2.89846
-0.591826
-0.910572
1.5601
-0.624902
-1.6062
0.29285
0.535352
0.183587
4.03872
-1.37248
-0.0114718
0.782281
-0.837934
-1.81242
0.510923
1.00838
-1.24301
-1.32192
-3.90087
1.33263
-0.827503
0.39913
8.10176
0.515113
-13.7112
0.464766
-1.5768
-6.19435
4.58209
-0.722097
-0.185957
2.2983
3.00111
0.114311
0.72669
-0.102816
1.47289
1.07685
-4.68034
3.23087
0.0162879
-0.308228
4.08085
0.993897
-0.391891
4.43148
0.914802
-1.31703
-0.367086
1.80506
0.382168
-0.0277125
0.249582
-2.727
-0.931777
1.71371
-1.09066
3.2954
6.45476
-0.699876
6.13519
0.112074
1.29894
0.891701
-0.0289222
-1.33426
-0.212737
0.46397
3.24667
-9.10325
0.934994
-0.172439
-0.405542
-0.128899
0.469344
0.0937062
1.40417
0.450014
0.29997
-0.609754
0.987521
0.352849
0.0395675
-2.27709
-0.479053
1.20343
-0.838748
21.9714
-37.8062
-1.7145
0.9722
9.61124
2.25789
-3.12321
3.93647
-1.90747
0.908426
0.813998
0.677151
-1.91619
1.66867
-3.31048
0.230634
0.0398751
-0.593375
-2.54941
-0.0731606
-0.304604
0.718885
-6.7442
0.571873
-0.483776
-0.237672
-2.4262
6.63651
-3.74258
-0.838493
-4.20101
1.53822
0.563092
-0.114166
0.368576
-14.8327
10.2783
4.04758
0.453992
3.41845
6.065
0.261405
1.51425
-0.588602
-3.90062
4.22956
-0.328163
-1.2755
-0.147711
0.173131
0.167891
-0.140971
-0.0987581
0.856886
-6.99085
0.0443115
-7.62102
1.46246
2.37619
0.644587
0.102533
0.867126
0.321804
-0.43696
-3.47824
-1.49312
0.537364
-0.264302
-0.950424
-1.71164
-0.716454
0.0216716
0.132129
0.355285
0.738482
0.568235
-0.00335615
0.245698
0.223298
0.234471
-0.822051
19.0363
13.8663
-0.0836238
-6.51811
11.2775
-4.05011
-0.0832585
-1.93697
0.996459
75.4922
0.418963
-9.51723
-2.10412
-1.35848
-0.900335
2.56993
-11.8474
-6.56078
0.953586
-0.433004
0.693711
-4.17652
1.62964
-0.186126
-0.487525
8.4634
0.771492
-0.436727
-3.07626
5.02663
-23.9289
0.972693
-0.37028
0.969188
-1.93385
-0.869941
-0.978482
2.21884
0.461137
-4.46659
-4.46027
4.79941
0.382018
-1.5056
0.773884
-0.471036
1.93469
0.374665
-4.60472
1.4767
-0.549101
0.635598
-0.668479
-1.32294
-12.7115
-2.70982
-7.3909
-0.97961
0.554485
2.56717
0.211996
0.0702071
1.84384
0.74488
-1.09691
1.54023
1.24556
0.59951
-0.609962
13.6669
-3.2794
2.15551
-2.25197
1.53125
1.36133
-0.707334
-5.2154
0.389006
2.09739
0.550346
0.428588
18.5891
-0.319381
12.0592
0.821782
-26.9861
0.329286
-0.0827317
0.450364
5.78912
3.05713
-2.53499
1.91382
1.18823
-2.8604
22.5562
2.21275
-0.55136
1.32354
-1.64366
0.676003
2.13837
12.4002
0.11167
0.424394
-0.653859
0.963318
0.449384
-1.34131
27.9661
-1.26283
0.839072
0.880224
-1.46441
2.04905
12.9514
0.454137
-0.561919
-2.24119
0.0697424
0.617991
0.458548
-0.498722
-0.20278
-0.912086
-0.223061
1.66107
407.239
-1.67475
-0.0498584
3.26062
-0.500563
0.344164
-4.74906
-9.96836
1.17971
1.04557
0.178309
0.000579136
0.342022
-2.37709
0.174129
0.876868
0.784743
-0.0768285
-0.626917
0.650987
2.99211
5.40106
-0.148517
-0.252541
0.857909
-9.3098
-0.620957
0.212133
-0.961445
-300.423
2.91985
-0.573243
0.415512
6.96653
0.0853365
2.95364
-0.0512641
24.1395
-8.2728
-1.2702
1.74764
0.794234
-2.54708
0.130435
-1.93362
-1.94994
1.71832
0.119043
7.79346
-1.19251
-1.31474
0.319667
0.435829
0.277001
-5.47917
-1.12106
-0.0189664
2.52795
0.768527
-0.353547
-0.522014
0.395642
7.83513
6.16034
0.171238
0.88781
-0.688175
-0.709052
1.82155
0.555263
2.84143
-0.311453
-0.161976
0.279232
2.0284
3.2031
0.136516
-3.03058
0.983161
-1.88436
-1.08945
1.25361
-8.16256
0.825385
0.455877
-7.9315
9.82778
-1.11981
-1.03138
5.56504
-0.95627
-2.50886
-1.6071
0.360645
-0.403625
-0.0522812
5.2292
-0.871435
-0.534759
-0.0495994
0.456759
-4.61759
0.0956772
1.93868
1.70496
0.495691
0.453738
-0.165903
0.731429
4.12658
-1.96922
-2.52241
2.20989
-0.382081
0.247683
-0.0275653
-13.1349
0.297428
0.921212
0.0937492
-0.0360103
0.41398
1.16508
-0.539445
1.72125
0.36999
-6.26973
-2.3732
38.2365
-0.486826
0.177826
-0.931239
45.0805
4.91358
20.873
1.20814
-1.48544
74.561
12.922
1.34871
2.80561
1.21615
2.39483
0.0073287
0.573081
0.0837619
0.453744
0.914226
1.25267
-1.46947
-0.268801
-2.21353
-1.53343
1.79083
-0.863809
1.04309
4.74046
1.32557
0.765698
-0.499135
-1.17527
0.604774
0.513958
-0.303368
-4.92569
0.343134
0.515459
1.26338
-0.320948
-0.347319
-0.240722
4.35651
-0.0208126
-1.7627
-26.2694
-2.52521
-0.179388
3.29267
0.0677037
0.0431322
0.827478
-4.42426
0.0376663
-0.272629
-0.449604
-3.60291
-0.929273
0.146373
-0.996863
0.747095
-1.57298
0.959314
0.00483379
4.87579
1.03979
6.43393
0.380174
-0.260276
2.3879
-1.63985
-2.20803
0.816973
1.61359
0.987213
0.0547583
-1.57915
0.878132
-2.61341
-1.05781
-0.217315
0.944785
-1.31247
0.110311
-2.63887
0.349035
2.79074
-0.482952
0.805339
1.76481
-0.0338426
-2.06308
-1.68696
0.439956
-2.98559
-0.227735
-113.712
0.29582
-13.0387
0.137167
-1.20996
-0.845811
1.75249
-0.700465
-4.45575
-1.36218
-0.476909
2.31397
0.661111
1.84287
-1.10287
-0.554648
-1.25818
-0.170484
-0.160186
-0.213389
0.522626
-0.377725
1.48427
0.443673
-26.568
-1.85955
0.573753
-1.00695
-0.385497
-1.08708
3.95363
-0.804774
3.29944
-2.16656
-0.968747
3.99969
-0.208769
0.05567
-1.28885
1.73266
0.951354
0.267948
1.04799
-1.32131
-0.22099
0.709177
-0.00577301
0.148116
1.33143
1.24912
-0.339854
-0.964573
1.62738
-27.4254
0.136402
0.158266
6.72469
0.348211
-0.396411
0.0388307
-0.519105
-0.963514
0.675831
0.185366
-2.36511
-0.95641
5.38922
1.44295
-1.0392
-0.0878145
-1.27788
0.107332
-0.106884
-0.728016
1.54718
-0.890388
-4.65829
-0.852159
0.676531
-22.4196
1.25273
0.332865
-0.0738302
0.394147
-1.97477
-1.35888
-25.7955
0.564191
1.34452
-0.788586
0.81221
0.536411
-0.275494
0.289354
-0.168832
0.206961
0.0151902
-0.0513348
-1.91874
0.5154
1.67154
-0.335138
-0.891144
0.116131
3.73447
-0.0592827
-7.7287
1.80951
-0.0997144
5.50847
-0.488604
-2.5231
0.161562
1.54908
-0.263772
-1.7207
1.6083
-2.03993
0.190338
-0.0545906
0.523659
-0.494042
73.8052
1.74624
2.58253
-2.26328
0.510605
-64.4982
-2.4217
-1.43146
-1.35537
0.376921
1.77161
0.898712
-1.98404
0.0280346
0.673349
-1.53151
-2.18977
9.55327
-2.12764
-0.0979097
0.513956
-1.33467
-3.15832
1.92124
2.0836
1.39685
3.95484
-1.29635
-0.785695
1.7154
9.04162
0.0866688
-0.248669
-1.94566
0.425134
-1.61275
1.64486
1.73633
2.0467
2.50786
1.28952
-1.72004
1.03291
2.08717
0.28213
-62.5846
-1.71397
-3.20574
-0.578005
1.21364
-15.3639
-0.529495
0.213636
0.667352
1.95039
-0.830388
6.54219
10.0354
0.116328
0.0280607
4.6464
2.73366
-1.95307
0.591591
9.99178
-3.12999
4.46906
0.848669
-0.485989
-1.956
1.37201
0.6189
6.07222
1.52618
-0.660041
1.52663
-1.03015
-4.62886
-10.0555
-0.349078
-2.07918
3.11858
-1.70815
4.88265
1.0121
3.06864
-0.673745
0.853631
0.63899
-4.34808
-0.895628
-18.6276
0.334169
1.76139
30.7731
-0.896464
-0.121677
1.74988
0.0254032
-3.2734
-0.620732
0.855978
5.65941
-0.933177
-3.13247
-4.28227
-0.336583
-0.193052
-0.405927
-0.150457
2.54741
0.196543
-0.59979
1.07003
-0.84067
-3.9251
-0.28729
0.590153
0.510326
1.33765
-12.45
0.978462
-1.62997
0.370349
80.1592
-0.905156
0.92387
2.08122
-0.427004
-4.51155
5.10958
1.03653
-3.72126
0.733768
-0.18963
-6.7317
-19.1195
1.86645
-1.15469
-0.0750615
1.65994
-2.36226
0.216846
-39.8554
1.53899
10.2273
-0.377991
-72.2091
-0.271872
8.71383
-1.62545
-11.5864
-0.234754
3.99911
0.16158
-0.503927
-0.870506
-0.312518
1.58756
0.0730198
1.85129
2.30215
0.927754
-0.695697
-1.96432
-4655.07
1.21531
0.86229
-0.759158
-0.562601
1.58306
0.69567
0.172314
-0.326099
2.82282
-0.114106
0.796723
-79.4053
0.983916
2.1979
-1.37121
-0.413279
-3.96005
33.4232
0.722937
0.113542
-15.2334
-0.464094
-0.0271565
20.0033
-2.52873
-2.0851
-0.780795
1.46059
-0.319962
-2.29875
-1.10633
-0.109536
-0.60123
0.297178
-7.28808
1.09503
-2.33104
3.63404
0.437708
0.480308
0.515686
-2.92988
-1.57466
0.286788
0.413351
0.259038
-0.879244
-0.716696
0.192784
-2.79511
-0.402983
-0.34981
0.16292
0.255076
-1.34421
-2.37491
-0.328164
-0.995724
-3.36759
0.46876
32.9022
-5.36545
-6.71839
-0.543787
0.866118
1.46146
0.723782
1.2911
-0.398218
0.0128685
19.3916
1.21797
-1.47261
-0.812515
-7.6793
-1.23397
-7.73004
-0.444519
127.934
0.709106
1.36975
-0.521796
99.3245
6.57828
1.33351
0.231503
-0.842023
-1.20686
0.535039
8.18102
-0.915857
-6.38983
-1.79699
0.0921302
8.97567
1.41199
-0.39019
-0.405488
-1.30429
0.594921
1.39174
0.424781
-0.280107
-1.04153
-0.380278
-1.20532
-0.540227
0.905752
-7.00429
0.325464
-0.229163
2.01293
0.0885911
1.18453
-7.98214
0.546182
-0.0552057
1.61109
0.694396
3.49149
0.307569
-0.0891162
0.785156
1.15743
-0.271901
-9.4555
-1.26166
1.708
-0.910502
-1.15072
-2.25063
5.68724
0.0907887
-0.569589
1.26031
0.390254
-8.26597
-6.21763
1.83525
3.75861
-0.657732
-5.09318
3.10749
0.249747
-0.898065
-2.7371
0.648177
-0.240968
-24.2152
-0.69289
-0.55778
-0.5094
0.841801
56.943
-17.2022
-1.70284
3.23935
1.7208
0.980408
1.28169
-0.750771
0.715963
-0.774961
-1.95369
3.24711
1.24978
-0.589468
-0.594606
2.89465
0.121969
0.206138
-0.15474
0.102611
-0.754887
-0.894023
1.50557
-0.0972833
4.99288
2.01564
1.32472
-2.09717
0.552961
-2.86773
2.88352
-0.145093
0.0294656
0.331734
0.997243
4.06996
-0.900842
3.30165
-0.570688
2.26839
-1.19075
0.880168
-0.0697875
1.1291
1.62685
-11.6323
1.41502
0.674497
-0.0400136
-0.911368
1.03873
0.285696
2.58445
-62.0112
1.5762
0.361076
0.0439066
-1.18809
-0.975949
0.299249
0.741377
-7.56342
2.21259
1.32898
0.267712
0.781448
0.0753243
-1.19165
-0.442056
0.0993238
0.526311
11.2229
-9.94187
0.616936
0.0987703
6.49666
4.0406
-0.514505
-0.701374
0.24298
-1.05194
1.79206
1.00052
1.65704
0.0320472
1.17022
0.785731
-0.0692965
-4.0728
14.6908
0.390999
1.66133
-0.444513
0.0798279
0.278743
1.05599
8.18181
-0.111381
-28.8951
-0.601022
-0.636405
-0.269559
-1.18636
-1.83739
-0.689721
-0.402856
1.03142
0.622902
11.8915
-1.06895
0.0807995
1.06926
-2.01926
0.798888
-0.117797
-0.223602
0.384967
-1.58325
1.12293
1.25416
-9.43864
1.40149
1.12892
-0.281618
-0.350013
0.029541
-0.632365
21.548
-0.0500521
-0.672082
-1.24203
-4.40182
4.0061
-3.89694
2.2079
-2.50762
3.63002
-4.94259
-0.512612
-3.51872
3.82693
0.703541
-1.51798
-0.287704
-0.117658
-0.290442
-0.0906391
-7.20902
4.1989
-0.566644
2.08568
-4.68415
-0.843811
0.933507
-0.0471507
-1.23378
-1.98874
-0.605773
-0.218639
0.0667275
-1.79718
15.7401
7.97909
9.56993
-0.748877
-0.0119742
14.9237
0.508817
2.37292
-1.86605
-21.4121
0.0966179
-0.315956
-1.81957
4.84772
-0.849185
-1.51356
-0.795264
5.85394
-1.5761
0.112648
-10.4511
-6.43944
-0.651511
-0.210875
0.134574
6.22604
0.0413526
-1.41111
-4.01414
2.26462
0.00536186
-0.444472
-1.62988
-6.4935
-1.16918
3.61339
-3.4173
1.50371
-1.02656
-0.545223
-3.07126
0.411613
-4.19634
-0.148998
-5.01224
5.70077
0.72952
-0.990877
4.50126
0.292309
-4.42192
0.702535
0.00443487
-22.1736
4.60862
0.341913
-0.462786
0.0114784
1.22445
0.145507
0.278672
0.581332
-0.603232
1.34753
-0.552027
0.592914
-0.211128
-2.29215
1.72721
-0.133024
0.705517
1.68826
-5.06562
-3.0076
1.31716
-3.41585
-0.787204
-1.31763
0.667876
0.219466
-1.90472
-1.20937
-1.13635
-0.166453
0.0130591
-1.12567
1.61133
8.66733
-0.184325
-0.412773
0.822743
-10.132
0.0432137
4.06586
8.62222
1.91322
-4.0083
-1.14781
-1.50599
0.17071
-0.428317
-0.931652
0.192478
-3.49664
0.746993
1.13744
-1.22425
0.218165
1.44589
-0.972182
0.412696
0.662406
2.17418
-7.81136
-3.24676
2.64149
-1.74957
0.888049
0.841893
-1.24945
-120.578
-2.36551
-0.430389
-0.698517
-41.3279
1.1297
1.70087
-1.59255
-12.2691
-0.174542
-1.24434
-0.876648
-2.87565
1.38639
0.314586
-3.78873
0.122645
0.938661
1.45241
1.56083
8.17005
0.18836
-0.640663
-0.511356
0.494477
1.06732
-2.20813
0.241126
1.45393
0.661602
-26.2557
0.251956
0.271175
-0.38812
-0.954482
0.48598
0.0231585
-0.385029
-0.253153
2.39306
9.99881
-3.09353
0.153377
-0.30575
0.625511
0.815521
1.10163
0.617739
0.793601
10.4274
-0.984617
-1.25124
-0.221874
51.2498
20.2402
-0.557398
-0.0292965
0.0752554
0.578614
-0.0543913
1.76402
-1.46048
0.854089
-7.57862
-0.458246
8.08551
-4.29101
1.71882
0.046909
0.550784
-0.419714
-0.0451034
-0.284865
-1.9089
1.41579
-3.46013
-1.68975
0.769506
1.01364
-1.2411
-0.811857
1.43448
0.134774
1.01984
-0.102199
-3.49751
-8.38852
-1.72253
1.85115
0.147938
-0.967093
0.76303
-1.31928
-0.713989
5.42739
-3.07357
0.573106
-0.590967
-33.2553
-1.23252
0.477403
-1.75739
0.717655
-1.05174
-2.8365
-0.143924
2.04184
3.40675
0.0292494
0.913081
0.111681
2.22403
1.187
0.792553
1.23413
2.41376
-0.101793
-1.15538
-1.22627
-0.0386743
0.483304
-0.612376
-0.508053
-286.008
0.305497
0.184535
0.413204
0.59331
-6.77388
-2.28825
0.147924
-2.42003
0.401172
-0.333714
-0.655377
1.02855
-0.288983
-0.9946
-0.212697
0.736585
0.19355
0.720319
2.08506
0.955674
26.2542
-0.0091437
0.282437
0.70482
-1.08057
1.67743
-0.0296164
0.173132
-1.53831
7.31722
-1.59854
0.336454
1.03792
-2.42602
1.59092
1.38927
0.0524184
1.00091
-1.3039
-2.4983
-0.0475014
-0.791199
-168.392
0.343277
-2.06527
-0.622604
-1.80539
17.7908
1.30229
-0.364952
0.169344
1.15817
0.901219
-0.21283
-0.11897
-0.26777
0.804933
2.40945
0.894868
0.096813
0.18431
-1.31278
-3.61748
3.23046
0.677188
-0.426804
1.62072
0.153909
0.157003
-3.03924
12.196
-0.548018
-5.18213
5.04763
-0.384213
0.778157
-0.105511
1.34684
0.872075
15.9656
-0.420846
-0.679015
1.69493
-2.80898
-0.581726
0.296992
-2.46505
-0.617373
-3.65869
-3.16608
-1.64849
-0.355086
-0.021393
-1.57631
3.63011
0.706231
-0.9848
1.76099
-2.00667
-0.344411
-0.731876
0.169325
1.57441
0.854569
-1.94977
13.2613
-0.66129
4.6753
-0.0407616
1.06501
1.20166
-0.949542
-0.853682
1.05657
-1.28656
1.17066
-0.817439
-0.662916
-0.165422
-1.41637
-2.0841
-0.305004
0.384579
51.8659
1.23775
0.339415
0.911714
-1.47843
-0.569631
0.224653
-0.53223
0.262038
0.879758
0.585691
4.27587
-5.18673
0.423161
1.12337
3.1041
-1.15752
-0.928138
-3.3851
17.5039
0.156745
-0.285436
-0.186409
0.976099
1.64951
-1.23765
-0.798053
-0.802788
1.69321
-13.9455
1.65455
13.7799
0.639403
-0.590579
-0.298995
-0.326064
0.433665
-1.13254
-0.0325215
-0.850637
33.3974
1.9614
0.326206
-0.6543
-2.0915
0.38234
0.314271
37.1848
0.962176
1.84078
0.103212
-1.57686
1.98045
0.0371247
-0.35305
-1.73464
-1.8976
-1.83435
-0.226139
2.68697
-7.82886
5.24901
0.899888
-1.57578
1.27521
1.52865
-0.00680855
0.541036
-0.674427
-0.100682
1.09634
6.67853
1.76062
0.334778
-0.160968
0.989575
1.00096
3.39858
-0.815625
0.387766
1.39836
-37.8045
-0.444165
-0.541027
0.638016
0.0167848
4.48501
-1.39269
4.05059
-0.780129
0.797071
1.69733
11.8372
4.40928
0.642532
-0.437433
0.659068
2.77932
-11.8721
4.16465
0.70405
-0.125961
-0.0901098
-0.296278
1.45213
-396.269
1.99985
-1.05088
1.35449
-5.74292
0.615914
-1.72035
4.46266
-0.0913288
1.16708
-1.87193
-0.735087
-1.72738
0.323446
12.6432
8.57567
0.716019
0.894778
3.20643
-5.08766
-1.28832
4.22044
-0.789688
0.911259
-2.33934
-0.147864
-6.78156
4.74451
3.50918
-0.327532
0.38547
-0.0534593
0.14788
-0.583351
0.633616
-0.166254
2.55611
-7.7377
0.620381
-44.488
-1.46846
1.34891
-0.446956
-2.0054
-0.921121
-1.13914
-0.553813
0.464294
0.600807
-18.482
-3.76263
-1.114
-3.04516
-2.18769
-1.67782
0.858329
-5.434
-0.359042
0.237835
-0.918107
-1.068
-2.14338
-0.681851
0.585667
0.689316
1.53243
71.2669
4.46094
-2.18916
1.06356
1.01704
-0.885893
-0.120717
0.0912431
-0.168593
5.7521
-6.11949
6.09604
-3.40913
7.2521
1.97301
-1.77043
-2.63744
-0.864162
0.4388
-68.6986
-6.88595
0.149643
2.64231
0.978949
2.47282
23.5897
0.78765
0.146653
1.63242
-0.513658
0.409818
-0.918837
-2.18109
-0.70996
-2.39017
-3.45482
-0.775011
-13.4446
2.01773
-4.63255
0.0922653
2.12272
-3.36248
0.796176
3.48102
-0.310951
0.164239
1.22989
-0.245822
0.220278
103.888
-0.899745
0.282797
-2.04884
-0.867277
0.976769
-28.7207
2.22123
-1.38699
-0.218096
-1.51212
0.189764
-1.0755
0.638297
0.966451
-9.87564
4.69237
0.121775
4.2508
-2.90614
-0.625697
-0.148389
-0.611327
-1.9693
0.330552
-0.516295
-0.1745
0.205281
-1.16951
-1.43226
0.515106
1.09621
-5.36349
-0.501632
-1.68373
-2.14472
-0.0675327
0.608973
-1.73101
1.00994
0.360873
-0.510425
0.496177
0.194435
-0.992453
2.00561
3.97304
0.23228
1.82448
-2.13198
-1.11267
2.02468
-0.509197
-0.27847
15.7643
-1.38783
-2.11354
-0.509224
-2.21966
1.80824
9.62724
0.0113409
0.224955
-1.02918
-4.6556
0.770353
11.4904
-0.133423
0.0615775
2.90874
2.36133
1.69787
29.605
-0.346287
-0.447077
-1.03988
-26.383
0.939952
-0.145156
3.67084
1.28192
2.26117
-11.5035
2.13865
-4.98774
0.77506
-0.580593
0.900489
0.847417
0.0701976
-1.79134
11.7093
4.23818
-4.07458
-3.07725
1.58086
-0.253874
-4.25335
4.36416
-2.59505
-1.84682
0.320149
-29.3905
-1.98641
1.68515
-1.16085
3.45218
2.72736
-1.1128
-0.236203
-1.70519
-0.879211
-2.15467
-4.29475
-0.419277
2.11094
-0.175724
0.180307
-0.713965
12.6391
-0.557617
0.123767
0.298129
-0.356019
3.51757
0.158881
2.89866
0.867761
0.487222
1.80732
-1.15525
46.4289
-0.871181
-0.543147
0.422758
-1.1214
-0.819014
-3.2767
0.35382
0.917612
-0.997945
-0.492032
-1.7828
-0.590006
-6.31461
0.231797
-0.979401
2.13406
7.69981
0.251111
0.400372
0.10396
-0.356215
-0.436068
-0.372411
7.08143
-0.0129423
1.05703
-1.00771
-1.09923
-0.0998773
-3.12862
-0.924202
0.443935
0.965844
0.76415
-0.345642
-0.307997
0.0624935
-3.58111
0.576705
4.93685
0.268814
-1.65608
-0.04175
15.4375
-30.1957
0.56363
2.91167
0.315335
22.0795
-0.564463
-1.53113
0.388195
1.6285
0.957031
1.56009
0.823447
1.88975
5.78654
0.784822
-0.15477
1.36556
-0.568965
0.692121
-0.986169
-1.12228
0.278818
-0.892171
-0.463785
-1.95585
-1.21109
4.26052
0.288813
-1.31961
0.89893
-1.94668
-1.58559
-0.372311
-3.17336
3.50877
1.59775
0.536847
-0.782036
-0.0224481
3.81266
0.161403
-2.39465
2.84829
-0.724148
-4.65693
-7.41171
-4.87294
0.00230855
0.838379
1.18033
-3.87761
-6.11287
5.03335
0.362256
-0.331013
2.35915
39.6606
1.5203
2.61829
0.846585
-0.875523
1.10148
-0.271881
3.20241
-76.2795
2.3126
3.72507
0.292049
-0.0614747
-0.75906
2.56771
-0.772405
-0.309274
-0.363222
2.85054
0.850584
1.08382
-0.166807
2.43889
-0.791587
0.336036
1.46036
0.703465
4.2188
-4.26773
1.31594
-0.681904
-0.827844
-5.44636
-1.12427
0.0958328
-0.832401
2.68838
1.64372
2.19418
0.332349
0.540071
-32.5766
-0.292568
-5.51925
-58.8369
-1.41465
-0.339376
-4.6298
-0.0890571
1.12523
-2.18054
-3.28621
-0.437468
0.319225
2.02711
-0.41211
9.32416
-1.39067
0.722704
0.0431882
-0.596184
0.741424
-1.15954
-1.74341
-0.637744
0.686729
5.23047
0.0968467
-0.702313
0.267373
0.285337
-0.801759
-4.06261
-0.354673
-0.10246
-3.43419
-0.0404001
1.06273
0.378167
30.1144
0.400346
17.9292
-0.0180748
-8.78229
14.5269
-0.629215
1.73827
-3.35737
-0.663898
0.211188
9.79183
-0.286855
-2.64516
2.63501
2.2945
-3.47907
-0.0240647
-3.62923
-4.84246
0.305213
-0.395789
-0.765476
-0.702225
-3.43561
1.15002
1.68394
3.73077
3.16001
1.24122
3.28844
-0.342952
2.53367
-0.421789
-0.702014
-1.18469
-10.2692
0.0493832
-0.118391
1.3596
0.496059
-0.34819
-0.0141303
-0.471662
-0.254285
-1.56394
-1.07448
-0.946159
2.11909
16.9845
1.47636
-1.52451
0.805525
-0.254622
2.53469
13.5385
0.882123
-0.954508
0.1295
-0.668598
-1.19515
-0.633732
-4.369
-0.924706
-2.55003
-3.48006
-14.4583
-6.34487
-0.537314
-11.3319
2.17914
-0.431802
-2.64434
-1.38808
-2.74672
0.328791
1.11492
0.859199
17.448
-0.514543
-13.7648
-0.276582
-1.37948
-0.866648
5.15705
-0.365918
0.0137122
0.755285
-0.125587
0.942826
-0.037677
12.4492
-0.277346
-29.7015
-5.18335
0.340614
0.119338
3.04462
1.00689
3.2671
0.315384
-2.17335
-1.14165
58.8062
2.34104
-2.15079
-1.27752
0.322749
2.47888
-0.522307
0.747442
0.194262
1.23197
-0.383565
-0.270322
0.654055
2.04057
4.16427
-1.39145
0.0591439
1.73489
0.0971629
-1.02427
-1.86923
-0.186849
3.84452
-5.93628
1.69399
-1.65202
-0.341118
-0.234002
0.149704
-0.626782
2.79069
0.499843
-2.94872
-2.81271
-0.952057
0.190146
-3.59201
0.429938
-0.342234
-4.57304
-0.751014
0.490611
-1.40386
2.72068
3.99279
-1.42616
0.546197
0.562879
10.7219
0.54463
-0.403992
-0.366364
-3.00076
-10.8766
1.1892
-0.139037
-7.21837
-0.92477
1.50747
4.49175
3.95914
-0.854482
1.95017
0.77339
-0.791479
-0.531798
-0.71901
0.241428
-0.701422
-0.834929
1.61533
-7.74919
-5.65478
-1.34161
6.30519
-1.0683
-0.514155
-0.818011
-4.20688
1.55336
1.32605
2.89809
1.29908
0.295126
-3.451
0.842772
3.27843
0.716138
1.11611
0.255041
-0.431861
-1.64157
-1.96189
1.55443
-0.336569
-4.38924
0.38336
1.05067
1.09209
-0.262735
-0.0159197
-0.733111
-0.467844
-0.0330808
0.0214674
1.51922
-0.267868
-0.0101241
-0.911952
-0.0376628
-0.126098
0.634643
-3.61383
-0.00500473
-0.0235167
0.128888
6.6575
-0.177029
-1.84215
2.80495
-0.424333
7.40517
-2.97926
0.0629782
0.843971
0.312343
0.502784
1.3703
-0.118172
-0.259547
-0.796402
-15.5098
-0.185398
0.004415
0.770213
2.70378
0.224821
-3.76129
0.237708
0.137001
-0.347057
-2.31372
-0.861559
2.55486
-2.37431
2.86726
-13.615
0.732441
0.157991
-8.12355
-1.18212
17.265
-1.2241
1.32248
-4.04756
-3.30371
-2.5125
-1.83797
-0.80613
-1.59994
0.455983
0.623575
2.30079
1.12729
-7.20765
0.552917
0.40353
1.57881
-0.39408
-0.442978
1.611
1.72718
-0.653064
2.15354
2.57268
0.0440651
-0.372473
6.99684
0.996264
-2.75913
-0.0497921
2.30761
0.79718
-0.546385
-0.139619
0.945452
-1.05982
-0.103116
-1.7799
0.961839
1.96585
0.788907
-0.517727
-0.11423
-1.08067
-239.264
0.730459
25.1511
-1.5244
3.57789
-0.496642
0.865439
-0.808037
1.29566
-0.285802
11.6653
-0.380047
-0.0484137
0.302002
-1.33189
-0.398245
1.41541
-1.11921
0.232192
-0.567921
-0.0520907
-6.06615
-0.0385356
-0.0706123
-353.624
-0.729153
0.211226
0.425627
3.08515
-1.22288
0.564219
3.64107
40.9843
0.206542
3.54139
-0.359774
0.514856
-0.433018
-1.50196
-1.41419
-9.15191
-0.0270482
-1.2451
0.404406
0.535647
0.982132
-0.229198
-9.25582
0.593745
0.590137
-0.768616
-0.895988
-0.4859
0.368037
1.70586
-0.028437
-1.22992
-1.50699
0.770298
2.41868
-0.304744
-0.120415
0.434061
1.73194
0.322985
-2.08585
-1.31387
0.997184
-5.04036
8.00823
1.45622
-0.849843
-2.54697
-1.17239
-1.11583
0.489935
-4.55852
0.0483577
-1.59126
-2.86442
1.90019
-0.23327
0.710767
-0.101469
-1.12936
-0.701415
-13.2589
-0.621332
-0.623858
-0.514439
2.39605
-0.617053
0.830201
1.58315
-238.718
-11.4276
-0.3419
-0.643631
-1.01089
-2.03205
1.92049
1.20352
-2.79977
-1.74458
-0.546237
-0.70254
-0.154291
-1.07851
-0.751424
-0.285366
-0.816983
-30.8913
-0.74864
0.221892
0.920135
-0.823636
2.35757
-0.0528999
1.52705
-45.4496
1.58951
-1.23104
-1.0272
0.338709
-0.109049
1.10598
-0.072125
-0.557936
-0.820984
1.04457
-8.65346
-0.511969
-1.04051
1.37786
7.81943
-265.729
-1.50045
-1.92127
0.641945
1.03035
-6.08056
0.310546
-0.0912611
3.37319
-9.00205
4.68492
-3.42113
-0.314442
61.8896
-2.2122
54.4837
0.859325
-3.1183
-1.1991
0.235149
0.134441
0.934277
0.394294
1.6892
-2.24792
-1.98668
-1.96114
-1.93726
3.15566
38.1253
5.9994
0.776242
-46.2633
1.76089
-0.206964
-0.625319
0.617312
0.134342
-1.57627
0.148336
-2.87073
-5.08625
-0.046695
-1.75692
1.38128
0.118785
0.510869
1.98734
-0.631282
-2.88819
-0.570515
0.889258
-0.431043
-1.75275
-0.247823
-0.472299
0.934635
-1.64959
-1.51538
0.813925
-1.71779
0.302088
1.12204
-0.99359
-0.0620835
3.52899
-4.87904
0.293718
5.15596
0.054039
0.674528
3.04687
-4.11869
-0.165199
-2.96698
0.136967
0.0172881
1.04425
0.39238
-0.539554
-2.37928
-0.331109
233.338
-1.31888
-1.04506
-6.78168
-0.37323
-8.3266
-0.068254
-1.93697
-3.78921
-0.0571688
0.453806
10.9322
11.6436
-5.00049
0.515454
0.498041
-0.101744
0.449639
-2.4975
-0.345272
9.33411
6.02322
-3.406
-0.705077
-14.1283
-0.391902
0.669194
10.7255
-1.24706
0.385841
6.93053
-79.635
1.59276
-0.0660255
-0.517089
-4.58033
5.64276
0.309489
-3.36159
0.62594
0.394136
-0.483409
0.187271
-1.79183
-3.15308
-0.340697
-1.3202
-1.81488
-0.760751
2.86558
5.92751
5.07144
0.676232
0.425897
-0.169911
-5.55635
-1.23113
2.14375
-63.3297
-1.04065
0.421285
0.755164
1.29204
-1.20254
-0.030291
1.06394
-1.56621
-2.27883
-9.35572
1.4944
-0.195662
-0.00905875
-0.0900929
-0.86496
1.83758
-0.634617
24.5161
113.007
-3.77067
-7.33286
-1.62274
0.39331
-0.145916
-3.61992
0.546725
0.0279474
-0.282942
0.686793
0.0132828
-2.5301
0.901691
-0.562432
-0.866727
8.1444
-1.12169
-6.21924
2.81324
3.35499
1.99181
7.38912
-0.628976
-0.896556
-0.0848767
-1.2392
-2.13933
-0.331218
-6.13061
-2.90379
5.74889
-1.28086
1.59983
-1.46955
0.230595
0.374617
0.245545
-2.08274
-0.860783
-0.738041
-0.869719
-2.97285
-6.64009
-0.141215
1.25403
-3.43239
4.72751
2.12209
-0.951447
2.47513
-0.733917
-5.59781
1.48475
0.715123
-0.584248
-0.470826
-3.13499
1.66185
5.3282
-9.59835
0.797146
-0.253286
-0.672275
3.51634
-0.888392
7.22832
-0.769057
-2.51755
-0.114636
1.43847
0.926615
-4.35012
0.266206
1.89164
-0.634005
-2.02962
1.11012
-19.8945
-2.4963
0.896014
-1.49272
-2.18763
1.13935
0.67565
-0.59386
-0.932763
8.92435
0.410814
5.01172
0.806604
-0.422244
3.15776
0.838598
-0.554841
0.186613
0.88741
-5.24054
-9.85479
0.830462
-0.281875
1.54107
-1.43968
0.182043
-1.8668
-0.122258
1.7617
0.549462
-4.51133
4.09027
-0.287805
0.775876
0.636218
0.508512
0.103456
-0.707296
1.67821
0.373567
10.1675
-0.630428
-0.904109
1.72143
1.71753
0.655594
1.2125
2.04209
2.40703
1.84724
0.0758968
-1.34295
-1.66077
-0.893035
0.676279
0.100511
0.185661
-0.0857091
0.107095
-0.145432
0.251806
2.80146
-1.36855
-0.591674
-0.199864
-0.402962
0.77142
1.52047
0.978669
4.41242
4.89489
-29.1543
-0.218317
2.19584
0.508583
0.276617
6.69304
1.02699
0.250868
0.525839
-1.02894
-0.138817
1.54656
0.168099
-3.40033
-2.07095
6.44037
-0.61417
0.391054
-1.10739
0.0634127
1.44885
-0.780761
-1.05336
-1.67176
5.46426
-0.156979
-23.8106
0.158474
0.454961
0.353029
-0.664866
-0.362966
-11.1259
0.850864
-0.365074
0.064074
-1.00052
1.42899
1.11189
-0.178847
0.83195
-21.308
-0.477472
0.967525
16.5007
-1.56313
-0.681205
-0.0883269
-0.343342
-0.221353
-0.956067
-17.3577
-5.76369
0.818518
-0.0345928
0.124985
-0.493296
1.91198
2.51487
0.174642
-2.53342
-1.10695
-0.830433
-0.275591
0.828524
0.568295
0.213813
-3.16187
0.675606
-0.513173
2.42733
-0.680822
0.285721
-0.321112
-3.24514
0.251509
-0.00741934
1.26145
0.618108
0.0114431
0.78092
-13.3436
3.86081
1.30348
-4.55385
2.11218
7.01462
-1.25846
-0.932726
0.664041
-1.70126
-46.5685
-1.02588
0.642638
0.626098
-175.495
-72.8
-0.352161
-0.0284716
-1.44023
-0.46661
-0.0280691
-1.14963
-0.670383
1.24227
6.12428
-0.867049
1.15548
0.419489
9.89431
1.1576
-1.89817
0.596394
0.962745
-1.78516
-2.91857
7.1855
49.8519
0.534655
-0.0241456
-0.574788
-0.0357281
-2.28449
3.40139
0.812008
1.77836
0.835023
-0.589796
-9.50186
0.303017
-0.0978925
0.872894
0.101162
-1.33554
5.98441
-1.25067
-2.06435
-0.886615
-0.369437
3.74347
-6.04635
-0.188978
-0.325055
-5.14243
-1.31174
-8.61324
-6.96864
0.341673
5.13427
-0.498457
1.21859
1.90724
0.282899
-2.87256
1.44955
0.312908
-1.61977
-0.856982
-0.768112
-2.56717
0.00143439
-3.35061
-2.8619
2.35362
1.25156
2.86843
-52.2656
-0.136149
-1.91739
0.0816883
0.936195
-2.74817
1.73359
1.81022
-0.505333
-5.91854
-0.992466
-0.651937
-2.08753
0.0956042
-4.79827
1.30634
0.250616
0.113578
-0.209903
0.542459
-1.84102
-0.749158
-2.29511
1.19953
-3.60659
-0.061462
10.0932
-0.485699
-6.18441
2.65731
-0.593985
8.74338
-0.451252
-0.979833
0.661154
0.239632
-0.598936
-9.25094
0.959018
-3.47604
1.18858
-0.584755
4.84064
-0.212263
-61.5095
-0.846463
0.17258
1.67043
-1.66171
-2.56382
-0.0539734
0.117771
0.200111
13.7391
-1.28992
0.203011
0.857647
-0.506863
-0.440267
-0.55265
-0.726979
0.135562
3.01542
-1.01362
2.22628
-0.728623
-0.453992
-1.42214
-2.64444
2.81355
0.476517
-1.06797
6.58425
6.27119
-0.641353
1.44703
0.304614
1.12796
1.29564
125.061
-4.01629
-0.921701
0.889059
1.64912
1.15844
0.100065
1.38597
0.355612
-0.195354
0.438349
0.935383
1.64539
-0.428026
-0.657915
-0.0570739
-2.83191
7.53627
0.861571
-1.74407
-2.19957
-0.454414
0.396928
1.60352
2.59926
-0.398738
1.07732
6.55129
0.138714
-0.20451
0.693112
-0.115112
-0.870778
-0.185763
1.85916
-0.488033
0.517034
-0.507035
-0.00123127
0.49225
-2.49989
3.32056
0.509096
-8.17134
0.0617337
3.69891
-0.355421
0.684623
-0.227014
8.1565
-0.848649
2.30315
-3.43854
2.65509
-2.25966
0.665603
10.7048
-16.9442
1.10042
-0.500934
0.0588181
-2.48297
1.10526
1.20678
-1.32185
0.0170176
6.11763
-0.317201
4.10487
-4.42994
3.17498
-2.26012
0.432464
-7.74248
9.46697
-6.99245
7.51949
-0.422014
0.196718
0.657307
0.862078
0.654402
1.0451
0.179245
-25.3095
0.0827085
0.128701
-0.791811
-0.0605027
1.95276
-0.0734281
-1.65826
0.864578
0.098729
5.29651
-0.0835125
0.743006
1.02645
-0.433861
0.0272216
-2.62627
-0.764894
0.313665
9.94282
-3.0189
1.65153
1195.03
0.130886
1.21995
0.813044
-1.53788
-0.08714
-16.4572
0.978586
2.7104
-0.129651
-1.89029
-0.374274
2.46719
0.21847
-0.292123
-0.561222
1.46376
26.0176
0.346128
0.449802
-0.268815
0.731295
-0.189038
1.1412
2.29556
0.0201741
-1.18561
3.29458
2.56426
-0.551792
0.197641
0.0419772
-0.102334
1.77979
-0.0663756
-0.335482
0.425782
0.585412
-2.70751
-1.95241
-10.126
-1.72984
-3.68046
-0.881175
0.593072
0.530863
-0.26959
-1.26629
-3.51689
-4.99525
0.942216
2.15076
0.811072
0.0696283
4.2135
26.9185
-1.0914
0.140786
0.374898
-0.474491
-0.46567
-0.2992
-0.155312
1.0951
0.514524
0.422564
-2.3348
-0.50506
-5.3059
0.146767
-0.290973
0.533001
-0.202937
-0.403124
-0.289956
-7.2506
-1.70198
0.258506
-3.81248
-3.12911
22.0279
0.345961
0.000276134
0.96924
-2.65492
0.152635
0.746313
1.15047
-0.170603
-0.183229
30.0861
-0.574097
0.274343
0.882432
-0.0148332
-1.67322
2.28517
-0.558907
0.181184
0.0973313
0.259193
0.99127
0.486438
3.46457
-0.0207988
0.222728
-4.38248
-0.190286
-0.954259
-0.186897
-2.64797
1.21147
0.335436
4.75051
0.170857
0.726662
65.6669
-0.0182546
-0.0737521
1.10186
-0.667891
1.20736
-0.425897
-2.0047
-1.64868
0.760475
-0.00814133
-15.6309
2.45625
-0.908268
2.44704
0.923149
-1.31196
-0.246722
1.23962
1.72732
0.299877
1.6271
2.73025
-5.24775
-1.36779
0.0039638
5.37478
1.08122
-0.394222
0.19323
-3.89495
1.17088
-0.332287
0.593636
-1.44849
0.654291
4.58475
-0.913955
-0.957725
0.726394
0.0521707
-35.4853
0.754224
0.421079
-0.781338
1.69001
0.573046
4.42314
7.8583
-0.531816
0.0781274
0.0423022
-5.13342
-0.845656
-0.261735
2.14842
0.897776
0.755227
-0.880691
-0.244774
-0.429736
1.84149
-0.24779
-0.0132626
0.260611
-0.711742
-1.71841
-0.398893
-0.892995
1.63014
-0.214619
-7.18149
9.79169
-2.05578
-1.95638
3.06412
-1.65977
0.666752
-10.2842
2.20661
-0.154273
0.215265
-1.03224
-2.97968
-2.19582
-1.02047
-0.69877
2.14338
1.54249
0.324068
0.409855
-0.836518
-0.250205
-3.74419
-2.81785
-0.0944207
0.0327694
1.13869
-0.849416
-3.00622
5.93899
-2.4056
-0.577504
1.37467
0.0145256
1.47246
42.8492
-2.70495
0.914836
-0.225357
0.2363
-0.164224
2.3764
14.8845
-0.680719
1.46397
10.2852
2.67249
2.7243
-1.96286
-0.0710831
0.748173
0.864047
-1.62263
-0.0975322
0.0598101
-0.319984
-0.925706
-2.1288
0.659383
0.205466
-4.01731
2.37748
-2.05718
1.22906
-0.677254
-4.75678
0.119691
0.716621
0.615579
0.849907
-0.461218
2.1544
14.5057
0.663803
-0.149668
-6.39819
-0.323349
-2.91021
0.595265
-1.06023
-2.71123
-2.05984
-0.0836081
6.76928
2.23236
2.89671
0.0861418
1.84332
0.737769
1.27319
-0.461606
0.364002
0.468158
0.365336
-0.838138
-0.734676
-2.10729
-1.13285
-4.16285
2.16039
-0.936778
-0.776942
1.21129
-0.00960808
0.273478
1.57075
-1.56043
-0.319805
-4.99456
0.213827
1223.9
-0.708458
-1.15201
0.318183
-2.03978
0.155971
1.27166
0.968533
-10.0053
0.352511
-4.61477
-0.622628
-2.33497
0.210519
18.3285
1.66409
1.94677
-0.511924
-0.806327
-0.0877773
-0.973812
3.16542
2.29868
-2.1775
0.0276899
3.20191
-1.43703
5.73999
1.72985
-0.534097
1.65591
0.218661
2.60218
4.66575
-5.37208
1.29208
2.81612
0.281648
-0.708881
0.699301
0.252653
-3.45754
-0.746308
1.25276
-3.93461
-1.21968
-1.61239
1.18794
-0.429061
2.8148
-0.728332
0.206488
4.82649
0.0315817
-0.593964
26.6054
-0.301244
-0.277005
-1.81933
-0.148704
-0.419742
-0.644147
5.72185
-0.0229987
1.63494
2.31176
1.94326
-0.106917
-3.33865
-2.66279
0.276526
0.293406
-0.593216
-3.92678
-2.49702
4.43449
-0.803361
-3.75158
-41.058
0.0284046
8.41623
-0.646317
1.67413
-0.90282
0.348378
-1.94945
0.522353
0.333008
-0.964374
-2.14038
2.69406
-0.673948
0.424612
-7.40225
-0.783268
6.74773
1.59749
5.55619
-1.39753
9.98316
2.33099
2.46518
-0.0432236
5.66995
-0.384999
-0.27467
4.66232
3.48875
1.02512
3.55238
-1.70963
-0.852302
-0.062459
-0.704611
2.22098
1.20854
1.4307
-3.14454
-2.14155
-0.657496
-3.77151
-14.2961
0.0777561
0.651077
-13.077
-1.1674
2.82409
-2.18997
-0.171091
0.146103
1.3378
2.09573
-40.1916
2.9244
0.460854
9.97072
0.414503
-1.05122
0.345887
-0.527985
-1.44538
1.21049
3.45101
1.21015
2.43578
6.23473
-2.43171
31.729
0.385682
4.51797
-11.6296
-1.44342
-3.44682
-0.32117
-0.69662
2.13382
0.270942
-0.750944
1.80767
0.117055
-0.477194
-0.313979
1.29778
-0.782019
11.3641
0.629501
-0.761172
-12.8087
-0.427802
2.94481
254.629
-1.19535
-1.32894
-0.44118
-1.18895
-0.0415236
2.90219
-0.965142
1.31971
-0.323973
-0.0408662
-0.731539
-1.14854
3.5167
-0.0523864
0.0386524
0.861315
-0.185926
-0.258971
3.72905
0.503864
2.55219
-0.110705
-0.605999
-0.181679
2.00462
1.78903
0.678575
0.411129
-1.76335
0.583644
-0.143563
-1.96036
0.734854
9.76367
-1.7232
0.190278
-7.87574
-1.2776
3.54512
3.56635
0.893895
-0.29923
-0.614014
-1.54527
0.572353
0.658159
0.242231
0.127258
0.0881914
-1.32729
-0.556115
-5.42576
0.468051
0.775068
-0.423195
-1.54302
0.1759
1.10136
-6.33975
0.0336465
0.50869
0.923321
2.69327
11.2127
-2.10655
-10.0156
1.88874
1.30792
16.0393
-1.90445
-0.526922
-0.896428
0.902466
1.80915
0.85676
13.2889
-1.4469
0.405202
5.28654
-0.207308
-0.61067
-2.76203
-0.571982
-30.4685
-0.499745
-4.29247
0.066218
0.0618231
-0.61214
4.35731
-0.576589
2.93772
-0.0585032
1.35135
4.86495
-2.34202
-1.10321
-0.817016
0.124903
-1.79982
-0.104613
-0.251529
0.908942
-3.35537
2.54047
7.61391
0.472401
6.03356
0.836577
5.2068
0.729706
-0.642572
1.15872
1.81894
2.80086
1.31063
7.87249
-0.0333736
-2.18026
-0.0440196
-1.51007
4.76698
1.43796
0.512389
-5.74179
-2.55733
7.2038
0.532064
-1.7209
0.45034
0.909855
-0.00308309
0.201684
-1.16609
2.02935
0.156547
0.659137
1.80824
3.41132
2.69294
0.268311
1.12333
-1.63202
-4.54443
-0.650616
1.05884
0.99857
-1.77569
-3.28524
0.36985
-0.248866
2.55084
-2.24194
1.24396
1.133
0.343638
-0.939641
0.687433
-0.105163
3.86228
-1.08782
0.722053
1.31038
0.0465419
0.479494
0.342385
2.18964
2.38184
0.484916
0.930937
1.80633
-1.79426
-1.25425
17.486
-1.1663
6.85414
0.320066
-2.66232
0.33005
0.195016
-0.35847
-14.7013
3.92698
-0.270612
-8.48702
-0.227855
-0.715563
11.9435
-5.23352
-0.49871
-2.84519
-9.97235
-1.84971
-1.01978
-0.828414
1.29967
-0.425215
1.41172
0.0902272
-0.307345
5.38819
1.61323
-0.558379
-0.951693
-0.884459
-1.70372
-1.0318
-0.725606
2.5454
0.369704
-3.81677
0.177995
0.702662
-1.58532
5.39045
-1.06259
-0.129769
-1.55322
-0.726965
3.35638
2.60824
1.32743
-0.336328
-1.53387
-0.462184
1.78129
-0.526598
-0.71096
1.84132
0.358088
-5.56031
5.60153
1.87329
-67.8848
-1.48855
-2.79044
-0.437839
0.160429
0.367195
4.29853
-1.27184
-0.900146
-4.3197
-0.17669
-0.440032
0.435601
1.43541
-0.0973596
5.06247
10.4126
0.817547
0.136081
6.65907
2.40027
0.899803
-0.415849
6.11485
-18.7376
-2.33461
-0.704534
-6.44486
1.88686
-0.283994
1.65501
0.500707
0.0326503
-1.36395
-2.78773
-0.198053
0.758303
-4.54915
2.69169
0.102558
-1.50807
-2.95519
0.0605262
-0.913329
-0.439437
0.665643
1.47404
5.21075
0.763945
-0.13752
-5.02656
1.11314
0.559785
-21.055
-5.33564
5.83128
0.474953
1.02218
0.00441308
0.409989
0.028606
-1.34322
36.279
0.727868
0.81645
2.81444
0.638883
-3.47445
0.960048
1.07918
0.693865
0.0740215
-0.815919
-18.9229
0.143684
4.45688
2.03809
0.430695
0.245943
-0.272636
1.3715
-1.07734
0.716998
1.69325
2.86169
-0.226413
-0.0573836
-0.113971
0.384613
-0.775266
0.2392
0.493126
0.344404
0.221448
-0.992529
3.25334
-0.789163
-0.0582853
2.98483
-0.171672
-1.29407
-2.40204
0.667293
0.223653
-1.06579
6.61319
0.721438
-0.822322
1.01875
-0.312907
3.48362
0.412306
0.638121
1.36728
-0.447774
-1.11892
0.594968
-1.09223
-0.128384
0.717053
0.710813
-0.42581
0.307
-1.04311
0.474951
0.471951
-0.453182
1.67431
0.226739
-0.656622
0.423602
5.60641
0.0732772
-0.405512
-0.191179
-26.2144
-0.0529345
1.3183
-0.189103
0.366121
-0.45864
0.211677
-0.726412
-0.204242
0.659388
0.257387
0.517136
0.203141
-5.76473
-0.585802
-0.393107
-1.47438
0.976704
-5.3882
3.29087
1.89972
-0.113764
2.48174
1.13994
0.464401
-9.90018
0.399754
-1.767
2.24289
-1.65799
0.614066
-0.00975969
1.18226
-0.0410173
-1.40677
-0.0561923
2.04674
-0.313528
-0.493008
0.058682
3.16829
0.349644
-2.17742
1.9352
0.973074
0.429821
-14.794
-0.398933
-1.02532
2.54993
-0.22794
-0.41097
0.101923
-0.384011
-3.20551
3.10883
2.55607
-1.73942
0.154266
-1.61067
55.8081
2.89078
1.13744
0.176467
-0.214305
0.325873
-0.482813
5.8981
-0.336937
-0.741459
-0.253319
-3.91343
0.495299
-0.454324
-0.884973
1.76817
-1.54668
5.2012
0.480949
7.52666
-198.827
0.995869
-0.502671
-0.568686
-0.262955
-0.74513
4.42749
-5.16349
-0.352664
2.29884
0.946428
-0.851845
0.0438553
-0.242557
0.7361
0.159828
-0.033982
0.595713
-3.25992
-3.3235
-4.51217
-2.10707
-0.0116028
-1.21206
-0.804266
-1.9395
-0.90686
-0.813349
1.02105
-0.226545
0.827076
0.206424
5.27367
-0.803204
-1.23332
0.561834
-0.135598
1.487
-1.76684
1.21439
-0.820994
-0.347837
-2.17168
-0.161395
1.30474
2.11915
-0.283596
0.526181
-6.18236
-0.508368
-1.38463
-1.08402
-1.1463
-6.84904
0.0966246
-0.215318
-1.8852
-0.858929
-0.158371
-0.468024
-0.0820185
-1.4995
-2.56584
-0.832724
-0.768499
-4.663
5.71947
-1.54874
-0.740619
-0.390644
-0.356421
-2.12311
-0.579055
1.73951
-0.0677708
1.41618
-0.0865711
9.20131
0.357576
-0.914381
-0.092925
-0.724935
-0.143042
-3.77856
1.3467
-0.764807
-0.419964
-4.12828
-2.86031
-22.4559
1.24756
10.1784
-1.93138
-0.363983
0.870864
9.67596
0.26031
-6.36145
-0.896967
-0.297892
0.371952
5.56215
0.823107
-0.152045
0.595102
-28.6494
-5.72482
0.135026
1.60005
1.84375
0.907979
0.0394558
-2.81619
1.87074
2.2562
-8.87411
0.147167
-0.912661
0.061136
-0.769539
-0.551361
-0.286002
2.05353
1.80046
0.194205
17.7772
0.639926
2.36179
5.00213
0.0824448
-0.616911
3.67719
0.219593
-2.14891
0.529599
-2.44186
2.09382
1.37468
-0.885045
-5.02713
0.254584
3.49825
-7.15437
4.24212
