1.40831
0.972388
1.3247
0.958285
0.086071
3.15377
0.686877
0.599019
0.736374
1.06779
0.873173
2.05082
0.70312
0.449651
0.479634
0.66163
0.237191
0.865071
0.285421
1.03471
0.734477
1.5455
0.173202
1.36885
1.55604
2.2153
1.14887
1.53909
0.241968
0.935809
0.101703
2.93291
0.599679
0.552204
0.50214
2.10467
2.59527
1.62993
0.596595
1.36986
2.00335
0.455324
0.570269
2.18399
2.41808
0.788363
1.06506
0.738687
1.99067
0.0788174
0.686043
0.466157
0.754059
0.23315
0.317051
1.14399
0.884054
0.990323
1.51665
0.819382
1.40788
0.650262
0.251066
1.61797
0.697169
1.56654
0.523167
0.648125
1.94004
0.369443
0.639348
1.34957
1.54792
0.303792
1.3091
0.442782
0.416695
0.518063
0.465699
0.694906
0.350117
0.360238
0.512102
0.549124
0.151672
1.01062
0.772213
0.927923
0.3235
0.715452
0.624836
1.07923
0.708683
0.822975
0.689754
0.427116
1.63012
0.917931
0.777798
0.569731
0.588087
0.485318
0.512221
2.84847
1.41318
0.793633
1.17083
0.712826
1.20964
0.657418
0.248357
1.12389
0.942907
0.54639
0.929218
0.384348
1.42096
2.82707
0.817001
1.1842
0.691373
0.159892
0.425213
0.832313
1.00614
0.411924
0.143101
1.00232
0.48495
0.915684
1.38813
1.55013
1.66554
0.287812
1.09436
0.471417
1.55476
0.569901
1.04499
0.983131
1.3616
0.481991
0.166183
0.362804
1.50798
1.26483
0.204011
0.398968
2.87146
1.29881
0.38378
0.364405
0.496171
1.02282
0.444575
1.49166
0.481106
0.427799
1.50878
1.14027
1.05939
0.778063
0.597184
0.14206
0.156376
1.23326
1.5754
0.776897
3.40421
1.27882
0.515718
0.570257
0.262256
1.30116
0.724897
0.45882
0.805254
0.165072
1.21137
0.6166
0.396752
1.2869
0.599623
1.62975
0.211678
1.72248
0.191613
0.8729
0.364218
0.623753
1.54497
2.71322
1.68772
0.307305
0.242952
1.13883
0.389725
0.528896
2.16699
2.05573
1.15343
0.12459
0.261794
1.16221
0.969675
1.43915
0.921404
1.02225
0.596807
0.678181
1.58414
0.474279
0.483005
1.38416
1.35112
1.22533
2.29105
0.562586
1.33174
0.789147
0.913447
1.46675
1.38615
0.776542
0.947614
2.36388
1.01548
0.291525
1.59884
1.44781
0.739339
0.563367
0.857772
1.38404
1.49252
0.823983
0.728891
3.3987
1.3024
0.426845
0.180618
0.778194
2.24208
1.17501
0.232066
1.05246
1.17836
0.782387
1.29548
0.109934
1.73825
0.746624
0.645466
2.39287
2.49917
0.932253
0.546505
0.173791
0.878973
0.528824
0.602997
0.360435
1.62894
0.630136
1.41151
0.941196
0.476442
0.384711
0.74594
0.505346
0.451464
0.827664
0.302182
1.49961
1.19701
2.09167
0.850316
0.44399
0.543443
1.98752
0.370934
0.95174
0.181861
0.370692
1.71091
1.61961
1.13211
0.707506
0.12924
1.47352
1.74315
0.7896
1.57452
0.061455
2.42469
1.88042
2.29316
1.63222
0.549954
1.48012
0.492017
1.21809
0.768955
0.85995
1.01884
0.0766352
0.881844
0.868857
0.405945
0.400585
3.00922
0.639184
0.798471
1.10143
0.915275
1.59677
1.72549
0.151726
0.253031
0.287428
0.291291
0.64571
1.30824
1.04656
1.16495
0.126082
0.652183
0.414704
0.584776
0.183619
4.25217
0.957762
0.650019
0.539964
0.317504
1.35903
1.24555
1.56289
2.41289
3.25709
0.55512
1.07497
1.16929
0.288241
0.70238
1.81115
1.4394
0.0848886
0.656304
0.174769
1.45763
1.29314
0.188064
0.981551
0.670884
0.601076
0.371001
0.771367
1.30026
1.58394
1.51744
2.18982
0.675177
0.945716
1.38781
0.0368457
1.27146
0.992321
0.62416
1.27753
0.373441
1.52116
1.36598
1.5554
1.6553
1.6571
0.746356
0.465407
1.46908
0.937869
0.604797
1.27014
0.446074
0.424238
1.34014
1.13033
3.60179
0.511177
0.168265
0.794076
0.640098
0.982779
1.60316
0.624966
1.09603
1.89393
0.889421
1.58376
0.665464
3.60363
0.283092
1.57865
0.941387
0.571271
0.709338
0.473718
2.29323
0.941091
2.61568
0.336041
1.18958
0.868202
0.794735
1.75478
0.725538
1.52988
0.565288
0.556843
0.499937
0.192487
0.770452
0.957385
1.32242
1.26338
0.832094
0.584157
0.974557
1.3103
0.656482
1.20239
0.713262
1.18902
2.60123
1.08092
0.501494
0.218427
0.784959
0.827229
1.43188
0.699235
1.33093
1.00944
1.32735
0.803893
2.05902
1.39594
0.939804
1.74698
0.283342
0.116419
0.590391
2.38567
0.797334
0.655046
0.239629
0.420166
0.61754
1.1923
0.486267
1.95201
0.300526
0.643264
0.673495
0.296248
1.18543
1.55511
1.21667
0.588323
1.31971
2.28166
1.20768
0.321989
1.39297
0.115967
1.31929
0.477924
1.39272
1.53068
0.88777
0.686827
0.864986
0.97604
0.835421
1.12909
0.10745
1.47972
0.320597
3.38566
1.10656
0.213447
0.74025
0.269172
0.940179
0.143614
0.93557
0.176886
1.73793
0.0921489
1.18004
0.565637
0.674884
2.42157
1.23675
0.326426
2.94855
1.29486
0.771368
0.657997
1.65307
1.48998
1.82763
0.476222
0.974581
0.138241
0.704064
0.902657
1.87362
1.02722
1.0062
0.234131
3.30282
0.927583
0.694757
0.36695
0.686874
0.451303
0.876151
0.629998
1.27094
2.63761
2.62532
0.299074
0.578193
2.33054
1.60742
0.556652
0.0700303
0.170154
0.109604
0.497491
1.39601
0.221259
2.45297
0.252297
0.652956
1.03334
0.0168309
2.15507
1.09197
1.36574
0.422589
2.93091
3.12093
0.294686
0.373474
0.120373
0.608518
0.60341
1.82759
1.88394
1.34991
0.628015
0.800555
0.774017
1.41113
0.129521
1.26486
0.69232
0.764458
0.162061
1.6003
0.36877
1.13319
0.903836
2.81032
0.549263
0.629367
0.143714
0.255253
0.612028
0.134242
0.588648
0.772324
2.35888
2.55413
0.725391
3.92642
0.773895
0.0716998
0.740502
0.721164
0.828182
1.48757
3.51884
0.616049
0.290965
0.438546
0.420187
0.711103
0.246277
0.575803
1.68159
1.64562
0.276121
2.03958
0.485703
1.857
0.567516
1.02663
0.0960692
0.548881
2.4282
0.846874
0.381544
0.121088
1.04954
0.645287
0.821593
1.74988
1.34808
0.262982
1.98712
0.489766
0.663275
2.86559
1.71498
1.1876
1.2964
0.483527
0.795486
1.19845
1.48962
0.0826878
1.27546
0.426563
0.287865
0.481321
0.889781
0.376474
1.07038
1.74065
1.41224
0.883454
0.53439
0.404664
1.42829
1.20114
1.85185
0.12676
1.27388
0.40023
0.572771
1.10412
0.635101
0.639008
0.115079
1.90173
1.15125
0.133424
1.45585
1.05462
1.03691
0.188807
0.831
2.13751
2.57605
0.921289
3.43318
0.953027
2.03119
0.269966
1.66611
0.432974
0.480593
1.02678
1.09726
0.90141
0.196134
0.811791
1.28059
0.760531
0.7379
2.0221
0.752724
0.417882
2.64075
0.464575
1.27595
0.696086
1.37299
0.829624
0.452105
0.850043
1.03901
0.468935
0.534331
0.863215
0.693885
0.498808
0.407123
2.23559
0.402373
2.26514
0.863705
0.282139
0.350974
2.40631
1.12779
0.650316
0.0732418
1.33239
1.76567
0.262326
0.123508
1.16447
0.233904
0.212034
0.910145
1.18223
1.45306
1.14576
1.85734
0.652515
1.24541
0.101668
0.463964
2.08301
0.916021
0.93644
0.288414
2.38245
2.19718
0.351076
1.05562
0.696427
1.65295
1.43626
0.709007
2.96414
0.490435
1.16321
0.91183
1.66326
0.471292
0.273123
0.184891
1.95524
0.20016
0.648154
1.4949
0.987967
1.4528
0.778241
1.13419
0.975166
1.11504
0.930854
0.293521
1.46523
0.239519
0.631178
0.412665
0.451343
0.716183
3.43938
0.942106
0.600733
1.36383
0.70636
2.07088
0.597622
0.547104
1.43545
0.47607
1.92351
1.20758
0.887063
1.09324
2.07824
1.17804
2.67297
1.9019
1.13867
0.339614
0.808817
1.29195
0.394806
0.316056
3.49066
1.71662
0.44744
1.13886
3.99391
0.48454
1.44604
0.90931
0.278902
0.691774
0.359649
0.899244
1.60413
1.85149
1.48257
0.581822
0.0730607
0.743498
0.625068
2.80551
0.708941
0.307668
0.836678
1.99124
1.30522
0.458482
0.302287
1.67929
0.911296
1.48728
0.866988
0.419709
0.256362
1.08771
0.275174
0.741002
2.11329
2.26683
0.335077
1.10269
0.267374
0.342104
2.4613
0.192881
0.155536
1.28687
0.570726
1.28546
0.744292
0.709158
0.505134
2.21983
0.293096
0.172088
0.666165
0.877621
0.663671
0.664994
0.284416
2.61561
1.09641
0.974799
0.987231
0.561383
3.88764
1.06347
0.138624
1.7067
0.922165
0.700993
1.50548
0.974013
2.55781
0.864229
0.775508
0.531817
0.690715
1.13694
1.68987
1.0585
1.33587
0.25391
2.00936
0.391196
1.37758
0.564447
2.02194
0.803221
1.17903
0.54866
0.411124
1.32917
0.413796
1.26237
1.28391
1.04751
0.500538
0.203237
0.376955
0.3591
1.1471
0.264611
0.413921
0.588823
0.757026
0.942445
0.782881
1.03801
1.62735
0.899604
0.268713
0.376835
0.214056
0.606857
1.36818
0.612906
0.275237
1.60372
0.0770922
1.22633
2.01021
0.367665
0.550224
0.330796
0.615744
0.80681
0.928058
0.821346
0.0794907
0.422201
0.778581
0.911984
0.370024
1.28264
0.134298
0.436333
1.63324
0.481972
0.0619704
0.888441
1.21397
0.656921
1.3732
2.28676
0.581062
3.04407
0.471264
0.276724
0.773505
1.15582
1.8705
3.00747
1.77935
0.277776
2.15077
1.00764
0.141271
0.475121
0.639298
0.724082
0.579426
0.395337
2.53133
0.565024
1.28664
0.927972
0.878447
0.242419
1.10264
0.0595613
0.52514
0.929719
0.728724
0.829174
1.30693
0.25962
0.192923
2.01862
0.204537
1.22108
1.90292
1.7744
0.68495
1.51639
0.452937
0.333658
0.991839
0.869735
1.36674
0.167516
1.30737
1.0958
0.526642
1.47738
1.76555
1.07143
1.04005
0.0437148
1.54403
1.30935
0.998633
0.699326
0.507843
0.564003
0.597753
0.44199
0.532476
0.355276
1.1872
0.180643
2.59712
1.80871
1.14964
1.81945
1.61987
0.209642
0.40499
1.20809
1.96244
0.561723
0.839116
0.285549
1.83204
0.761769
1.34367
2.27822
0.754255
0.309779
1.16734
0.64669
1.78681
0.203269
0.894405
0.282629
0.935617
0.78076
0.11754
1.74911
0.745935
0.169413
0.38122
0.781209
0.25304
1.41375
1.10863
0.164789
0.0856683
0.126055
0.747186
0.906254
0.279462
0.831723
0.736986
1.58446
0.970092
1.71429
0.594232
1.65568
0.286663
0.563649
0.147859
0.365104
0.215343
2.37715
1.15487
0.475287
0.182755
0.313388
0.675477
1.22509
2.09831
0.473773
2.50254
0.598788
1.33139
0.274461
0.594114
0.878677
0.418906
3.26085
1.86166
0.284317
1.23574
0.674768
1.45658
0.680121
0.274871
1.91355
1.19208
1.51022
1.39919
1.15936
1.55915
1.68508
1.00709
0.100107
0.645031
0.903141
0.841512
1.78181
1.40229
0.251644
2.58671
0.463139
1.46828
0.853841
0.0335626
0.084781
0.100676
0.596909
0.352594
1.39616
0.591998
1.26287
0.775724
0.60323
1.35166
2.57884
1.00966
1.1786
1.98127
0.774745
1.96869
1.36065
0.883167
0.848805
1.00802
1.02914
1.29359
1.78494
0.853424
0.456297
0.936732
3.04468
0.569625
0.589656
1.78712
0.491137
1.22781
0.841561
1.4935
0.487945
0.209954
1.94495
0.662809
0.89197
1.57454
0.946808
1.51236
0.0713305
1.3945
1.84414
0.28245
1.02065
0.913052
2.3177
1.43661
1.30388
0.391897
2.22806
0.675826
0.494701
1.16143
0.735223
1.5512
0.358394
1.50945
1.00364
0.890702
2.07363
0.641495
1.42714
3.21904
0.421831
2.07562
0.847442
0.579593
0.915469
0.629203
0.984733
0.949021
0.349843
0.316033
0.578127
1.74842
1.77663
1.37806
1.81446
1.54023
1.36421
1.82957
2.32494
1.27613
1.59747
0.583911
0.241984
0.890817
0.345807
0.94246
0.814347
0.774127
0.750626
1.93654
0.943422
2.24888
0.424845
0.556139
0.621966
1.83742
0.455377
1.97616
1.4089
1.65173
1.17959
0.238027
0.452588
0.633624
2.13654
0.690087
0.106111
2.14318
2.40292
0.59445
0.746659
0.405243
0.308624
0.741625
0.190395
1.77246
0.692564
0.546658
0.436396
1.09143
1.43717
0.424753
1.15039
0.764668
0.823514
0.56456
1.04786
1.09708
0.452092
0.653532
0.631423
0.272399
0.761859
0.973248
0.689292
1.08255
0.317771
0.503207
1.21339
1.17354
0.750651
1.42675
0.504253
0.710375
0.488849
0.147137
0.741047
0.900782
1.25871
3.13786
0.614502
1.70005
0.542096
2.74643
0.417648
0.407165
2.07647
0.57602
0.7483
0.149876
1.37286
0.671967
1.76221
1.36431
0.744455
0.575917
1.13845
0.220092
0.873758
1.04561
0.808629
0.524821
1.04733
0.190128
1.25027
3.19346
2.1412
0.190836
0.968631
0.397213
1.73331
0.46406
1.2668
0.813155
0.592335
0.762135
0.329763
1.13822
1.09523
3.12434
1.06068
0.261986
0.486057
0.566059
0.052304
1.73311
0.44888
0.272279
0.468021
2.00006
0.0900904
0.267874
0.818186
0.911972
0.803626
0.873996
0.619689
0.293647
0.791971
1.16516
0.42697
0.506923
0.44834
1.20102
1.10648
1.36161
1.12362
1.81981
0.918432
0.546931
0.790115
0.133492
0.297927
0.636474
1.30934
0.279819
0.287938
1.38641
0.267564
1.22087
1.91534
1.26583
0.247604
0.478794
0.985495
1.44064
1.41351
0.663336
0.861808
0.625131
0.833307
3.14194
0.311437
0.485712
0.688957
1.1467
1.62252
0.958769
0.873294
0.320707
1.27638
1.2345
0.858406
1.18063
0.895155
0.315828
0.430664
1.29689
1.12845
1.44725
0.417621
0.746401
1.2742
0.517083
0.503478
0.302987
2.01835
1.01419
1.2523
1.55136
0.666391
0.828842
0.855955
0.463804
0.493846
1.02625
0.218084
0.538435
1.39236
1.43226
0.987555
0.885709
1.03961
1.57438
1.12402
1.0958
0.267636
1.52831
1.21214
0.497143
2.15318
0.367592
1.65854
0.713041
0.423166
1.10597
0.523164
2.78542
1.15465
0.398516
1.53983
0.948226
0.420505
1.51296
0.465862
1.67812
0.243031
2.27455
0.34877
1.43175
0.573331
1.2058
1.88857
0.433465
0.433798
0.290979
0.618478
0.672778
0.812185
0.489728
0.65535
2.00987
0.49727
0.76565
1.30593
0.536562
0.586355
0.715431
3.35076
0.378175
0.401934
1.08848
1.0801
1.85763
0.84324
0.59812
1.30854
0.744106
0.651414
0.233404
0.456297
0.600374
0.092521
1.95228
0.307764
1.38341
0.716303
0.10131
1.56443
0.606017
1.65026
0.245515
2.92048
0.74044
0.494413
1.13327
0.514809
0.66534
0.132675
0.140601
2.73828
0.492843
1.08711
0.64586
0.392313
0.39282
0.619489
1.49075
0.443958
1.57102
1.18332
1.59842
0.716987
0.7426
0.367085
1.69814
0.658492
0.0621506
0.48582
1.38084
0.956277
1.55948
2.03211
0.930719
0.347864
0.360576
0.496862
1.90929
0.0809582
0.336385
1.62962
1.85826
0.497693
0.912437
1.05823
0.630477
0.740044
0.287673
0.35515
1.20468
3.02533
0.986963
0.779283
2.07624
1.19386
0.995177
0.427542
0.318224
0.377029
1.15226
1.88599
0.706753
1.1929
0.584674
0.284773
1.26397
0.542516
1.11
0.787334
1.75895
0.876821
0.694982
0.985092
1.14856
1.8816
1.04504
0.885483
1.02983
1.30563
2.13359
2.37263
0.29591
1.45536
1.40628
0.527471
1.42935
0.96735
2.76193
1.39218
0.21901
1.94232
0.420279
2.15493
0.603066
1.35947
0.329079
2.36786
2.14095
1.07045
1.44767
2.04783
0.19981
0.557423
0.630943
0.762649
0.891535
0.475117
0.815977
0.672253
1.09321
2.54163
1.24331
1.00772
1.1372
0.559804
1.89552
3.31298
0.915281
1.34081
0.321688
0.881475
1.99283
1.87831
1.66377
0.243713
0.590689
1.44375
0.362039
2.40704
1.06946
0.317314
2.45428
0.366005
0.305798
0.873471
1.29601
0.598551
0.988223
1.53173
2.1474
1.19127
0.457753
0.755727
0.544281
1.21867
1.23357
1.26396
0.415185
2.52638
0.077663
1.98544
0.41604
0.250213
1.08147
1.15495
1.94768
1.76072
0.702969
0.657336
0.652596
1.48133
0.543865
1.44762
0.595661
0.399561
0.280021
1.051
0.459643
0.726836
0.354951
0.663177
1.14295
0.871353
1.79959
0.249617
1.393
0.531644
1.38568
0.487412
0.232151
0.37819
0.870256
0.955818
0.354838
0.241697
2.1955
0.234585
1.32787
0.29918
0.327996
0.874369
0.251192
1.08018
1.57527
1.94821
0.0418504
0.282192
0.210738
2.96435
1.94028
1.82969
0.5495
1.90761
1.22669
1.62937
0.4872
0.16397
0.261937
0.303187
0.686007
0.705081
0.31577
0.349653
0.395559
1.03362
0.209404
0.980106
0.136948
0.443071
2.15798
0.295657
0.3852
0.242094
1.26183
0.349258
0.677235
0.0540305
2.18076
1.40595
0.939635
2.18666
0.580216
0.474313
0.951671
1.1607
0.903535
3.86112
0.889289
0.972812
0.431409
0.635892
0.584822
0.665492
0.824788
1.30483
1.99575
0.720517
1.76047
1.98592
0.383572
1.93272
0.766218
2.42424
0.884382
0.877321
1.53457
1.44359
0.65121
0.642849
1.05218
1.51001
1.00218
1.14774
2.28923
0.311634
2.03211
0.2939
2.19416
1.30738
1.7699
2.58973
0.842258
1.63699
1.59872
1.59844
0.00684638
0.622001
0.383736
1.0606
0.401038
0.985939
0.41833
0.561658
1.45865
0.526405
0.563902
0.253078
0.978347
1.65101
0.233117
0.596551
1.78384
0.617617
0.235455
0.949216
0.251137
0.59723
1.53684
1.17237
0.818788
2.86606
0.799133
1.45501
1.07997
0.565854
0.267338
0.19533
1.21039
0.871604
0.656049
1.85658
0.448582
0.768388
1.74831
0.100977
1.03004
0.164077
0.90628
1.55273
2.18661
0.674827
1.38034
0.36831
1.25737
1.90185
0.410939
0.437704
0.709089
2.53119
1.41289
0.382946
0.3356
0.686322
2.06134
2.14266
1.1995
0.626371
0.935041
0.923611
2.02727
1.53206
0.627063
0.230638
1.38597
0.437513
1.56467
0.868442
0.696649
0.951613
0.746841
0.999827
2.70112
1.31005
1.70332
0.187181
0.76241
0.547593
1.44424
0.499435
0.845282
2.14905
0.150496
1.23382
0.733937
0.236049
1.09797
0.430189
0.528246
1.15844
0.949552
0.493721
0.884656
0.71595
1.00546
0.493693
0.705156
1.44419
1.32061
0.5395
0.662407
0.466196
0.647718
0.318004
3.51324
0.502241
0.54209
1.08347
0.582996
1.13055
0.944833
0.626494
0.16699
1.58737
0.526527
1.73454
0.973012
1.47614
1.39126
1.13979
0.636129
0.430224
1.41405
0.945497
0.405858
0.356901
0.219849
1.20797
0.70022
1.75246
0.867035
2.0549
1.66591
0.395852
1.02959
1.75761
2.87361
0.950035
0.695008
0.280537
1.18097
0.884786
0.569032
1.1058
0.41482
0.888347
0.107856
0.54696
0.32299
1.68526
2.01387
0.808737
0.440032
1.21455
0.176129
0.3093
0.899806
1.69312
3.12246
1.70256
0.257372
2.8165
0.351744
0.521585
1.94739
0.211624
1.21772
2.66882
0.850434
0.641369
0.92715
1.71322
0.644445
1.18115
0.00935553
0.457044
0.882726
0.434571
0.105279
0.488316
0.764565
1.29062
1.96752
0.462898
2.31371
1.11407
1.1918
1.52685
1.45361
0.922349
0.983936
1.00762
2.64809
1.98598
0.651762
2.16951
1.78655
1.58883
0.840569
0.792401
1.35254
0.480703
0.211001
0.385795
1.09068
0.764463
0.36252
0.464132
0.326073
0.493158
0.804081
0.605169
0.200965
1.63977
1.31297
0.697019
0.717829
1.53946
0.778854
1.02172
0.680226
2.20175
0.333411
0.353399
0.70443
1.91596
0.503625
0.206517
1.20547
0.33065
0.328659
1.69503
0.364662
2.7419
1.60455
0.709666
1.0825
0.360434
0.750745
0.50635
3.11927
1.17194
0.823501
0.148362
0.579009
0.942778
1.10646
1.41883
1.10905
0.854501
1.42495
1.43777
0.649023
0.151777
1.31461
0.410696
1.86007
2.79689
0.879597
0.899246
2.61702
0.90717
0.804377
1.68173
1.00411
2.54619
2.21746
0.537822
0.692778
1.56644
0.278428
0.43537
1.69165
0.724284
0.813563
0.59847
1.57788
0.903025
0.305996
0.700158
0.269023
0.023467
0.514983
1.1199
0.811296
2.41441
0.21151
1.02096
0.583664
0.321048
0.327365
0.698194
0.518801
1.1908
2.10977
0.414138
1.42696
1.12556
3.58365
0.970956
0.334938
0.788766
1.74025
0.848117
0.673319
4.15366
0.301807
2.92733
1.1354
3.73077
1.27244
0.183251
1.82569
1.72915
1.02611
0.681728
0.99125
1.21427
2.20254
0.743671
0.916938
0.876059
1.59928
0.68889
0.735082
0.965945
0.641786
0.539885
1.08263
1.15591
1.22055
0.780867
0.814801
0.535447
0.445773
0.262038
2.75121
0.783791
0.0899536
1.51703
0.674669
0.435633
1.58857
1.04454
0.874051
0.538051
1.55882
1.01895
0.437615
2.19122
0.781993
0.749419
3.6004
1.69669
0.859054
1.14264
0.977281
0.714109
0.692964
0.385501
0.840817
0.618964
0.338696
2.84547
0.982027
0.198014
0.501444
1.32752
0.459486
0.273795
0.821098
0.560216
0.156977
3.70629
0.521564
0.539676
1.21939
0.585265
0.721827
0.838228
0.3445
1.85773
2.00833
0.184163
0.30226
1.20322
1.91295
1.32464
0.415398
0.148465
0.244637
1.87965
0.578853
2.56483
0.43044
0.527034
0.428965
0.45491
0.303945
0.755497
0.778018
1.43053
0.916082
1.53556
1.12019
0.745015
1.59216
3.36619
0.371143
0.223686
0.131541
0.288912
0.140344
3.12055
0.705742
0.522289
0.56639
0.141527
0.730798
0.386256
0.394711
1.2441
0.368846
0.934636
1.68009
0.756686
1.24195
0.691186
0.279258
0.717197
0.331359
0.967815
0.470044
0.274658
1.17888
0.975594
1.56451
1.45111
0.274272
0.804901
1.32988
0.615516
1.06806
0.984025
1.48296
0.464909
1.34206
1.05291
0.149918
0.736437
0.680724
0.774386
0.580091
2.45859
0.159167
0.323778
0.758228
0.97415
0.414899
1.38949
0.408796
1.8183
0.590165
0.804187
0.713478
0.708851
0.0693827
1.6541
1.3502
0.678866
1.71792
0.56618
0.352263
0.813186
1.10561
0.584877
0.458141
0.923587
1.41245
2.32199
1.16741
0.326855
1.02241
0.638176
0.358854
0.166975
0.655781
0.959826
0.986717
0.607376
0.314492
0.774427
0.98239
1.16853
1.18811
2.41472
2.0281
0.469459
0.608125
0.87705
0.311315
0.399909
1.28211
0.677721
1.77596
1.16261
0.245943
2.77259
2.18541
2.36708
0.978266
1.3714
1.13683
0.755514
0.516727
0.675264
1.55405
0.446434
0.229388
0.615089
0.669769
0.226613
2.27271
0.224335
1.45149
1.09766
1.15618
3.21773
0.281776
1.04638
1.17666
0.732918
0.868919
0.717576
0.418601
1.43045
0.256176
0.999249
1.52042
0.243585
0.0651832
1.24825
0.33875
1.75297
0.122338
1.42909
0.125665
0.1453
0.654244
0.653767
1.1475
1.02509
0.250112
1.72391
0.379324
0.395814
1.94782
0.174582
2.08483
0.759223
0.612834
1.263
4.0363
0.728941
1.25375
0.583408
0.198431
0.70551
1.27675
0.373464
2.95232
0.329293
1.74314
2.62182
0.204389
0.590254
1.05731
0.767128
0.768276
1.49497
0.854892
0.018654
0.925137
0.37012
0.508033
2.40318
0.784507
1.93826
1.25022
0.511894
0.34759
1.3671
1.88054
0.601736
1.24529
1.04764
1.05307
0.945324
1.22671
0.282375
0.574998
3.46243
0.86149
0.815653
0.493887
0.32348
0.293659
0.675747
1.2439
0.827877
0.423444
1.17224
0.272406
0.691581
0.7976
1.29895
0.225671
0.760939
1.44995
0.477116
0.420644
3.36025
0.791389
0.183127
0.721642
1.92406
0.0700835
0.843274
0.884312
2.07275
0.129175
1.04373
0.329233
2.09149
0.564129
0.426377
0.434585
1.36863
0.934967
0.730793
0.567381
0.460869
2.60962
2.49855
0.254867
1.11762
0.141059
0.880824
1.81349
3.38761
1.65944
0.522848
0.617892
0.652219
0.0855924
1.23877
1.88221
0.310481
3.06813
0.856757
0.7717
0.712582
0.110021
0.671672
0.150903
3.40316
1.06543
0.173487
0.365823
2.59397
0.409437
0.845138
1.08299
1.03498
0.754196
2.39043
0.831368
0.144658
1.4906
1.13027
0.854972
1.17508
0.761736
1.56573
1.25971
0.651305
0.363866
0.575371
0.0841605
1.26825
0.701557
0.947939
0.49761
0.112574
0.2966
0.245794
0.631963
1.71749
0.880328
1.54608
0.47637
2.26746
2.3607
1.03683
1.0951
1.00321
0.74046
0.391143
0.798175
1.21668
0.784474
0.295672
0.422854
0.519861
2.6583
0.701382
2.42094
0.708955
0.252423
0.74009
1.34337
0.350009
1.12991
0.706541
1.65038
0.146948
0.417601
0.274826
1.39827
1.39042
0.749393
0.670379
2.2342
1.55317
1.11028
0.0883926
2.06941
1.37691
0.694233
2.59353
0.287154
0.965173
1.10228
1.91166
1.13066
0.350707
0.589956
0.81965
0.825704
3.71833
0.471254
1.24488
1.01004
0.465838
1.12628
0.344516
1.57173
1.94283
0.651471
1.36706
0.778353
0.163572
0.85875
0.51042
1.04051
0.60689
1.20284
1.38876
0.508819
0.64255
1.21174
0.87147
0.479707
0.657517
1.65841
0.911012
0.615364
0.828969
0.588855
1.67799
0.24742
0.891324
1.16008
0.735042
0.820365
0.28887
2.02742
0.579469
1.43202
1.36127
0.165216
0.556011
0.309446
1.06266
0.654659
0.601601
1.70158
1.77949
1.5162
0.212156
3.08985
2.22773
1.30522
0.626789
0.183899
2.85857
1.1862
0.977501
1.98373
1.48086
0.46354
0.987269
0.988831
0.434219
0.655526
0.244734
0.765789
2.36491
1.14317
0.333951
1.37778
1.51683
1.29541
0.422438
1.94595
1.06409
0.696364
0.938363
1.26488
1.08879
1.90511
1.04048
1.25343
1.16841
0.913517
1.73761
2.6224
1.16875
1.91743
0.598154
0.649037
0.109607
0.86554
0.381228
0.716489
0.327324
1.85853
0.392363
0.669455
1.60235
0.907432
1.25398
0.518775
0.303481
1.43399
1.25261
0.632583
0.488545
0.758247
0.393696
0.524989
1.06166
1.88373
0.549517
0.775486
1.67217
0.390044
1.47789
0.578349
2.33427
1.31024
1.5104
1.12583
0.514276
0.0958384
0.346332
0.455718
0.84507
1.45603
0.674199
0.508534
0.642276
1.13855
1.28575
0.866634
0.708905
1.5605
1.27903
0.899887
0.878922
0.182203
1.40044
0.846234
2.33944
1.7459
1.28039
0.914402
1.64494
0.89822
2.37646
0.675446
0.673274
1.18946
2.98795
0.620632
1.53679
0.442088
0.915809
1.02817
3.18157
1.22226
0.616173
0.459601
2.44357
0.431975
0.296719
0.281445
1.1929
0.830883
0.435107
0.289338
0.769814
1.9983
1.35516
0.375409
0.931815
2.51533
0.0684373
1.35863
0.658026
1.192
1.17031
0.874795
1.36355
0.473197
0.415076
1.85262
0.473223
0.0760035
0.169569
0.646583
0.351372
1.55438
0.794745
0.641837
1.57
0.497803
0.503111
0.98963
1.32988
0.569307
1.10826
2.93994
1.99298
0.523021
0.557996
1.15141
1.03956
1.07175
2.52448
0.107318
0.307703
0.655443
0.267099
0.830549
0.396569
0.421195
0.620938
0.889068
0.9803
0.445609
0.18329
1.05636
0.207461
4.08488
0.717583
1.51325
1.46169
2.21728
0.850021
0.478081
0.888448
0.798479
1.73458
1.77355
1.9475
0.45331
1.53767
0.262981
1.79447
0.833787
0.549509
0.28368
0.646167
1.65785
0.512151
1.14406
0.701697
1.73373
0.597007
0.604718
1.86079
2.2916
0.26199
0.573646
1.24147
1.00578
0.908515
2.15656
1.48035
0.731314
0.352865
0.690143
0.587921
0.123247
0.300071
1.19248
1.17107
0.786589
1.04294
0.69408
0.58367
0.57341
1.94439
1.16776
0.730481
0.372956
1.62819
1.98934
1.07839
0.490201
3.10733
0.391584
0.356558
1.03072
1.09841
0.43539
0.304152
0.597874
1.75207
1.30173
2.20866
0.963295
0.714769
0.765832
0.402575
1.32558
1.30856
0.376516
0.636179
0.869292
0.386228
1.01569
0.40063
0.5244
0.91345
0.232519
0.780745
0.962427
1.46429
0.599994
1.67816
1.74801
0.719351
3.18583
2.18379
1.61721
0.551562
0.749539
0.614575
0.345976
0.385946
1.69293
0.654621
0.820576
1.83788
0.267635
0.510484
0.304616
1.8539
0.955291
5.16825
0.71754
0.500074
0.112888
3.1291
1.37696
1.172
0.227278
2.66186
1.37831
1.34179
0.75805
0.329999
1.28359
0.613955
0.9049
0.475994
1.11059
0.622946
0.553108
0.0996876
0.627841
0.62959
1.40106
0.61126
1.51619
0.518612
0.792884
3.48915
0.576642
0.177398
0.308894
1.96455
1.02783
0.460742
2.41764
1.52352
0.322109
2.09335
0.397212
0.154966
0.561519
0.266416
1.08856
0.542385
0.374325
2.92179
0.355242
0.611862
1.22722
1.34719
0.982854
0.660124
1.04776
0.880246
0.615859
3.40423
0.756287
0.527699
1.32701
1.29872
1.218
0.639862
0.88786
0.782667
1.7495
0.63448
0.876203
0.349304
0.927456
0.366578
0.461673
0.461418
0.702393
0.779069
1.22577
1.44339
0.939273
3.29745
0.373489
1.41866
2.35369
0.797859
1.4895
0.345753
0.831247
0.607723
0.172893
0.873574
1.10315
0.970815
0.581467
2.1818
0.416835
1.12001
0.337781
0.395236
0.979502
0.460791
0.335475
2.18772
0.0709787
1.57623
0.397072
1.64468
0.974687
0.0804792
0.331075
1.19493
1.8094
1.06623
1.82322
0.667222
1.84066
0.456381
1.14809
0.731763
0.780692
1.91175
1.2417
0.272462
1.09066
0.178469
1.04944
1.95161
1.2022
0.442089
0.554553
0.280157
1.4106
1.37343
0.796385
1.35023
2.15703
1.16812
0.904464
0.612426
2.90056
0.608847
1.81622
0.888909
0.262891
0.546106
0.254392
1.08661
0.287397
0.530315
0.641233
0.86352
1.16377
0.308282
0.702021
0.297232
0.278261
3.71078
0.245108
1.90232
0.901464
0.593115
0.232921
0.628293
1.01058
1.5942
0.262889
1.08519
0.961174
1.43058
0.740855
0.58419
1.6381
0.799926
1.12869
0.183357
0.427672
1.53972
1.74057
0.756264
1.26087
1.302
0.918652
0.679991
1.80073
0.0870365
1.32243
0.972732
1.78102
0.817038
1.75538
1.3176
0.583313
0.180822
0.73973
2.71514
1.25353
0.883063
0.994967
0.698061
1.26184
1.05893
2.78804
1.01019
0.196229
1.09084
0.252164
0.309286
0.41771
2.24902
0.398968
0.825329
0.784403
0.19811
1.30631
0.368589
1.15969
2.01915
0.604174
1.77003
0.46541
1.29997
1.22015
0.547001
1.58355
0.361373
0.427387
0.537108
1.73049
0.250936
0.530411
0.689106
5.2043
0.34169
1.78752
1.61178
0.409197
0.76763
1.8864
1.2785
2.53207
1.46381
0.882187
1.45855
0.765045
0.872691
0.583798
0.542018
1.85486
1.98659
0.276194
1.04158
0.513576
1.03035
0.511299
0.209236
1.64541
0.591214
0.0808212
0.536553
0.690869
1.08212
0.0154888
0.564895
0.908621
1.74868
0.476321
4.33234
0.859231
0.246126
0.629248
0.557186
1.33172
2.43225
0.562165
0.243457
0.55237
1.05718
0.831453
0.563503
0.429173
0.417979
1.13904
0.650655
0.676484
2.58781
0.115041
0.777669
1.18224
0.948256
1.23599
2.08536
0.75497
0.687872
1.46235
0.947017
1.67651
1.09185
0.715147
0.244059
0.439366
0.0544715
1.37397
1.75414
1.01783
0.810001
1.37733
0.802725
2.54753
0.702821
2.1626
0.816598
0.835713
1.42098
0.420716
1.29994
1.0587
1.98131
0.668766
0.862824
0.647577
1.3992
1.48464
0.724056
0.491522
0.126914
0.0638782
1.40281
0.323505
0.153786
0.6332
0.451477
0.622586
0.0805732
0.778643
1.01898
0.838035
0.632023
0.929038
0.983585
1.92455
1.17191
1.0491
1.2797
1.06712
2.39429
0.83707
1.29908
0.485107
0.510146
0.449829
3.08646
2.81716
1.39468
1.28891
0.347387
0.305214
2.42192
1.03635
0.726223
1.09614
0.547453
1.32933
1.18451
0.913191
1.84298
0.895267
0.803715
0.5297
0.248188
1.87474
1.19867
1.86212
0.744688
0.424842
1.42439
0.328644
0.716722
0.0533746
1.38696
2.14594
0.806341
0.524406
0.776789
0.793329
0.820022
0.693907
0.358164
1.02182
0.105291
0.641298
0.564225
0.461922
0.493434
0.269658
0.762646
0.976765
1.47223
0.469312
1.58087
1.50239
0.228093
0.888946
1.1821
1.68504
0.498986
0.286074
0.723766
0.585482
1.01907
2.26697
0.856173
0.901464
1.05006
1.94562
0.84582
0.0559659
0.765143
0.407198
0.540933
0.804498
1.36787
0.454467
0.191872
0.428306
3.05374
2.81042
1.5816
1.04171
0.957564
0.545922
0.51845
3.31487
0.454577
2.19368
0.616037
1.73452
1.12306
2.13016
0.498644
0.744387
1.08863
0.294933
0.29194
0.802852
3.45974
0.0213811
0.602678
0.706266
3.24045
2.40567
0.518275
0.309461
0.704983
1.40364
1.99855
2.47222
0.724396
0.585243
1.09613
0.22332
1.0622
0.985051
1.10413
2.22126
1.28972
0.199797
0.825375
0.400067
0.962377
0.973783
0.476502
0.717955
2.01514
1.19523
1.16507
1.55157
0.8767
0.78397
0.651191
0.345781
1.31509
0.460358
1.29601
2.11894
0.427651
1.45194
0.258686
0.234188
0.823268
1.38776
0.919684
1.12906
1.24376
1.28033
0.255124
1.42303
0.909608
2.07804
1.18399
2.02363
1.61719
0.840688
0.511115
1.87275
0.773001
1.99223
1.80687
2.18569
1.31893
0.467643
0.221462
2.66523
1.79877
1.27668
1.10792
0.957686
2.88152
3.98834
0.0786934
0.838454
1.92076
1.36291
0.601142
0.797111
0.712519
0.454558
0.883527
1.12176
0.706591
1.05496
1.24191
0.448154
0.880749
3.12979
1.14561
0.310539
0.373416
0.957726
0.301448
0.691977
0.501793
3.49047
1.03538
0.589902
1.39309
2.77391
0.210337
1.28174
0.561237
0.741057
0.503166
1.0007
0.657224
2.16749
1.54229
1.60779
0.955769
1.08661
0.865911
0.273784
0.634525
0.776803
1.52205
1.7002
0.248361
1.68297
1.22753
0.396293
0.682583
2.72551
1.91079
1.11618
0.166635
1.34909
0.550827
0.56728
4.21624
0.702723
0.644002
2.01852
0.279567
0.0357114
0.281774
0.675462
1.25378
0.738658
1.35117
0.616108
2.07834
0.703974
0.75351
0.0659745
0.549873
0.505848
0.898825
0.738553
0.746755
1.60925
0.440798
0.310358
1.06116
0.760132
0.730431
2.47386
1.07161
3.78164
0.059133
1.1387
0.357312
0.87755
0.630232
0.596815
0.807974
0.914573
0.534634
0.2434
0.795444
0.455755
1.10562
1.10699
0.653107
0.887075
1.08059
0.581058
0.318735
0.558945
0.957531
0.503188
1.65035
0.414646
1.5482
1.56502
0.604728
0.369774
2.11162
0.888341
0.544291
0.722404
0.0731611
0.956997
1.08032
1.80218
0.429576
1.36358
1.90263
1.21993
0.581629
2.87112
2.0731
0.702172
0.611774
1.4731
0.768474
0.584822
2.0682
0.868697
0.796484
0.134244
1.42852
0.0612804
1.04752
2.87436
0.897914
0.433536
0.272027
0.858203
1.87499
0.474163
0.415549
0.431213
0.903595
0.401777
0.206965
1.08244
1.72631
0.0939393
1.48028
0.415336
1.08178
1.5608
0.50348
0.503969
0.491249
0.480098
0.841204
0.341512
0.0994286
0.400968
1.15925
1.74178
0.353052
1.35955
2.05931
0.369881
0.664151
0.297086
1.21084
0.891063
0.115111
0.918554
1.49612
0.394542
1.61426
2.34655
0.501654
0.962316
0.0771645
0.589741
0.407154
1.29832
0.934922
1.07018
0.166591
1.33203
0.764286
0.298019
0.18637
1.58977
1.00269
0.131094
0.555794
1.328
2.26822
1.75531
2.22661
1.08483
0.457276
2.0375
0.975915
1.29663
0.630587
0.937784
0.0981818
2.60795
4.24762
0.31611
0.96543
0.592482
0.326459
0.0788955
0.122824
1.05175
1.7042
1.06481
0.0925869
0.347483
1.8903
2.0843
0.478992
0.620337
0.328797
0.531574
0.360089
1.04712
0.414299
1.375
1.81089
1.89332
0.587578
0.52309
0.960737
1.08964
0.927188
0.507891
1.12275
0.64728
0.463277
0.611288
1.88788
0.847721
0.387831
0.196568
1.4137
1.16808
0.564954
0.904071
1.90376
1.69049
0.982326
0.439597
0.399484
1.78159
0.731101
0.817792
1.7921
0.946582
0.966241
1.77431
1.84835
2.22381
0.7729
0.466684
0.36199
1.32803
0.725375
2.40879
0.295366
0.349255
1.57354
1.09344
1.19907
0.697655
2.49899
1.86022
0.5291
1.31953
0.436506
0.294279
0.755843
0.51632
0.219878
1.07859
0.765094
1.09918
0.542058
0.262736
0.145383
0.639653
0.229242
1.05551
0.383636
1.24424
1.52462
4.39938
2.10107
0.935407
0.84185
1.1062
0.17746
1.0685
0.39873
0.481482
0.556957
0.369867
0.320743
0.141689
0.278284
0.188912
1.49018
0.0782219
0.350747
0.452103
0.668725
0.503916
0.449564
2.4023
0.925607
0.153905
0.268816
0.963925
0.185923
0.393982
0.311504
0.78978
1.32034
1.40897
0.814238
1.24633
1.41387
1.98581
0.993415
0.2578
0.612161
0.163371
0.284913
0.94433
0.332855
0.698447
0.468105
0.139729
0.361211
1.30888
0.914492
1.38715
0.209965
0.282595
1.23775
0.918264
0.823728
0.57475
0.923396
0.203397
1.16034
1.04112
0.782895
3.3143
0.0802064
2.08492
1.72548
1.35521
0.232053
0.422585
0.195508
1.18205
2.08721
1.39774
3.56295
2.44759
1.45455
1.38157
0.967293
0.979335
1.34973
1.48957
0.691831
0.25609
0.417247
1.85095
0.532411
0.795253
0.447767
1.35711
2.89998
0.612342
1.34463
0.662975
1.53251
0.926996
0.47808
0.32555
2.69578
0.608866
1.27512
0.345729
0.325862
0.886369
0.413451
1.12617
0.812321
1.51348
1.80895
0.571161
0.492093
0.2778
0.698703
1.10994
0.572389
0.355876
0.812653
0.689934
0.427589
1.33097
0.776401
0.503457
3.0316
0.386617
1.27387
1.59337
0.656024
0.8522
2.32895
2.28737
1.51475
0.764925
1.15562
0.818737
1.13855
0.480577
0.525138
3.77001
0.302752
2.01235
0.445243
2.22852
0.646161
1.18085
0.454578
1.10305
0.0171281
0.798952
0.152959
1.57383
0.912874
0.676162
0.417486
2.34508
1.76463
0.447287
0.473937
0.534957
0.488194
1.32649
3.01808
0.33719
0.324506
0.698033
1.41897
1.2255
0.578079
0.211412
0.897855
0.952042
0.0890502
0.413045
1.19698
0.508676
0.692303
3.48479
1.64648
0.96755
0.732169
0.545768
0.59789
0.309159
1.04707
0.867013
0.227354
0.830401
1.2194
2.2843
0.330942
1.46134
1.45726
0.150129
0.488167
1.06791
0.0993474
0.659405
0.567966
1.48435
0.463621
0.87506
0.546701
1.316
0.688413
0.445772
0.690846
1.3775
0.421109
1.64292
1.52708
0.688333
0.857996
1.09981
0.0611063
0.939839
0.164879
0.224336
0.43879
1.45072
0.544805
1.75866
1.20573
0.645795
0.945722
0.417015
0.353374
1.09919
3.18851
1.34119
1.3816
0.490118
1.35082
0.111257
1.18336
2.06921
0.795247
1.18004
0.994746
1.05435
0.640078
0.313507
1.02577
2.1438
0.687124
0.545163
1.06157
1.00453
0.971893
0.106463
3.11569
1.33819
0.927759
1.77307
2.06985
1.96197
0.0809851
0.900108
1.60655
1.66699
0.570935
1.00004
0.345963
0.307368
1.38148
0.7388
0.430526
0.498114
0.177629
1.18453
0.23373
0.59314
2.05884
0.977989
1.77412
2.4373
1.2439
0.378252
0.311044
0.280203
1.50142
1.25089
1.86824
1.61295
0.173024
0.15192
0.396819
1.21536
1.37727
0.673085
0.515275
1.28248
2.27978
1.07231
2.04263
1.93361
1.23634
1.12969
1.56478
0.731401
0.0635836
1.83467
0.665532
1.54891
0.832854
1.01472
0.452151
0.51117
0.70026
0.710604
1.69026
0.522027
0.834606
3.36611
0.697248
2.3789
1.59684
1.10436
1.89464
0.956413
0.715787
1.1244
0.543169
0.455151
0.188648
0.784816
1.54968
3.29387
0.746401
2.17849
0.819697
0.367131
2.24929
0.261075
0.847947
0.339048
1.85441
0.326984
3.44154
1.25771
0.533011
1.77408
2.27278
1.61783
1.43197
0.571499
1.1731
0.329678
0.39307
1.55426
0.563863
0.150101
0.649135
0.366504
0.344723
1.45436
1.28006
3.46006
0.640449
0.753508
1.11695
1.35657
1.72491
0.643485
1.45584
1.17447
0.327105
2.62845
0.211266
1.09464
0.741934
1.2078
0.941624
1.08134
0.608243
0.230026
0.434305
0.439955
1.49214
0.326456
0.393565
2.92444
0.187184
0.960221
0.773184
1.69404
0.846196
0.643522
0.966378
0.863427
1.36334
0.294879
0.245971
1.24886
1.48236
1.21219
0.917082
1.71005
0.69708
0.600195
1.06025
1.34721
2.38461
0.481958
0.856801
0.775086
2.06156
0.461256
0.973693
0.926501
0.459487
0.452097
0.881563
0.597961
0.359129
0.335745
0.622187
0.23987
1.56544
0.31091
0.317257
0.958652
1.61525
2.13586
0.809934
2.21617
0.329528
0.929675
2.09282
0.190884
0.775725
2.0258
0.733515
0.495566
2.20955
0.829899
2.48949
0.720811
1.43716
1.06071
1.70089
0.725268
0.463793
0.357968
0.902745
0.903275
2.85714
1.75512
0.412082
1.4287
0.222434
0.668779
0.483068
0.372142
0.420467
0.661856
0.571302
0.474693
0.684623
0.764154
0.486855
1.90923
1.34392
0.260628
4.34655
0.391008
0.460053
1.15097
0.664985
1.41618
1.54072
0.141517
2.02216
0.164546
0.487385
0.324874
0.614593
1.13318
2.28044
0.0858464
1.36647
0.783165
1.58744
0.325448
0.965986
0.949486
0.54276
0.716777
0.280859
1.22623
2.45365
2.49659
0.179951
2.37609
0.624663
0.386818
1.17022
1.3243
0.993513
0.343986
0.614903
1.15465
1.1868
0.307039
0.515913
1.72522
0.892389
0.192882
0.944848
2.41667
1.68727
1.46245
0.852807
0.272429
0.880309
0.763144
0.474265
2.86524
1.08982
0.589164
0.645165
0.533536
0.388031
0.901875
0.461167
0.26306
0.580201
0.561269
0.256549
0.55677
1.08915
1.18133
1.12353
0.508188
3.0041
0.256455
0.331824
0.860007
0.418351
0.522446
0.154239
0.32954
1.34034
0.918741
0.707169
0.791948
1.3123
1.58716
0.523895
1.04116
1.83448
1.33613
0.987815
0.385066
0.678504
1.32461
2.01476
2.24167
0.843836
1.57489
1.24267
1.20282
1.10567
2.11298
0.764967
0.38736
1.16036
0.408248
0.670813
1.01644
0.859658
1.11673
0.148222
1.79576
0.822191
0.197004
1.28402
0.552758
0.777687
1.40165
0.400126
0.747987
0.781951
0.231985
0.513572
1.11687
0.602528
2.31008
0.137322
1.37906
1.85937
0.863631
1.97254
0.744139
0.411024
0.567651
1.55047
1.31601
1.72219
2.03127
0.690141
1.97299
0.228455
0.57655
0.083649
0.138504
0.799637
0.870343
2.22632
0.74654
2.21846
1.51557
2.48207
1.1775
1.03342
1.1601
0.239369
0.468266
2.39052
1.09615
0.0953062
0.44483
0.61796
1.31417
1.26603
1.19219
0.617164
0.266685
3.00286
0.350284
0.839723
0.486842
1.08317
0.746612
0.178
0.854733
0.202299
1.1945
1.50485
0.851182
0.716262
1.3971
1.33093
0.327814
1.37026
0.453464
1.27923
0.220233
2.17907
1.77
0.377923
0.520892
1.18299
1.39467
0.0689699
0.742807
1.11168
0.643632
1.45363
0.541336
1.41355
1.02367
0.610647
0.244531
0.474741
0.795607
1.11185
0.330841
1.75384
0.194744
1.82775
0.217315
0.872744
1.59764
0.332951
0.558228
0.68657
0.862121
0.852248
1.53437
1.2421
0.189281
0.455967
2.54298
0.234135
2.33625
0.358579
0.511616
1.09893
0.100177
2.7633
2.34512
0.807552
1.49781
1.5533
1.7581
0.697041
0.428122
0.407797
0.459514
0.616157
0.470144
1.13895
0.236451
2.06152
0.740893
1.07357
0.429927
0.303555
0.405059
1.04356
1.33935
1.83046
0.828627
0.580356
1.07941
0.42361
0.462779
0.168797
1.64318
0.697021
0.225885
0.986216
1.49184
0.19883
0.355661
0.877375
0.180595
1.45771
1.16666
0.340938
0.675363
0.274006
0.614736
1.7584
1.18388
1.90483
2.63232
2.44181
0.39772
2.45752
1.08392
0.916601
2.13261
0.277458
1.30287
0.0166895
0.0816449
1.06791
0.435174
2.03899
1.17046
1.40097
1.62596
0.554692
0.90368
0.300657
0.209556
3.19568
0.741454
0.229244
1.65466
1.19439
0.2093
1.58177
1.83864
1.33969
2.43704
1.64007
1.81665
0.805276
1.52636
2.15365
2.63571
2.19578
1.10523
0.83696
1.33098
0.34323
0.528236
2.1312
0.956523
0.723909
0.603543
2.83105
1.74115
0.939893
0.593198
2.26946
0.477864
1.29486
2.4875
0.640145
1.6682
0.61728
0.645185
0.877018
2.03823
0.4833
2.26475
0.476252
1.03138
0.725272
0.455867
1.27898
2.43048
0.959459
0.846875
0.489364
0.979516
0.328634
1.63345
1.3497
0.376928
0.590583
1.66601
0.717166
0.484227
1.07089
0.259633
0.488416
0.796815
2.30027
0.562064
0.219724
0.616326
0.443271
1.63541
0.893273
0.844943
0.972555
1.13803
0.394953
1.02735
2.75952
1.63844
1.06355
1.56973
0.314424
0.690862
0.830518
1.35385
1.00713
1.37819
1.50922
0.328357
0.378856
0.451041
1.40396
0.526944
2.03293
0.858408
1.82939
1.38135
0.675213
2.35828
0.825029
0.457397
0.871819
0.112152
0.809872
0.712856
0.273362
0.331455
3.02149
0.145634
4.94102
0.769484
1.07186
0.984708
1.53735
1.52585
0.68391
1.62377
0.276163
0.506112
0.395168
2.64127
0.681536
1.09109
0.190413
1.0425
1.05782
0.760604
1.00285
0.654074
0.187773
0.820463
0.496715
0.900321
1.49473
1.4817
1.32055
1.83447
2.27497
0.65612
1.63293
1.59896
1.84023
0.730544
2.01307
0.543192
1.09144
0.486018
2.21064
0.833661
1.87044
0.520623
1.36011
0.33719
0.871902
0.893021
0.153532
0.942905
1.66848
1.03075
1.69894
1.03596
0.621246
0.647461
1.81292
0.758539
0.907702
0.475777
0.684829
0.675021
0.601204
0.592229
1.54637
1.30266
1.41156
0.245411
0.418446
0.300873
1.91918
3.15253
0.29693
0.338018
2.10859
0.746288
0.189906
1.36571
0.815433
0.262202
1.38229
0.243881
0.638096
0.252915
1.24949
0.982469
0.32532
1.55604
0.158273
1.11246
1.24997
0.38106
0.478099
1.76436
1.09705
0.62163
0.75326
0.711939
0.674534
1.2884
1.34041
0.101962
2.06137
0.695415
1.4317
0.812605
0.729249
0.26361
0.304595
0.350302
0.813191
0.884449
1.65381
1.82641
1.93602
0.865519
0.480309
0.682071
1.72862
0.190658
0.887079
0.72963
1.3285
0.587684
0.680936
0.422346
0.863021
0.610914
0.452893
1.68278
1.04169
1.49106
0.611252
0.987092
1.11995
1.68595
0.465572
1.44771
1.17945
0.833324
1.29631
0.306321
2.15424
1.62447
0.298346
1.35121
0.592981
0.415432
0.730485
1.09306
0.930471
1.49962
0.920314
1.4423
0.50455
1.23067
0.715765
1.09181
1.58164
1.70122
1.69475
1.5152
0.178606
1.08767
1.23352
0.463029
2.83183
1.21733
2.61926
0.256007
1.25209
0.687883
0.845046
0.74567
1.44087
0.332443
2.75869
0.78622
0.38963
2.39813
1.13781
0.830874
0.63654
0.392661
0.845792
1.17005
0.551891
0.462572
1.04484
1.15298
2.50396
1.85601
1.08967
1.46137
0.298604
1.31191
0.794774
0.432985
0.0325355
1.86246
1.0845
2.24263
0.969276
0.215749
1.506
0.814814
1.41028
0.627275
2.385
4.9231
0.293277
0.542065
1.372
3.51444
1.97376
0.693959
0.902259
0.880704
1.13921
1.51767
0.582615
1.7342
1.09959
0.306209
2.06353
0.393411
0.755946
0.276697
0.403192
1.58772
0.513437
1.7789
0.905119
0.105827
0.654537
0.53388
0.556291
0.475201
1.03922
1.33657
2.09527
1.52823
1.38809
1.87008
1.61111
0.48331
1.75139
0.16647
0.639314
0.722209
0.228907
0.0484221
0.918859
1.8415
0.655403
1.46344
0.0787517
1.88519
0.920864
1.68376
0.529925
4.041
0.162979
0.567857
1.3011
0.538041
1.56083
1.60939
1.69931
0.246626
1.97912
0.374665
1.54132
0.224152
0.935079
2.03813
0.82734
0.680336
1.42652
2.152
0.281771
1.03256
0.33022
0.237757
1.07472
1.04631
1.39578
0.363313
0.473963
1.37929
0.453074
3.27945
0.596052
0.540047
1.78697
1.93858
0.301318
0.64226
1.24124
0.873376
0.13112
1.4225
0.138122
0.838943
1.34793
0.305154
1.75433
0.822758
1.65069
0.600868
1.19939
0.787464
0.418951
1.01414
1.3695
0.191594
0.20392
1.283
0.838734
0.300301
0.769352
0.123931
0.47435
0.0929757
0.502226
0.156927
2.00623
0.305019
1.12413
1.03693
0.291521
0.371067
1.18235
0.499416
0.726587
0.513826
0.207486
0.156989
1.26946
0.33951
2.4341
1.07215
3.60457
1.08471
1.24315
1.47906
2.01918
0.892825
0.779203
1.27936
0.812355
0.653929
2.82818
0.634739
0.784103
0.293116
0.5536
0.985085
0.661897
1.27231
0.204491
0.867459
1.7188
1.02938
1.47169
1.45653
0.382093
1.00833
0.601006
0.665779
1.59431
0.604036
1.50203
0.534491
2.27566
0.648384
0.631788
0.326228
0.436783
0.776481
0.211463
0.510303
1.44992
0.754505
0.657459
1.70423
0.638211
1.34335
0.193556
0.569022
0.273228
0.648525
0.789939
1.05263
0.495281
0.878299
0.201204
1.11215
0.269514
1.49548
0.127893
0.301029
1.37857
0.630504
2.55963
1.46646
1.22988
1.0751
0.257894
0.690453
1.59326
0.474922
0.501297
1.13436
2.21961
0.501332
0.614807
1.09004
1.05618
1.15349
0.108275
0.553857
0.442242
0.805208
1.01492
0.659162
0.145623
0.699281
0.766509
0.222381
1.46333
0.512703
0.535112
0.46775
2.46663
3.88366
0.0918635
1.34406
0.597673
0.680916
0.261886
0.763223
0.128556
0.21885
2.67922
0.245552
2.75903
1.49859
0.684153
0.2675
0.566743
0.189604
0.753601
0.66209
1.04249
2.77257
2.19468
1.50328
0.558901
0.0991474
0.548966
0.699276
1.06469
0.735869
0.69992
1.50339
0.399679
0.4057
2.09737
0.687542
0.376122
0.368247
1.1195
0.799436
0.655917
2.86126
0.282818
0.473558
0.927419
2.68588
2.18423
0.594663
1.71827
0.565416
0.71504
0.442368
1.07314
0.713396
0.540022
0.552336
0.904131
0.113668
1.67179
0.854039
0.783167
0.611644
1.86695
1.17747
0.699044
1.63879
0.346389
0.649793
2.2941
1.80515
0.598353
0.889688
0.398184
0.42051
1.84909
0.356544
0.829083
0.34093
1.13996
1.87072
0.120515
1.73097
0.502662
1.30837
2.29748
1.89205
0.633559
1.11938
0.967156
0.996753
1.44736
1.04649
0.241192
1.31631
0.319244
0.635549
1.94943
0.74197
0.945747
0.953541
0.751996
0.873066
0.534689
0.675044
0.358867
1.18945
2.98302
2.54482
0.480389
1.41662
1.46869
0.622626
0.571966
0.86366
0.442626
0.64442
0.523435
0.451126
0.423161
0.970353
0.613381
0.971995
1.01615
1.65719
0.447992
2.57118
1.76298
0.744508
0.44775
0.558442
2.26887
1.4844
0.594368
1.35209
0.486909
0.847345
1.05118
0.105745
1.7473
0.121528
1.55579
1.3128
0.349196
0.254532
0.906643
0.244476
0.276446
2.33425
1.57775
0.788516
1.95036
0.720158
1.69914
2.68033
2.58137
1.03084
1.73711
1.55064
0.795036
1.16546
3.02725
0.681373
1.81616
0.671872
1.50149
2.16871
0.131517
0.280828
2.40729
2.1088
1.25624
0.22032
0.592435
0.411113
3.04369
0.572343
1.70651
1.67498
1.02066
1.41105
1.56232
0.0882942
0.323659
0.765287
0.515488
2.19401
1.09444
0.324179
1.10448
1.12694
0.285784
0.968787
1.49792
0.66831
0.319959
0.687804
0.172426
1.98045
3.06226
0.736605
2.54585
1.00781
1.01769
1.22927
0.186203
0.603633
0.682607
0.380969
0.394435
1.48437
1.51179
1.79917
0.863385
0.395105
0.863079
0.178362
1.21523
0.350837
0.286412
1.16717
0.417408
0.602708
1.94481
2.20757
0.665738
0.454763
0.308717
1.04715
0.484553
0.928763
2.75846
1.78556
0.62489
1.07897
2.34375
0.26759
0.71933
0.343568
0.41739
0.99708
0.848478
0.67335
0.637332
1.35471
0.124562
0.917924
0.952905
1.45507
1.8331
0.210569
0.0924582
0.085412
0.510906
1.19942
0.627706
2.51696
0.497553
3.34796
1.01693
0.435418
1.90746
2.48206
0.79018
2.87137
1.86358
0.933957
0.656063
0.656487
0.493746
1.10276
0.856266
0.759349
0.775991
0.333445
1.62436
0.335017
0.180802
2.20822
0.413317
0.509298
1.36888
2.65492
0.959948
1.69794
0.615301
0.462721
1.34326
1.92636
0.853721
1.90412
0.939128
0.688053
0.910497
1.08247
0.769958
0.970627
2.55097
1.1462
0.531276
0.332833
0.577807
0.516921
0.559571
1.40208
0.80443
2.76589
0.300195
3.31236
0.53539
0.466389
1.56047
1.20732
1.00472
1.0542
0.903219
0.433545
1.04199
1.25287
1.33767
0.718064
0.325912
0.423523
0.342226
0.608425
0.0478476
1.14885
1.79437
0.776298
0.674282
1.66255
0.492919
1.82111
0.427045
0.342921
0.610137
2.24303
0.71849
1.6962
1.18168
1.93126
0.907228
2.29107
0.627929
0.939822
4.30623
0.462274
1.7406
1.34103
0.108428
0.993016
0.541758
2.05253
0.483274
1.75367
2.21794
0.87409
0.617924
1.28312
1.50942
1.15267
1.68959
1.60712
1.91776
2.92433
0.604569
1.09425
0.150686
1.31368
1.89747
0.503191
0.724503
1.56178
0.827275
2.23369
0.317373
1.87929
1.81151
0.973802
0.241949
0.743777
1.26174
0.17785
0.750971
0.902476
0.499112
0.853313
1.02403
0.52089
1.16912
0.196608
0.97291
2.04104
0.50755
1.8394
0.643281
0.864554
2.14419
1.21852
0.188122
1.06768
1.30553
1.04422
2.06674
0.49384
2.43669
1.60637
1.34023
0.86746
1.24968
0.526369
0.728699
2.57766
1.27268
0.89785
0.554963
2.73591
1.26435
0.550881
1.21098
0.922726
0.514167
1.47562
0.502833
0.0754977
1.33842
1.82212
0.733547
1.62114
0.803853
1.38635
1.57739
0.558203
0.367808
0.210195
1.41063
0.404462
0.481905
0.174771
0.0962208
1.02178
0.234017
1.5264
0.523499
0.6701
1.0628
0.610026
2.48317
0.902945
0.246435
0.465974
0.501366
0.806327
1.92208
1.3315
1.53495
0.174828
2.55527
0.328204
0.734854
1.19115
0.358872
0.607764
1.46244
0.931473
0.869952
1.20699
1.52226
0.124456
0.289446
0.528558
0.0792008
0.377163
1.86876
0.465903
0.248036
0.461722
1.85368
0.659281
1.18636
0.767524
0.918918
2.15094
1.05328
0.131521
1.44836
0.732357
0.954341
1.37371
1.98297
0.658741
0.802888
0.894638
2.24094
1.99806
0.826802
0.244023
1.56943
0.386171
0.278174
0.567638
1.22129
0.493694
0.640209
0.844103
1.00855
0.279298
0.705885
0.900953
0.795625
0.413447
0.220608
0.728593
0.0984945
1.3649
0.147469
0.700405
3.60203
0.545743
0.946047
0.751707
2.47275
0.783747
0.532149
1.93961
1.6211
0.521425
0.338201
1.87055
2.64716
3.19657
1.28639
0.813002
1.01502
2.36311
0.386235
1.64239
2.03207
0.744688
0.695313
0.610178
1.28545
0.558722
0.251415
0.930633
0.0415164
1.77759
0.7362
0.95372
1.31674
0.493443
2.04254
1.21525
1.48137
1.50052
2.79382
0.677984
0.422318
1.49317
1.09372
2.69468
0.397772
0.462541
0.804974
0.718548
0.589149
0.36142
2.73949
0.587666
1.33557
1.01603
1.41097
1.0494
0.856031
1.02434
0.942828
2.95695
1.74327
1.44715
0.645592
0.88164
2.66167
1.30699
0.53306
0.325927
0.83246
0.188847
1.85034
1.264
0.827534
0.576787
0.688767
1.88672
0.558024
0.731924
0.329055
1.08877
0.611445
0.974541
1.03026
3.69194
1.00543
0.573056
0.255743
1.63583
1.57863
1.71783
1.48297
1.56879
0.427028
0.375127
1.05448
0.626196
1.23321
0.231634
1.6703
0.169025
1.45676
0.302536
1.44382
0.852644
0.673725
0.953269
0.0589272
0.966834
0.636683
0.292007
0.242919
1.10373
1.79267
0.157537
1.1504
0.727485
0.905051
1.12419
0.276983
0.407634
0.631271
1.04059
0.657004
1.55219
1.23544
0.834049
0.201716
0.241173
1.27605
1.48539
1.24723
0.224637
2.23936
3.34564
1.242
1.72727
0.523384
0.466614
0.297645
0.176645
1.09539
1.21728
0.760791
0.763768
1.44902
0.422281
0.409087
0.664533
1.84842
0.540351
0.856335
2.52011
0.669305
0.812093
2.13457
0.631193
0.0617997
1.39986
0.525042
1.23306
1.0463
2.69363
0.733212
0.7353
0.777428
0.475386
2.08334
0.484582
0.513016
0.290257
1.80271
0.950673
1.78464
0.254073
0.390354
0.781777
0.841208
1.86776
1.16139
0.527584
0.904995
1.96165
2.00077
1.21035
1.08459
0.467787
3.38295
0.942515
1.05873
2.58881
1.70016
0.651443
0.628956
0.530153
0.215034
0.992511
3.40665
0.448304
0.852715
0.815686
0.644466
1.29192
2.05149
0.25519
1.31634
1.98825
1.53134
1.8493
0.200702
2.05521
2.66502
1.5361
0.523547
0.497066
1.95643
0.192002
0.314305
0.650122
0.393122
1.38902
0.6407
0.445457
0.208587
1.6394
1.14011
1.37315
2.1436
0.747687
0.837995
1.06921
1.09321
0.252568
1.30678
1.60488
0.683249
0.94908
0.961337
1.06793
0.847059
2.62211
0.368206
1.23686
1.8895
1.18617
0.967128
0.920472
0.316872
0.570859
0.292317
1.28776
2.71791
0.805018
0.584697
0.123438
0.277238
0.47796
1.35224
0.168122
0.0891509
0.87676
1.06891
1.93818
0.866827
1.00069
0.949171
0.337082
1.54027
3.28542
0.284226
1.18389
1.61699
0.7699
2.86351
1.35122
0.253819
1.29999
0.273058
0.53532
0.561831
0.414595
2.09508
0.359261
0.383841
0.289989
1.27824
0.586817
0.800275
1.42873
0.744382
1.23862
0.550096
0.691015
0.189273
0.277161
1.17488
0.82235
0.369067
2.30937
1.89349
0.491471
0.989359
0.931872
1.40563
1.06707
2.52078
1.47738
0.919276
0.724266
0.955254
0.463093
1.69049
1.05365
1.90441
0.398627
0.500951
0.331645
2.59585
1.38845
0.757437
0.712472
0.731999
0.253749
0.811433
1.34237
1.10234
0.595506
0.55408
0.922807
0.774939
0.601988
0.599581
0.532385
1.64807
0.44532
0.402925
0.733655
2.15307
0.484125
0.211008
0.636971
1.04277
0.528649
1.14152
0.0877498
0.739977
0.863047
1.32375
0.965832
1.77988
1.10961
2.92432
0.424729
0.533147
0.561874
0.387779
0.365762
0.710596
0.59272
2.28872
0.157152
1.07304
1.07705
0.586878
2.65147
2.18632
2.7933
2.43806
0.722131
0.828647
0.304148
3.11813
0.191823
1.71747
0.714868
0.885115
1.49775
0.625617
0.186968
0.431737
0.269364
1.93506
0.710499
0.928261
0.340396
1.03517
0.312168
0.232398
0.981502
1.13692
1.12904
0.124139
0.861908
1.41005
1.43218
0.444661
1.81034
1.37069
0.976395
0.851136
0.114274
0.915854
0.197967
0.967346
0.676798
2.70324
0.189583
1.22257
2.27697
0.877132
1.23851
0.664698
0.282893
0.242929
2.10829
0.324045
0.882822
0.70915
1.39666
0.617665
1.00529
0.486073
0.421633
0.634939
0.515242
1.03505
1.58262
0.696294
1.87288
0.977802
0.251075
0.272485
0.730929
0.378521
0.14624
1.57838
0.732895
0.546639
1.02194
0.900715
0.182766
0.436759
2.31787
0.158169
1.14955
3.17315
0.700438
3.15008
2.3745
0.440145
2.05284
1.37686
0.556338
0.22785
1.51517
1.5765
1.12536
0.132414
0.67897
2.17625
1.16163
0.771697
0.737366
0.898909
0.370883
2.76516
0.981182
0.435137
1.52241
1.06115
1.15055
1.65464
0.726624
1.7558
1.67456
0.789981
0.584681
1.33109
0.865903
0.324027
0.228014
1.67303
1.16123
0.284593
1.87815
0.208816
0.304416
0.801134
1.40565
0.82408
0.305302
0.68127
1.9849
0.618125
2.40989
1.10576
0.528604
1.30123
1.76715
0.80862
1.58421
1.13123
1.208
0.30947
0.50418
0.444209
1.841
0.735688
1.79413
0.66523
0.794395
2.05278
0.917797
1.42937
0.166931
1.02478
0.250907
1.59773
0.457511
0.908022
0.748978
1.28878
4.76833
2.44828
0.274557
1.23691
0.86893
0.222469
1.24642
2.55934
1.79827
0.316266
0.843733
0.258926
1.32416
0.834876
1.87664
1.39149
2.53182
2.07947
2.09327
3.68732
0.524321
1.16138
0.277145
1.40695
1.10694
0.461835
1.15402
0.698029
0.888834
1.67079
0.360606
0.520583
0.406815
3.61917
1.50297
1.36235
2.20249
0.143187
1.05965
0.41908
1.27145
1.68519
2.18334
1.60174
0.60006
0.274846
0.13167
0.989387
0.803164
0.278838
0.938108
4.25733
0.869499
2.86279
0.317275
1.19267
0.588416
1.68389
2.22265
1.78155
0.594327
0.451435
1.67152
3.62146
1.86893
0.971181
0.636052
0.851872
0.426182
0.327055
0.341915
0.521318
0.707142
2.59109
2.10464
2.98682
0.293967
0.120325
0.228902
1.003
0.541992
0.944048
3.16283
1.78115
0.854562
0.66018
1.46709
1.59068
1.33663
2.53747
0.903665
1.13431
1.23771
2.02754
0.788626
0.407143
0.663975
0.311159
0.602441
0.997603
0.498486
1.06944
0.681013
0.749096
1.22435
1.12315
0.413874
1.71719
0.639973
0.587834
0.851486
0.540191
1.37602
0.992089
0.637762
0.655728
0.404616
1.11996
0.608242
0.526128
0.199863
1.43234
1.92086
0.486523
0.243214
0.852224
0.289889
2.10041
0.835429
1.19828
0.572515
1.35415
1.27953
3.70477
1.9298
2.1097
2.75392
0.453676
1.31641
4.02974
1.28902
0.170869
0.395536
2.27034
1.48828
0.258185
0.261417
0.271166
0.383596
0.368941
1.58419
1.8482
0.305216
0.893439
0.237609
0.810239
1.74571
0.570688
1.19888
0.391013
0.570329
0.324163
0.566931
1.87197
0.0301244
1.04221
1.24085
0.122006
0.381442
1.17647
1.04756
0.759318
1.59218
1.12976
1.15129
0.231881
0.526146
0.539223
0.509772
1.44432
1.0025
1.1652
0.434846
1.05042
0.657019
1.08047
0.49382
0.858989
0.825532
0.679892
0.793791
0.42187
0.366985
1.35435
0.19761
0.761151
0.134425
0.560771
0.476502
1.15914
2.06832
2.1361
0.54458
2.56011
0.623411
1.44344
0.448213
0.110896
0.674117
1.0465
1.12232
1.14071
1.84042
0.689566
0.46576
0.16711
1.94936
0.951107
1.14732
0.21956
0.822185
0.812869
0.56027
0.021367
0.373925
1.55265
0.481846
0.829012
0.158617
0.326986
1.69724
0.801228
0.384036
0.653389
0.788163
1.96064
1.10303
1.11114
0.720564
1.00015
0.482219
0.294151
1.03832
4.3474
1.11873
0.403587
1.51594
0.463358
1.3842
0.2605
3.12551
1.29495
0.198037
2.84132
1.11744
0.534667
1.50913
0.0898974
2.05611
0.797386
1.19552
2.50361
3.22848
0.457374
1.41921
0.479143
0.0309594
0.633927
1.27194
1.17721
0.249294
0.341612
1.38953
1.10767
0.859817
0.51352
0.847658
0.914086
1.05414
0.0574792
0.224713
1.11196
0.933719
0.323265
0.866007
0.472128
0.140291
0.583441
0.62619
1.5724
0.173036
1.19483
0.9128
0.468907
0.0788078
1.06994
1.39953
0.805092
1.0674
1.16887
0.126277
0.840461
2.17501
0.311967
1.06103
1.13549
0.241939
0.60043
0.592028
0.244754
2.29668
1.14282
0.320797
0.547976
0.854313
0.312745
0.312843
2.2485
0.243631
1.28259
0.235384
2.11096
0.454766
1.67726
0.636801
1.12573
1.89384
0.0357072
0.325497
0.237789
0.66452
0.447887
0.683356
0.872337
0.604708
1.22593
1.15105
2.06478
0.706864
1.43832
1.03207
1.8692
1.42251
1.33862
0.0960158
0.972205
1.00389
0.656758
0.264813
0.450283
0.48235
0.885542
0.708296
1.43241
1.07769
0.486346
0.566769
1.12383
0.292805
0.611027
1.21698
0.71177
0.303554
1.04213
2.01268
2.3253
0.782422
1.5408
1.7045
2.08261
1.17138
1.56204
0.490476
1.04717
2.23177
0.348783
0.494259
0.867693
0.600926
0.741031
1.55885
1.26746
0.531382
0.165392
0.779407
0.915539
1.74191
0.972966
0.27588
0.261025
1.85932
0.117606
1.12801
1.21312
1.94372
1.37509
0.208731
0.163507
0.49402
0.403848
0.196899
2.18726
1.35339
1.06434
3.5144
1.06188
0.874982
0.248279
1.06492
0.883837
1.16564
0.717386
0.250194
0.721523
0.653025
2.19808
1.2564
1.40582
1.78338
0.474967
0.544507
0.120367
0.517838
0.312233
0.757741
0.400035
0.858028
0.919265
0.259612
1.54406
1.13016
0.764466
2.98451
0.228196
0.869691
0.95538
1.60159
1.18673
0.0748232
0.292266
1.17743
0.825223
1.28482
1.6474
0.711823
1.15491
1.28535
2.08119
0.702692
0.635948
0.217816
1.75749
1.26647
0.190612
0.97941
0.653668
0.824719
1.84866
0.153858
1.22254
1.08406
1.01867
0.543068
0.384556
1.34843
0.096444
1.63298
2.02653
0.719143
0.55475
0.63227
0.715525
0.800391
1.42047
3.72592
1.77748
2.34784
0.054187
0.992065
0.36983
0.637249
0.771684
0.781656
0.311571
0.645726
0.422188
0.0676561
1.40568
1.44441
0.439365
0.989306
0.444715
0.561046
1.25669
0.373965
0.559323
1.06293
2.13519
0.561536
1.48301
0.38959
1.34704
0.600986
0.686162
0.879363
2.2001
1.21806
1.32634
0.967487
0.794039
0.0805589
0.866604
0.859351
1.91462
1.24483
0.738254
1.02438
1.88641
0.68272
0.858487
0.834738
1.69954
1.59701
0.196775
0.559988
1.36545
0.776962
0.214341
2.29929
0.331314
0.223886
0.522075
6.63047
0.322148
0.367023
0.981192
3.51669
0.139445
0.176128
0.775442
0.507339
1.95416
1.46544
4.50677
0.282153
1.94538
0.629604
0.341879
0.0701571
1.54408
1.27771
0.729428
0.886502
1.70331
2.53916
0.606488
0.134502
1.26495
1.01513
0.795557
0.6175
1.2162
2.03456
0.473193
2.23349
1.32173
1.89108
1.54162
1.15567
1.46761
0.301533
0.218944
0.420353
0.527922
0.45608
0.537516
0.539602
1.11466
1.22479
0.711714
3.04195
0.254123
0.600729
0.750286
0.785278
0.311518
1.32835
0.494889
0.102796
1.46968
2.38258
1.41293
0.623973
0.18919
0.281765
1.83178
0.815746
1.52924
1.28384
1.74974
1.31686
0.243041
0.473056
0.972917
0.213979
0.275287
0.511653
0.592228
1.41691
0.690756
0.211978
0.4911
0.3365
0.382782
0.629886
0.930864
0.585411
1.26972
1.23184
1.7042
0.0955304
1.74266
0.443347
1.05155
0.356914
2.70142
1.14012
1.04006
0.244938
1.02328
1.14462
3.89728
0.859815
1.29724
1.05645
0.752916
2.57313
3.65485
0.80341
2.67989
2.29272
0.471041
0.884194
0.113452
1.09992
0.557718
1.01746
1.10451
0.91191
0.21332
0.527868
0.863543
1.21943
0.987489
1.64782
3.16803
1.07402
1.39997
1.45131
0.356617
1.15655
0.660642
0.582736
0.579838
0.252444
0.0879607
0.140615
1.37654
1.1742
1.36584
0.367749
1.08286
2.17584
0.996184
0.197358
0.686415
1.00901
0.575297
1.58828
0.398144
1.64229
0.955669
0.843049
0.181272
1.05354
0.25705
0.416857
0.839922
1.11486
0.284738
2.64625
0.998133
3.87892
1.1911
1.09332
0.703825
0.227677
1.80676
1.22803
0.157213
1.17877
0.600975
0.83932
0.910359
0.349965
2.47942
0.530164
1.14187
1.24352
0.524816
1.74641
1.68335
1.24075
0.799702
0.719209
0.764037
0.839234
2.16887
0.538876
2.66617
0.0354612
1.70393
1.24675
1.52078
0.307239
0.61411
0.927849
0.845613
0.715462
0.487601
1.2918
1.2217
0.552322
1.14192
0.124446
0.245132
1.55043
1.38577
1.4211
0.554789
1.21822
1.0223
0.415345
2.53099
1.51312
0.679008
1.41392
0.709094
0.681975
0.309606
0.239242
0.257706
1.92873
1.59825
0.85372
0.100143
3.12869
0.390225
1.97147
0.674059
1.08299
1.06532
0.134897
0.921329
1.74268
0.561751
1.50163
0.541971
0.920372
0.747824
2.01049
1.68252
1.60063
1.66426
0.408045
0.242216
1.37946
1.54032
0.590981
0.460015
1.16892
2.16134
1.42533
1.01717
1.06236
0.999378
0.974894
0.67048
1.41189
1.29519
0.670955
0.997021
0.56498
1.66157
0.148774
1.47286
1.43361
1.27614
0.477679
0.526946
0.623471
0.539442
2.96746
1.47164
1.19788
1.48019
1.50312
0.231727
0.193702
1.68619
0.790757
1.46204
0.727202
0.686792
0.786263
0.327358
1.84518
2.35426
1.06959
0.510601
0.363638
0.77752
0.367123
1.76596
0.334567
0.515445
0.461654
1.34394
1.25451
0.51013
0.379853
0.453788
0.0602785
0.742872
0.687269
0.438835
1.61403
0.368708
0.929753
0.95537
1.55075
1.20412
1.00129
0.0567432
1.00569
0.901904
0.862271
1.48167
0.517378
0.95363
1.35682
0.371118
1.88246
0.887055
1.73683
1.50175
0.689499
0.152888
0.410567
0.834891
0.190496
0.306626
1.10066
1.17923
1.77615
1.23915
0.387101
1.43598
0.603139
1.24177
0.365694
1.35547
1.17502
1.46518
0.490368
0.801925
0.0720582
0.407059
2.48787
0.168077
2.22543
0.835017
0.195542
0.20368
1.57306
0.540091
0.489603
0.533397
0.141184
0.457831
1.42316
0.851362
1.84773
0.364166
1.65857
1.00685
1.35876
0.14572
1.57107
1.02384
2.36099
0.362167
0.721299
1.37738
0.443308
0.682379
0.595698
0.775193
0.883749
0.420218
1.61449
2.01327
0.666501
0.554978
0.374767
0.738019
0.522361
0.408245
1.2806
0.982244
0.167351
2.14181
0.304762
0.355702
2.27466
1.42601
0.248635
0.231471
0.786682
2.97023
0.761363
1.65394
0.931567
0.307401
1.06054
0.219495
2.48654
0.645104
0.207864
0.536351
0.589878
0.212185
1.27665
0.580525
1.96942
0.811112
1.90953
1.26383
1.08556
2.098
0.694499
0.614311
0.758005
0.258003
1.32466
0.241122
0.743354
3.27805
0.737838
0.405555
0.268501
2.09878
1.9085
0.591052
1.07361
0.492557
0.756757
0.107372
1.25292
0.782141
2.53579
0.650524
0.561253
0.164904
0.749374
1.16703
1.59144
0.749196
2.31481
0.5993
0.410041
0.501643
0.208123
1.02463
1.33259
0.381375
0.411912
1.1895
0.377216
0.871679
2.57553
0.760903
0.241087
1.34727
0.111968
0.417295
1.24028
0.213362
0.794627
2.50713
0.0966049
0.112828
1.01225
3.37907
0.353455
0.796291
0.471011
2.05736
1.12683
0.19894
2.28486
0.934401
1.39017
2.70198
0.492481
0.439445
1.95161
0.366985
1.47604
0.241142
0.142923
1.31411
1.31027
0.778608
1.22809
0.501617
0.353163
0.368377
1.37958
0.35466
1.88276
1.50218
0.774412
0.953459
0.0773786
0.365836
0.642283
0.910095
0.344088
0.137223
0.760123
2.24646
0.59258
1.3588
0.527793
2.87376
0.110447
1.07408
1.47801
1.26296
0.610392
2.77732
0.220984
0.608821
0.333783
1.01647
0.776568
2.34372
2.10822
0.855865
2.08478
0.726685
1.55102
1.906
1.38872
0.822984
0.881963
1.04849
1.00343
0.155348
1.09424
1.42984
0.441056
0.269602
0.335593
0.86199
0.356044
0.320383
0.333086
0.554602
1.39462
0.78191
1.31541
0.473769
0.212384
0.531563
1.16429
0.795568
0.472494
0.409721
0.687963
0.611358
1.30929
0.75703
0.671919
0.798645
0.334843
2.02607
0.135678
0.763633
0.493183
0.620658
1.56011
1.85021
1.16912
1.04918
1.14015
0.388835
0.843451
1.30675
0.915123
0.887143
0.229202
0.714078
1.10889
2.68908
0.16701
1.00376
1.17865
0.719875
0.262301
0.334252
0.878822
3.169
0.836044
0.949913
0.743714
0.418715
1.28755
0.0848708
0.192563
1.55453
1.07888
0.659547
0.499195
0.431804
0.545333
1.17124
0.966829
0.672127
0.33518
0.133651
0.716787
2.02047
3.03194
0.402576
0.12545
0.748213
1.86698
0.878089
2.07243
1.05195
0.92738
0.357111
1.94086
0.443873
0.808062
0.951864
1.2147
0.572114
0.857003
0.265249
0.168303
1.74484
0.216663
1.75475
1.22881
0.579512
0.935438
0.203892
1.09743
1.46687
1.79646
0.488225
0.238248
0.329475
0.2561
1.70479
0.838378
0.6606
1.29723
0.739274
0.616785
0.298655
0.893726
1.0786
0.363837
0.998982
0.633273
0.660395
0.40767
1.60191
1.29893
2.16632
0.632303
0.862967
0.16634
0.53602
1.61243
1.27156
1.04862
0.732627
1.88733
0.963305
3.71675
1.69724
0.213563
0.6598
0.390789
1.8144
0.249743
1.45693
1.63515
0.39276
1.18561
1.02667
0.10529
0.580798
0.612275
1.86442
0.790847
0.47427
2.85933
1.63385
1.95384
0.783272
1.71587
1.32045
0.686256
3.88091
1.1422
0.936668
0.779925
1.36984
0.880753
0.646537
0.183066
1.43052
0.673559
2.15121
0.803285
0.603665
0.554284
0.950452
0.926664
2.12099
2.28144
0.235151
1.43104
0.920546
1.33766
0.72845
1.24484
0.67031
0.346264
0.77199
0.566673
0.18529
0.50229
0.787234
0.348501
0.550891
1.62871
3.64452
0.0295766
1.43066
0.620785
0.213368
2.42948
3.0603
1.93535
0.101483
1.24924
0.400839
1.27232
0.0332676
0.224721
2.24766
0.239997
0.458376
1.388
0.660142
1.3216
1.25838
0.873999
1.489
0.336916
3.01093
0.446197
0.955372
1.034
1.23945
0.964841
0.466896
0.69813
0.983175
1.09857
2.12387
0.913493
0.0640146
1.14647
0.507008
0.934282
0.406827
0.4481
0.764363
1.88049
1.12088
1.09525
0.974003
0.67435
1.14822
0.462487
0.94399
0.579127
1.92128
0.385504
1.22236
0.116388
0.661333
0.506279
1.61549
1.33766
0.647609
0.141066
0.354708
0.965338
1.2026
0.946227
0.464257
1.0373
0.046263
1.51862
3.10406
0.649444
0.185509
0.267573
2.33948
1.33496
0.494181
0.455325
1.15067
1.36512
0.284662
0.281453
0.765332
1.07962
0.250203
1.56472
0.694953
0.819539
1.47195
1.42699
0.558287
0.734256
1.34734
1.89704
1.05723
0.56978
1.02254
1.14871
0.79268
0.577157
1.3746
0.101193
2.04065
0.504644
0.225861
1.38935
1.29761
0.880776
1.45757
0.537185
1.04513
0.299525
0.361596
0.0443877
3.98066
1.96832
1.47176
1.16172
1.06904
0.280347
0.228561
0.973553
0.626131
0.476797
1.44789
1.9953
1.43237
0.523097
1.11549
0.172917
0.434439
0.239222
1.33684
1.38014
0.734015
0.223196
1.27151
0.934842
2.19831
1.16142
0.628727
0.627191
3.15948
1.13066
1.15577
0.33915
1.20792
0.161852
0.657935
0.826566
1.21167
1.01165
1.2675
1.29392
1.14088
0.707158
0.699051
0.905472
1.64998
0.657102
0.789124
2.07638
1.80741
1.82967
0.700314
0.440545
0.209353
0.146431
1.45522
2.138
0.46804
0.719748
0.0347843
1.19116
0.482338
1.47284
2.13985
1.48672
1.31038
2.04199
0.735871
1.07317
0.715144
0.781553
0.940362
2.0175
1.08259
1.92468
0.0940512
1.41397
0.202036
0.257401
1.81895
0.730875
0.379723
0.746616
1.95349
1.91411
1.39481
0.87652
0.356736
0.231535
1.82162
0.540109
1.35764
0.426324
0.258861
0.907001
2.10348
1.01328
1.81153
0.674352
1.71325
1.34433
0.336061
0.200021
1.90086
0.371582
0.677682
1.39302
0.384552
2.10347
0.0661207
2.23859
1.28185
0.139007
0.735984
0.596027
1.35122
0.737107
0.576288
0.871391
0.896072
1.40884
0.787917
1.08635
0.832454
1.77327
1.02341
0.544662
2.20785
1.17325
0.683122
1.15332
0.534285
0.433781
1.36657
0.574497
2.37179
0.36031
1.43748
0.521347
1.18686
0.169274
0.564472
2.29489
0.983558
0.602153
0.191216
0.283589
0.646526
0.131471
0.43502
0.427522
1.33545
0.304961
0.557257
1.04306
1.47827
1.70505
0.345509
0.0900765
0.496973
1.09227
0.605527
2.00255
1.50471
0.211217
0.706204
2.21466
0.907674
0.754845
1.67057
1.04393
0.769086
0.0520088
0.355074
0.488513
0.221583
1.50833
2.11087
0.959922
0.357011
1.09188
3.3715
0.762678
1.78775
0.607579
0.998929
2.94989
2.18384
0.470456
1.28851
0.385911
0.793675
1.69831
1.43246
1.01276
0.302418
0.655556
0.626396
2.98541
3.14485
1.08226
1.09014
0.766548
0.566218
0.75325
0.786443
2.76481
0.827633
0.637514
0.448644
0.139915
1.20755
0.493471
1.36292
0.883074
1.24133
0.601602
0.686173
3.99795
0.548062
0.215499
0.320378
0.59316
0.914171
0.120516
0.939493
0.87238
0.384523
0.81625
0.784803
0.897179
0.317611
0.622135
2.44834
1.12003
0.849211
0.516272
0.0258284
0.877827
1.67337
0.754002
1.71102
1.14385
2.60558
0.355642
1.4025
0.998535
2.17688
0.487854
1.32081
1.57558
0.560631
0.852051
1.8643
0.783926
1.32125
0.353591
0.352769
2.06743
0.413193
1.81783
2.42818
0.659363
0.727407
0.986434
1.1321
0.346883
0.724641
0.458564
0.0974932
1.24491
1.10793
0.121971
0.186794
0.0907625
0.359925
1.3945
0.379777
0.514248
0.381264
1.06045
1.43249
0.151047
1.29157
1.61951
0.544664
1.51517
1.16538
0.993191
0.445283
0.883172
2.0879
0.584161
1.09251
0.833077
1.72236
1.49901
0.337812
0.852874
1.1304
0.467202
0.464998
0.444612
2.28507
0.142966
0.337024
0.18199
0.39179
0.0743098
0.479329
0.244869
2.25936
1.06728
0.0404226
3.30044
1.75212
0.510301
0.786787
0.836353
0.381593
0.496377
1.89205
0.783527
0.891919
0.0894964
1.0115
0.244243
0.680747
1.03884
2.48139
1.35113
1.54862
0.521968
0.747249
0.762252
2.34624
0.697465
0.798517
0.469459
0.929614
0.565368
0.611379
0.905651
0.812868
0.6862
0.101933
0.544312
1.02015
1.00885
1.34612
0.593783
0.524239
0.268151
0.430067
1.23534
0.615311
1.24071
0.737257
2.24521
1.8354
0.366141
1.29722
0.651774
0.24728
0.485978
1.61753
0.268701
1.17552
0.706747
0.959692
2.47762
0.451169
0.770961
0.563399
0.402134
0.73223
0.213275
1.44193
0.49477
0.198096
0.655281
1.22763
0.519937
0.434639
0.752345
2.08513
0.360672
1.18739
1.06773
2.50432
1.22911
0.882634
1.39226
0.694107
0.83338
1.30535
0.358409
1.3261
1.07199
0.831587
1.09578
1.26874
0.647317
1.32811
0.501187
0.216778
1.44718
1.14108
0.831649
1.24395
1.21818
0.155072
0.162119
1.09277
1.0006
3.17082
1.00366
1.29689
0.515154
2.21791
0.873602
1.43792
0.521298
0.799327
0.99705
0.892647
0.922454
0.739721
0.345003
0.914787
1.64108
0.474889
1.95352
0.582516
0.590296
2.52954
2.68529
1.61724
0.517356
0.113124
0.222616
1.17834
1.19937
0.480639
0.708189
0.435637
0.477007
0.569129
1.43741
0.564576
0.826384
0.454851
0.1845
0.964425
1.50473
0.648339
1.23961
0.613584
0.21024
0.897168
1.37668
0.391699
0.821202
0.0473728
2.17243
0.824158
0.105386
0.48015
1.60873
1.62811
1.80889
0.31354
0.910726
0.948846
0.858774
0.934904
0.234585
0.662895
0.642645
1.49352
0.852824
0.591277
0.403003
1.37525
0.646797
0.739113
1.24406
0.870317
0.641212
1.862
1.71327
0.800173
0.51493
0.317787
0.546903
1.41377
0.722743
1.21105
1.15769
2.57717
0.581575
0.858561
1.47087
2.16634
1.01321
0.747712
0.476079
1.16659
0.811966
0.342636
1.10673
2.43114
1.73465
1.05445
0.859847
2.46931
0.154989
0.348397
1.27192
0.229335
0.521261
2.76228
1.02338
1.10015
0.698183
1.20122
0.956797
1.16879
0.478475
1.93551
0.996131
0.581798
0.621819
0.950845
0.929167
0.813309
0.744953
0.915815
0.545573
0.815923
1.21631
1.35772
0.256765
0.781939
0.916345
0.993451
0.75835
1.22634
1.569
0.503711
3.44613
0.806983
2.90918
1.52271
1.36509
1.21385
0.818457
0.268836
0.256726
1.58784
0.446109
0.704777
0.495983
2.79309
1.91156
0.690683
1.22932
1.30858
0.739877
2.0445
0.657145
0.206951
0.735391
0.0774257
2.13969
0.688572
0.144703
1.65015
0.541402
0.387744
0.150489
1.02127
2.39315
2.49599
0.487479
1.41971
2.1592
0.350593
0.770471
2.03901
1.17086
0.710789
1.24885
0.152256
0.126614
1.22799
0.179632
0.961434
0.59668
0.214629
1.4968
3.32839
1.82945
1.26342
0.477417
0.341268
0.426436
0.856625
1.38208
1.73112
0.606074
1.17267
0.375302
0.756114
1.13799
1.42948
0.396597
1.07945
2.1972
1.0373
0.890819
0.569145
0.588774
1.04095
0.267825
3.03791
2.87234
0.346939
0.766998
1.10669
0.491917
0.504608
0.780634
0.869769
1.41938
0.440227
1.12182
0.531692
0.333178
0.571768
1.51113
0.753514
1.16391
0.533627
0.45539
0.354664
1.50333
0.0722244
0.91869
0.496708
0.419791
0.541778
1.30085
0.155072
0.50203
0.299325
2.53266
1.11921
0.945583
0.787171
1.94759
0.569395
0.52191
0.218405
0.538686
1.10491
2.3009
1.0679
0.21499
1.11218
0.352647
0.668309
0.285887
0.783599
1.19179
0.0999575
1.28819
0.361423
1.1269
0.220549
0.00768228
2.54999
0.527429
1.31991
0.539652
0.780393
0.109446
0.838082
0.557759
0.659725
0.314027
0.462111
0.482998
0.435241
3.04647
1.30644
2.09162
0.652765
0.214028
0.444262
0.510084
1.01208
0.344333
0.582183
0.74337
1.44318
0.939973
1.09173
1.15241
1.57994
0.777022
1.32436
1.03554
0.179113
1.87998
0.588879
0.88842
0.599837
0.72115
1.6922
2.93
0.166811
1.69971
0.452049
2.12981
0.83027
1.33299
0.238467
0.519591
0.55923
1.44182
2.80865
1.72236
2.40616
0.646292
2.22446
1.05536
0.116346
0.716412
0.456958
1.0428
1.22997
1.81423
0.612689
0.908572
1.14505
0.557445
1.02794
0.183709
0.495064
0.690592
1.54609
1.83857
0.621209
0.667551
1.55627
0.9477
1.19207
0.29358
0.240501
0.61284
0.413275
1.01639
1.18819
0.606687
0.333193
0.262579
0.197894
2.13546
0.113882
0.0956277
0.431539
1.22882
0.902987
1.59062
1.60318
0.89284
1.34175
0.954659
0.597534
0.716564
1.8038
1.31293
1.20879
1.8135
2.40711
1.83661
1.0863
1.61357
1.38209
1.27499
0.433974
1.69564
1.77397
0.980778
0.174585
0.3907
1.99761
2.65778
2.01678
0.616947
0.721164
0.629998
0.947581
1.87406
0.876839
0.612076
0.459024
1.63129
0.282388
0.308289
2.37741
0.941997
1.17381
0.988507
0.233918
0.447286
0.559242
3.59651
3.23304
0.947112
0.372449
0.0758765
0.436948
0.588173
1.12021
0.591826
0.931618
0.982999
0.339223
0.508652
0.530372
1.00836
0.130473
0.404238
0.902141
0.815656
2.04864
0.869761
0.557592
1.07529
0.495581
0.318711
0.182915
1.38003
1.57124
0.467394
2.87702
1.57138
0.908974
0.218607
2.43146
0.975853
0.963911
0.368311
0.263582
0.561712
0.560646
0.928525
1.20029
0.641476
1.19185
2.11998
1.26764
1.5553
0.81167
0.525047
1.30589
0.967679
0.364022
0.58672
1.35103
1.83212
0.664733
0.386743
0.330388
0.433229
0.506873
0.417778
0.861506
0.302698
2.28057
0.683383
0.543071
0.364371
1.60968
1.4562
1.53439
0.536046
1.41259
1.50564
1.59784
1.54192
0.210324
0.774596
0.909985
0.720304
0.530495
0.459067
2.13119
0.453155
1.74891
1.44708
0.595277
2.50422
1.46291
0.23027
4.2312
0.561821
1.9199
1.54701
0.463038
0.515575
1.85421
1.54145
1.45604
0.444598
1.8879
0.151694
0.978392
0.897573
0.46236
0.892587
2.1551
1.49351
0.527249
0.340311
0.465559
2.659
0.578113
0.0590918
0.480042
0.439353
1.91868
0.287595
1.74464
1.24201
0.772792
1.06465
0.825838
0.738465
0.319924
2.56267
0.406044
1.43682
2.40419
0.065769
2.30138
0.653811
1.81817
0.271892
0.320702
1.22808
0.851438
1.0673
0.868218
3.36057
0.946887
0.896868
0.912614
1.44622
0.329624
0.461251
1.95177
2.31637
3.18449
1.40421
0.920231
0.561813
1.461
0.875126
1.05831
1.04644
0.805644
1.67571
1.27453
0.74017
3.00709
2.25706
0.297071
3.08715
1.77538
0.755771
0.857091
0.419111
0.979823
0.971871
1.57844
1.25933
2.06002
0.858847
2.17924
0.448717
0.372441
0.751849
1.51785
0.0638777
1.58454
0.354294
0.777858
0.645696
0.805444
0.467369
0.313197
2.45774
0.219186
3.19365
0.836208
2.1319
1.30614
1.68607
0.881541
0.851627
0.10242
0.156024
1.05038
0.476014
0.550938
0.777586
1.89804
0.66732
0.541036
1.57361
1.30042
0.444366
0.276383
0.501855
1.41068
0.301608
1.72093
0.403681
1.48539
0.798012
0.625292
0.152451
3.8369
0.184737
2.25986
2.93764
0.407096
1.79699
0.508359
0.382917
1.17894
1.23067
1.09558
0.505058
1.16314
0.893439
0.203497
0.792765
0.770707
0.0809857
1.11465
0.689975
0.835263
0.926205
0.569938
1.20276
0.230787
0.354642
0.692184
1.04543
1.76973
0.385078
1.33905
1.36022
1.51315
0.519745
1.83
1.39111
1.59812
1.49993
1.01707
1.50701
1.81559
1.1423
1.10773
1.49854
0.457224
0.67831
0.331721
0.690734
1.52694
2.88446
1.67354
0.960493
2.91364
0.733986
0.426261
0.71046
1.30754
0.644223
0.405644
1.35929
1.13057
0.4165
0.969083
2.11634
0.411444
1.64028
0.566333
0.624927
0.725409
0.634629
0.167954
0.152946
1.57855
1.47834
0.0406292
0.562946
0.924924
0.169632
1.96853
1.05251
2.96867
2.49893
1.29979
1.33354
2.04329
2.15599
0.310886
0.384726
0.680081
0.065557
0.958241
0.849603
0.335132
1.57174
0.31026
0.31441
1.17679
1.56082
0.395923
0.927662
0.955144
0.504817
0.798942
0.17205
1.26471
2.47044
0.946818
2.41865
1.07586
0.530793
1.88819
1.93457
0.602956
0.481683
0.170598
0.601236
0.522381
0.442357
1.06084
0.914792
1.21007
1.47044
2.88051
0.997917
0.136287
0.680909
0.494077
0.134322
1.33355
2.00901
1.75935
0.653012
0.565683
0.615277
1.91336
1.07409
0.728996
1.1233
0.733752
0.723968
0.0739541
0.893654
0.813616
0.51214
1.29896
0.686248
1.70358
0.399427
0.30605
0.798518
0.275174
0.0493023
0.616441
0.712674
1.6393
0.975034
0.547202
0.0677687
1.19633
2.5305
0.228243
0.381483
0.439184
0.239702
1.73632
0.367299
0.494999
0.3918
1.65369
0.306751
1.15314
0.219119
0.410043
0.647529
0.724318
1.87814
0.796772
0.210622
0.216893
1.09276
0.911888
1.39571
1.66255
0.713988
1.47023
1.30894
0.851925
0.968366
1.06979
0.273653
2.81748
0.154385
0.264027
0.74061
0.50157
0.397442
1.00038
0.457841
0.949288
1.07654
0.599321
1.06393
1.5354
2.20164
1.25878
0.334036
2.27088
0.867036
0.802404
0.381876
1.56104
0.653063
0.395194
0.559701
1.34425
1.27331
0.403685
0.514686
0.490966
1.53728
0.934869
0.667017
0.540803
0.448678
3.35632
0.0873243
1.8555
0.810069
0.920932
1.06996
1.27751
1.03551
0.176739
0.888309
0.599276
1.28748
0.652642
0.427901
0.973688
1.74594
0.418018
0.464132
0.0601891
0.892394
0.997053
0.235289
1.67036
1.19682
0.581218
0.795969
1.54698
2.00568
1.61736
1.46386
1.52188
0.476085
0.299553
2.4801
2.02467
0.93582
0.621049
1.71927
1.12922
0.377362
0.690196
1.04418
0.174781
1.12369
0.136202
0.970206
0.309905
2.35419
0.621039
0.322226
0.563358
0.50998
0.804849
0.614678
1.07821
0.599476
0.418902
2.56061
0.857756
1.06078
1.34234
0.649611
0.759172
0.414004
0.609675
1.25826
0.712414
0.992611
2.06502
0.265363
2.30023
0.311338
0.4361
0.383911
1.51936
0.611247
1.37652
0.73826
0.965337
0.656321
0.474565
0.856442
0.047985
3.02785
0.477919
0.808162
1.30635
0.715087
0.772455
0.564532
1.26743
0.187901
0.320012
0.997594
0.840241
4.09244
0.713944
0.65848
0.795449
0.818278
0.366803
3.05476
0.957987
0.473772
0.987566
2.35501
0.484664
0.236313
1.57428
2.11838
1.35285
0.879587
0.175916
1.6502
1.12073
0.718268
0.935315
1.2414
1.25012
0.854746
0.529387
0.792576
1.03503
1.12668
2.11772
1.23675
0.230825
0.928661
1.05205
2.07365
0.463704
3.05929
0.503958
0.905924
1.14494
0.386525
0.716203
0.889894
1.29242
1.58016
0.290112
1.33517
2.10229
0.197053
0.350911
0.13563
0.184512
2.7629
0.31114
0.847554
1.79451
0.712294
0.382043
0.246994
0.673997
0.843412
0.549023
1.80383
0.756513
0.406925
1.28969
0.0987048
0.602366
0.652605
1.12541
2.82011
0.412686
1.17414
1.73286
1.18268
1.5628
0.696443
0.862691
0.995079
0.986083
1.07246
0.128845
1.07788
0.983663
0.631253
0.479936
0.431884
1.3774
0.785326
0.546941
1.44677
1.30074
1.1684
0.724943
1.2763
0.440108
0.168249
0.290701
1.62853
0.397989
0.698242
0.995589
0.342811
1.2292
0.316721
0.343597
0.0492216
0.550831
0.717255
0.993418
0.742131
0.127633
0.225331
0.890327
1.18322
0.328994
1.05816
1.55371
0.267468
0.668315
0.390589
0.419601
0.292698
0.224638
0.983154
0.577589
1.42464
0.575968
0.756857
0.810014
0.691605
2.35089
0.524016
1.10651
0.89343
0.557699
0.738667
0.0767801
0.159616
0.965797
0.271535
0.280365
0.494859
0.455617
0.372475
0.233694
0.230632
0.0816627
0.929473
1.35877
1.58231
2.20821
1.86982
0.592797
1.44279
2.32163
0.949146
0.878218
1.81727
0.478199
1.06059
0.706658
0.327418
1.35645
0.416412
1.85973
2.54069
0.834144
0.253476
0.635791
0.747305
0.986141
0.828997
1.00067
0.988615
2.09233
0.147528
0.31472
0.6362
0.196713
1.16929
0.668237
0.928352
0.821948
0.405786
0.271332
0.518997
0.368918
0.176111
0.176475
1.5096
1.7045
1.47168
0.663553
2.06075
1.05076
0.526947
1.4388
0.228639
1.45748
0.126697
1.44802
1.23995
0.544308
1.82141
0.862541
0.385404
1.31764
1.45994
1.22534
0.605834
2.16408
2.38923
1.26242
1.28815
1.01834
1.26754
0.61306
1.27924
0.452012
0.0757396
1.11354
0.638166
0.876732
0.648531
0.410409
1.40725
0.612457
1.13594
0.470444
0.713264
0.206508
0.743797
0.240624
0.737041
0.909448
1.50462
1.56305
0.0660994
0.0341404
0.37121
0.587787
0.621994
0.41779
1.11713
1.21268
1.28266
1.56069
0.826832
1.0686
0.757609
0.968843
1.04057
3.97908
0.660667
0.219053
0.557806
0.244137
1.48632
1.5198
0.412017
0.574104
0.657869
0.912855
0.872028
1.9373
1.32691
0.265686
1.16314
0.079245
1.4188
0.395954
0.792058
0.653674
0.598009
0.392114
0.478066
1.17857
0.595296
0.763156
0.291352
0.431761
1.4524
1.86162
1.81465
0.884638
0.744968
0.21184
0.520382
0.940415
0.655582
0.486549
2.1943
0.576047
0.927819
0.186527
3.18896
0.230974
0.833897
0.556047
0.984056
0.292909
1.03267
0.261264
0.475665
0.625435
0.33314
0.690094
0.878225
0.616764
0.250757
1.38833
2.18756
0.765838
0.758319
0.89807
0.644829
0.598555
0.567126
0.881062
0.357143
0.465379
1.12769
0.34851
1.47859
0.299829
1.40975
1.2801
0.57801
0.468077
0.662753
0.534818
0.249969
1.42443
4.00153
0.787618
0.86848
0.665955
1.14809
0.0812514
0.244484
1.01354
0.215125
0.281372
0.269555
2.03971
0.206497
1.84116
1.20763
1.07809
1.64074
1.13468
1.31712
0.598413
0.92681
0.663658
0.854429
0.304523
1.70996
0.467129
0.695711
1.34226
1.9667
0.7747
1.36505
2.37441
1.27362
0.0283589
0.814547
0.359114
1.34502
0.545549
1.66627
0.838864
2.02354
1.53519
1.95195
0.366078
0.876793
0.580121
1.98949
0.33588
0.392555
0.701961
0.25128
0.621451
2.453
0.511768
1.11403
0.886295
0.558947
0.859139
0.497528
1.39927
0.740681
2.19194
1.04345
1.15975
1.91609
1.42503
1.93213
1.30467
0.688874
0.545382
0.257012
0.713679
0.865233
0.200145
1.94306
1.01659
0.337645
0.618612
0.271989
0.578959
0.711999
0.393032
1.08614
1.23887
0.811513
0.229625
0.595559
0.435015
0.567992
1.45141
1.0058
1.75464
0.727761
0.571204
0.348341
1.64244
0.200824
0.770511
0.983654
1.82043
0.723998
0.403977
0.138779
0.776029
0.444148
0.708604
0.502005
0.404635
2.19004
1.376
0.527489
0.556557
0.877121
0.866596
2.4576
1.12489
0.215253
1.48409
0.931567
0.43483
0.291286
0.483511
1.57436
1.11767
0.494577
0.829267
1.54579
0.463268
0.784496
0.240488
0.355825
0.458669
0.776168
1.48305
0.657085
1.53556
0.844041
0.987794
0.519531
0.201166
1.40039
1.84598
0.396552
1.32634
0.198553
0.436606
0.542067
0.787484
0.702626
0.359845
0.737653
1.05851
0.586739
0.669203
1.87369
0.264348
0.0658939
0.933022
1.53296
0.656931
0.234163
1.97516
0.0727816
0.646342
0.396496
0.31959
0.535676
0.477732
1.35441
1.37559
2.04575
0.13457
0.0347664
0.613261
0.267153
0.930947
2.01554
0.41802
1.81746
1.63284
0.741516
0.559029
1.10751
0.379151
1.83586
1.25046
1.68759
2.62561
1.95321
2.70862
0.808267
2.1871
1.30505
0.193689
0.157754
0.417228
0.64417
1.54292
2.51781
1.03668
0.171442
0.619229
0.340339
1.1945
0.172727
0.318035
0.252434
0.73949
0.357006
0.715785
0.703147
0.922168
0.455919
0.921986
0.729257
0.0412836
0.481726
1.33104
1.91757
0.268684
3.15128
0.45034
1.24881
1.6132
0.109696
0.261209
0.745521
1.48368
0.656547
3.28044
0.609788
2.20534
0.693871
0.199454
0.931465
0.77271
0.403093
0.606179
0.514976
1.24952
1.17233
0.469948
2.92561
0.97846
0.431212
1.00748
0.221274
1.65493
1.88627
1.85565
0.895352
0.42151
0.313039
2.02748
0.851683
0.565939
0.778155
0.682309
1.75252
0.805413
0.589263
2.88046
3.22167
0.875041
1.33094
0.235568
1.30177
0.8934
2.32793
1.01773
0.459501
0.641539
3.31055
0.031794
0.64813
0.686862
1.3599
0.762515
0.392797
0.387739
0.302763
0.893527
0.710875
1.39635
0.450801
1.09026
0.688189
0.737394
2.56229
0.237281
0.864186
0.990518
1.32013
0.177423
1.0234
0.502536
0.466633
0.764964
1.12833
1.99616
0.0235638
0.90658
2.88194
1.64396
1.55168
0.38583
1.89058
1.26592
1.22645
0.682463
0.305194
1.41743
1.25111
2.24176
1.46379
1.5089
0.633953
1.10431
1.18623
0.441152
2.06646
0.96803
0.559793
0.44728
0.528236
1.77989
0.421066
1.81586
1.62207
0.751532
0.679759
1.39785
2.11033
0.143892
0.548764
0.107987
0.702418
0.814213
1.18433
2.55171
0.849426
0.336413
0.880622
1.07504
0.54752
1.26516
0.367383
0.512425
2.36204
0.162197
0.356952
1.33891
1.33033
3.25293
1.99794
0.969929
0.701567
0.670192
1.15959
0.813301
1.11529
1.82676
0.0697252
0.180359
0.615153
1.1079
0.718
0.364509
1.11636
2.66608
0.65437
1.38325
0.712918
0.558001
1.2016
0.558269
0.51612
0.784784
0.720638
0.540293
1.00308
0.577126
0.270136
1.42122
0.133235
1.36359
0.649493
0.986718
0.117064
0.370031
1.38874
0.694236
2.22766
0.487812
0.057072
0.290871
1.09299
0.166189
1.37465
1.93382
0.515746
1.86178
0.983352
0.28661
0.7108
0.283633
1.05915
1.2307
0.978339
0.568893
0.64755
1.33617
1.17606
1.32969
0.492762
1.14037
1.17364
0.449608
1.36054
0.825143
0.833703
1.43011
1.05992
2.49456
2.11599
0.628812
0.522315
1.08958
2.05696
1.64798
1.66828
0.867062
2.21613
0.913757
1.75119
2.65237
0.725913
0.776731
0.723672
0.38195
0.495521
0.288618
0.795218
0.967197
1.50224
2.61702
0.411373
0.419937
0.88336
0.981872
0.76142
0.371087
0.463305
1.11767
1.22906
0.928361
1.29547
1.19738
0.725378
0.949551
1.03726
1.66515
0.206278
0.764265
0.793018
1.59467
0.524854
0.833085
0.493178
0.903145
0.793649
0.474007
0.32735
0.592635
1.26381
0.601084
0.614707
1.42777
1.24618
1.68282
1.07085
1.52768
1.61514
0.789446
0.1843
0.131252
1.39742
2.82136
0.71464
2.03348
1.16026
0.572596
0.510856
1.82381
0.837923
3.41587
0.506716
0.406039
0.75522
1.41229
0.477405
0.678234
0.0523695
0.209313
1.96182
0.560951
0.939061
1.23123
2.36424
2.14157
1.32909
0.303536
1.0341
0.281734
0.663712
1.43916
2.37925
0.241651
1.16142
1.50504
0.547789
1.22877
1.36545
2.75928
0.269125
0.664445
2.01128
0.50046
0.417643
1.94493
1.20846
1.6598
0.722739
0.988535
0.301451
0.627666
1.83972
0.685601
0.413695
1.06181
0.328423
1.23327
1.00358
0.192699
1.96611
0.617651
0.187496
0.432118
0.749539
0.323757
0.208471
0.807922
0.503912
1.23708
1.23558
0.985481
0.869228
2.16625
0.174558
0.658584
0.265164
1.53576
0.765058
0.456228
0.695561
0.656508
1.00956
0.295025
2.00288
2.5839
0.822591
0.279849
1.2102
1.99793
3.54939
1.94873
0.635698
2.42432
0.337183
0.163906
0.401508
2.02135
2.83373
1.07182
0.289664
1.83945
0.825087
0.601957
0.796338
0.429527
1.4632
0.421521
0.577541
1.36831
0.748009
0.885626
0.708325
0.485975
0.895598
0.132684
0.740167
0.47011
0.0725814
0.474154
0.759797
0.406865
1.14182
1.32657
0.597562
1.99184
1.33071
0.932536
0.321026
1.77265
2.41581
0.757272
2.26138
0.379441
0.285548
0.903148
0.954585
1.08346
0.887188
0.648021
0.984393
1.49344
1.73409
0.915507
0.406751
1.27302
1.54309
0.425382
0.634738
0.180202
0.386573
0.587146
1.07845
2.05767
1.40653
0.455978
1.87059
1.39525
0.906513
0.847497
0.481887
1.0423
0.750211
0.376765
0.299836
0.263572
0.875674
0.922629
1.20786
0.719729
0.789854
0.350421
0.776692
2.47736
1.28876
1.4045
0.843013
1.4366
0.54205
1.28505
0.863971
2.95599
0.0969748
2.56483
1.29583
1.08156
1.60311
1.36131
0.971287
1.29354
0.827771
0.890506
0.21874
0.257297
0.909991
1.21788
1.44811
0.749031
1.7648
1.28261
1.83435
0.313474
0.741344
0.687996
0.501927
0.459268
0.278585
0.545792
0.248652
3.07195
1.3203
0.879897
0.868529
0.411384
0.848846
1.36291
0.214025
1.55608
1.41756
0.652025
0.19993
0.526091
1.05846
1.32782
2.2982
0.395699
2.629
0.521648
0.981931
1.09994
0.228283
0.31896
0.375112
1.19981
1.43163
0.293968
0.692979
0.390879
0.967224
0.725459
0.978943
1.03003
0.820734
0.756389
0.143194
1.09094
0.954365
0.768538
1.76383
2.33913
0.469181
1.24078
0.224744
0.708241
2.03297
0.480252
0.938377
0.068502
0.44366
1.1209
1.49949
0.378849
1.04992
0.207398
0.344827
0.320204
1.22476
1.64268
1.79797
0.560037
2.05813
0.451876
2.04408
1.04968
0.677303
1.96089
0.787385
1.62092
1.07844
1.03565
0.482446
0.6843
0.760547
0.168172
1.24971
0.473776
0.668535
0.389029
1.3993
1.65617
0.412063
1.18249
0.841151
1.57924
0.886924
1.03074
0.578085
1.27902
0.758578
3.8063
3.93758
1.9133
1.41798
1.31769
2.80019
0.390087
0.519904
0.687507
0.528254
0.762761
1.07319
0.835698
0.641598
1.49829
0.828195
0.887927
1.03226
1.8616
3.34365
0.937786
0.32738
1.8518
0.420183
0.724172
0.330753
1.29214
1.16748
1.51338
1.22259
0.859334
0.54267
0.568398
0.493811
0.576117
0.670155
0.337111
0.72987
1.64443
1.64651
2.26231
0.870155
0.0650159
0.688674
0.197918
0.450423
1.55304
0.0494945
0.0922475
0.981709
0.474509
0.508244
1.25766
1.06292
1.47092
0.819183
0.554932
0.907454
1.76745
0.323096
0.432912
1.6723
1.49165
0.522585
0.310231
0.365801
0.527491
0.868126
0.427844
0.365135
0.984964
0.940333
0.442673
1.36544
2.49704
0.875856
2.18642
3.06616
2.89078
0.725787
0.58988
1.70506
0.640269
1.56577
1.5159
0.975772
1.30367
0.229969
2.52704
0.904276
0.555238
3.35676
1.03542
0.436602
0.312461
0.391762
0.495291
0.75901
0.606251
0.372971
0.703928
0.766682
0.170267
1.05943
0.539436
1.9875
0.961112
1.25834
0.854756
0.323102
0.341693
2.29482
0.544261
0.155768
0.29148
0.473657
0.651566
0.755485
1.59376
1.01869
1.26991
0.716775
4.16235
2.10257
0.140162
1.46939
2.54549
0.625054
1.28897
0.6322
0.577521
0.652978
1.53236
1.90808
3.80376
0.860025
2.00582
0.591442
1.17553
1.58891
1.0142
0.131522
0.63888
0.999242
0.432938
0.9572
0.663205
0.769621
0.1556
0.435452
0.772913
0.686079
0.686424
0.263032
3.17753
0.332765
1.92431
0.575997
1.17693
1.29753
1.48737
1.07137
0.756936
0.471282
0.290666
0.846373
1.52523
1.68191
0.831049
2.16353
0.0967974
1.43178
0.783098
0.934515
0.480836
0.104497
1.33307
0.446299
1.71689
0.613421
1.49316
0.176986
0.624847
1.27795
0.8929
1.41741
0.250474
0.669378
0.458298
