1.07702
0.939499
1.07938
0.999483
0.894652
0.933551
0.993172
1.002
1.02175
0.949381
0.979089
1.03198
1.03189
1.00518
1.05973
0.973969
0.931552
1.1598
0.876202
0.984422
0.958103
0.855361
1.01968
1.02269
1.06684
0.899581
0.886867
1.01978
0.923718
1.16613
0.973453
0.981857
1.01965
1.05401
1.04501
1.0897
0.993855
1.04699
1.08454
0.840852
1.04393
1.0958
0.983007
0.937986
1.03392
0.846762
0.805699
1.05122
0.956917
0.899608
0.90429
1.10298
0.913939
1.03406
1.19737
0.982884
1.00706
0.695943
1.00008
1.01638
0.889215
1.00456
1.09272
0.960808
0.967681
1.06045
0.93659
0.945053
1.07111
0.987046
0.984141
1.11029
0.850696
0.823366
0.954074
1.07501
0.868026
0.996306
1.01427
0.923729
1.12939
0.969877
1.08978
1.14365
0.994713
0.950078
1.01859
1.02098
1.01589
0.95477
0.835494
1.08608
0.923897
1.1063
0.960619
1.02145
1.14939
1.00305
1.00019
0.977696
1.15315
0.991038
0.837862
0.99152
1.06089
1.04284
1.05602
1.06062
1.04688
1.18324
0.964307
0.999297
1.09809
1.06069
1.14081
1.14011
0.926749
0.855779
1.01139
0.988818
1.25227
0.903484
0.903561
1.01704
1.0814
0.852753
0.959791
1.12213
1.02741
1.00086
0.877852
1.06763
1.2328
0.891758
0.938736
0.728473
0.742819
1.05655
0.9414
1.19782
1.09226
0.992132
1.11471
1.06198
0.925959
0.985705
0.871291
0.896541
0.962558
1.01724
1.01098
0.936442
0.794128
1.10592
1.19692
0.973599
1.09445
0.992634
1.07655
0.858083
0.974846
0.975332
1.04861
1.02067
0.952581
0.880807
0.970131
1.23667
1.00978
1.04224
0.972678
0.829089
1.25853
1.12795
0.986516
1.10418
1.08045
0.928466
1.12474
0.889558
0.996615
0.944168
1.08181
1.04082
1.04591
0.933411
0.99764
1.00631
1.05151
0.917949
0.887776
0.900332
0.943036
0.945855
0.947047
1.17305
1.09417
0.934332
0.892412
1.15201
1.11096
0.999654
1.17836
0.857969
0.985652
1.15787
0.948838
0.994021
1.22421
0.970077
0.937841
1.04276
1.0642
1.11805
0.969329
1.06462
1.07498
0.924452
0.916895
1.02771
1.07613
0.784956
0.906063
1.08862
1.0111
1.08989
0.974872
1.06122
1.02273
1.0539
0.855642
1.06499
1.1651
0.883555
1.09208
1.05181
0.883593
1.06424
1.05139
0.769563
0.984935
1.11726
0.887716
1.08314
1.0834
1.10559
0.934787
0.947697
0.986998
0.971267
1.03138
0.976119
1.04651
1.0352
0.952951
0.889843
0.913363
0.898619
0.915583
1.13198
1.09094
0.861273
0.898245
0.968931
0.869937
0.979587
0.989357
0.901232
0.924539
0.83335
0.983471
1.01979
0.998941
1.03088
1.01928
0.910936
0.839698
0.88764
0.881106
0.91268
0.934618
0.98855
0.86407
0.9365
1.10187
0.933103
0.922016
0.986457
0.99914
1.098
0.86799
0.967733
0.895727
0.984507
1.01597
0.858913
1.12705
0.912585
0.814863
1.106
1.05366
0.942096
0.777217
0.805824
0.869969
1.1674
0.977835
0.95178
0.74795
1.0515
0.898428
1.01952
0.798801
0.861572
1.19537
1.04699
0.951258
0.854965
0.803176
0.914737
1.00137
1.09134
1.03547
0.887869
1.01124
1.10854
0.969747
0.930416
0.928739
1.0327
1.11415
1.01041
1.0676
1.06479
0.969661
0.995975
0.920032
1.0697
0.957511
0.894713
1.15075
0.925525
1.13026
1.16182
0.869918
0.97946
0.91887
1.09909
1.13212
1.03558
0.971302
1.10606
1.02757
1.02034
1.19527
0.922833
0.981335
0.916217
0.955555
0.951691
0.934483
0.955152
1.09072
0.93862
0.911123
0.903545
0.929405
1.02678
0.943922
1.09462
1.1743
0.986279
1.02216
0.930191
1.1021
0.947673
0.909873
0.998414
0.974442
0.898971
0.984358
0.963386
1.06138
0.994204
1.00774
0.923282
0.878017
0.904465
1.04577
1.02014
1.06226
0.884623
1.00063
0.941325
1.09289
0.999666
1.03432
0.978393
0.991813
1.05791
1.00618
0.986791
0.950882
0.93303
1.0673
0.816204
1.03384
0.878064
1.09062
1.05987
1.14652
0.938291
0.981491
0.981876
0.85351
1.11844
0.993876
0.948391
1.05875
1.11206
0.948746
0.970251
1.15687
1.15937
1.0244
1.14359
1.06976
0.890457
0.963801
1.09771
1.13432
1.07755
0.998878
0.939226
0.964388
0.866978
1.0397
1.10175
0.991592
1.04008
1.04646
1.08119
1.07104
0.954905
0.972032
0.989057
1.23061
0.853675
0.960541
0.990763
0.917452
1.06074
1.16747
0.958785
0.907893
0.868635
1.0399
0.995223
1.02134
1.05058
0.925062
1.01411
1.06722
1.08696
0.941466
0.968144
0.94438
0.926415
0.902175
0.900197
0.907404
1.06823
0.984115
0.946388
0.912465
0.883461
1.12072
1.01144
0.930288
1.11883
1.06488
1.01774
1.18244
1.0006
0.85781
1.12954
1.03018
0.951868
1.01035
0.883315
0.815022
1.14784
1.05988
0.954826
0.768305
1.00537
0.878101
1.14075
1.02893
0.914135
0.950987
1.0844
0.931878
1.02882
0.904064
0.965733
0.960599
1.14339
0.997464
0.876096
0.918403
1.02529
0.980647
0.991677
1.08523
1.13117
1.0237
1.04955
1.02937
0.892003
0.890147
1.05304
0.898671
0.925456
0.971047
1.05901
0.971172
0.884581
1.07693
1.10661
0.938382
1.13323
1.17227
1.01148
0.919971
0.965181
0.88486
0.960436
1.0769
0.853663
0.869374
0.950846
1.12183
0.965913
0.946238
0.935568
1.02536
1.00576
0.932765
1.02724
1.016
1.03334
1.01086
1.21912
0.903042
1.05887
1.02004
1.11328
1.13565
0.928538
0.929818
0.918861
1.06102
0.98001
1.00683
0.988028
0.981812
0.961262
0.877012
0.947297
0.859396
0.780682
1.0939
0.918869
1.03559
1.0366
1.11293
0.981801
1.08916
0.843151
1.06002
0.95354
1.10852
0.939613
1.08442
1.04718
0.867108
0.947967
1.20519
1.00378
0.865916
1.01491
1.09197
1.11843
1.00379
0.99417
0.98869
1.12727
0.913961
0.985861
0.994072
0.879516
0.993016
1.02762
1.04883
0.830352
0.878144
0.851883
1.14835
1.24526
0.934092
0.836815
1.06094
1.13126
0.995318
1.11019
0.921281
1.18822
1.16932
0.808635
1.11168
1.04091
1.03581
0.833864
1.09613
0.94714
0.698155
1.11395
1.03208
1.0269
1.05002
0.979628
1.10967
1.00473
0.865264
1.17065
0.959379
1.00416
1.09416
1.039
1.04822
1.04606
0.904378
0.936022
1.06384
1.00668
1.09297
1.01649
1.08149
0.933758
0.997525
1.10807
0.941474
0.919929
0.971039
1.04824
0.871186
0.883711
0.926163
1.16772
0.969674
1.05972
0.907064
1.1388
1.13454
1.08228
1.06102
0.914406
1.00242
1.15183
0.954744
1.08435
0.96863
0.999899
1.01949
0.982118
1.04286
0.752429
1.10925
1.01226
0.952476
0.856815
0.999617
0.887543
1.08787
1.03879
0.894686
0.986615
0.852503
1.04437
0.90067
0.904576
0.825524
1.15134
1.0957
1.03809
0.891601
0.87953
1.0316
1.05286
1.06259
0.971449
0.939681
0.950538
0.984785
1.14046
1.15571
1.10291
0.946147
1.05673
0.763634
0.874884
1.03923
1.06957
0.995885
0.886944
0.969915
1.10451
0.965056
1.10678
0.960239
0.932578
0.978658
1.05759
0.973814
1.06622
0.848164
1.16127
0.848428
1.02126
1.00097
1.2334
1.0846
1.03389
1.01184
0.91822
1.09691
1.17287
1.05721
1.02293
1.2667
1.1612
1.14213
0.903998
1.01534
1.07423
0.970238
0.965122
0.861932
0.986734
0.979825
1.01429
0.966756
0.918215
0.847174
0.989812
0.871097
0.941211
0.968225
0.934957
1.368
1.0587
0.904984
0.973335
1.08506
1.01059
1.04597
0.948181
1.09781
0.994036
1.03226
0.821938
1.05359
1.06654
1.03656
0.798624
1.17462
0.911739
0.894552
0.927172
0.912597
0.8866
0.899501
0.972069
1.06716
0.875038
1.01212
1.12463
0.951862
1.1553
0.923695
0.998934
1.02635
0.98563
1.08748
0.98368
0.858725
1.07808
0.973132
0.848909
1.06978
0.922376
0.904292
1.02099
0.880573
0.964986
0.888921
1.02824
0.928701
1.02155
0.97032
1.05069
1.00437
0.887227
1.00167
0.860503
1.16656
1.01117
1.02219
1.10329
0.952606
1.04871
0.952067
1.08223
0.988207
1.02277
1.05055
0.974571
1.22681
0.95235
0.987642
1.02739
0.988337
0.890285
0.903704
1.09224
1.01123
1.0516
0.898875
1.0819
1.01306
1.12803
0.717693
0.785274
1.01251
1.30294
0.899756
0.771839
1.15527
0.815743
0.824871
1.04936
0.935613
0.927269
0.942435
1.07906
1.04828
0.860052
1.01252
0.79627
1.07694
0.885154
0.825241
1.06028
0.916417
1.10108
1.11417
1.11069
1.22518
0.897781
1.21096
0.890394
0.970035
1.00263
1.09934
0.958843
1.06248
0.960501
0.950315
0.869416
0.933276
0.747981
0.99808
1.07137
0.780626
1.05976
0.930229
1.08624
0.868356
1.01482
0.971461
0.958806
1.15357
0.944768
1.09168
1.05832
0.99319
1.18175
0.912928
0.891733
0.957617
1.06263
1.03281
0.918873
0.935129
1.02022
0.936484
1.07537
0.933322
1.15325
1.05506
1.07751
0.995903
1.05603
0.99272
0.956737
0.960892
1.02003
0.892499
1.1667
0.875861
1.16967
1.03651
1.04837
1.04089
1.0726
0.808033
1.13124
0.994535
1.13407
0.979858
0.980321
1.17462
0.850184
1.10522
1.01068
0.836274
1.12294
1.06819
1.10559
1.02168
1.04899
1.11259
0.978591
1.06706
1.01724
1.0189
1.01556
1.04628
0.961556
0.944963
0.920445
0.967694
0.996825
0.993681
1.15966
1.10312
1.10895
1.09473
0.992016
0.955068
1.01498
1.14813
1.22923
1.06871
1.00677
1.17068
1.00577
1.00581
0.945507
0.981213
1.01981
0.96488
0.990181
0.830107
1.00545
0.98233
1.28452
1.04943
0.846568
1.11842
1.01951
1.00993
0.987193
0.946812
1.15576
1.2301
1.00292
0.941874
1.10555
0.961309
1.05997
0.972028
0.968276
1.06359
0.968107
1.05774
0.975798
1.00153
0.996975
0.812536
0.962012
1.09226
1.10822
1.08643
1.05511
1.05381
0.972044
1.00841
1.04617
1.0083
1.11762
1.19823
1.00249
0.869274
1.20391
1.00221
0.986602
0.824691
1.01615
1.09125
0.951629
0.884642
0.942164
1.00213
1.11184
0.991866
0.943094
0.852501
0.961407
1.07063
1.02492
1.04826
0.935423
0.870742
0.973276
1.18438
0.893269
0.792896
0.901014
0.875066
1.12927
0.977244
1.13757
0.964488
1.01853
0.95639
1.02626
0.89038
1.05442
1.09644
0.921805
1.20494
1.02339
0.960267
0.936327
0.938983
0.875844
0.913711
1.00254
0.895096
0.929273
0.918953
0.988173
1.22046
1.06646
0.989939
0.936892
0.925913
1.00824
0.961567
1.15359
0.992199
0.93866
0.998763
0.999597
1.12928
0.968237
1.08219
0.947433
0.964289
1.12257
1.0129
1.06333
1.03517
1.13434
0.867225
1.10508
1.13272
1.08582
0.854801
0.825118
1.17543
1.03664
0.966456
1.09553
0.825792
1.02753
0.908798
0.895617
1.05441
1.11074
1.00862
1.04285
0.917535
0.829487
1.11529
1.08095
0.921877
1.16357
0.881427
0.936025
1.00585
1.00916
0.975885
1.13438
0.955932
0.981299
1.06333
1.00003
1.09336
0.88284
1.03854
0.864327
1.0869
1.12478
0.859213
0.968085
0.882717
1.04077
1.01062
1.05676
1.11337
0.988747
0.884281
1.06619
1.05555
1.07171
1.0898
0.808849
0.909301
1.11355
0.990041
1.04865
1.16859
1.12709
1.42578
0.912448
1.14059
0.95884
1.01161
1.16137
1.07473
1.19237
1.05089
1.05337
1.05911
1.03502
0.958241
0.872516
0.891338
0.932434
1.04389
0.999887
0.865304
1.23792
1.20737
1.07837
1.15579
0.915516
0.882448
0.868447
0.853012
1.00763
1.2512
1.00253
0.975421
0.932892
1.23961
0.979421
0.994335
1.2295
0.963019
0.951614
0.883668
1.0395
0.961523
1.00982
1.07191
0.911487
0.952779
0.948898
1.07871
0.907263
0.905043
1.01346
0.839643
0.952687
0.994879
1.10437
0.928631
0.932211
1.30036
0.991596
1.04006
1.10926
1.01601
1.07
1.00643
1.05868
1.01712
0.954245
1.01919
0.931878
1.17067
0.91777
0.962609
0.995845
0.899632
0.980502
0.99564
1.02867
1.01872
1.07205
0.910568
0.975669
0.795285
0.943442
0.934235
1.04806
0.831298
0.948098
1.28395
0.990239
0.936342
1.00583
1.02349
1.05049
0.909372
0.869486
1.08923
0.951339
1.08574
1.0243
1.07875
0.86232
0.908293
0.99954
1.22899
0.94679
1.10282
0.972358
0.974353
0.912352
1.0678
1.08329
0.843857
0.94882
1.16326
1.05672
1.01286
0.996824
1.03738
1.09211
0.922411
1.14131
0.894141
0.927643
1.01435
1.07106
1.02159
0.886476
1.20242
0.963579
1.07461
1.0396
0.931425
1.04351
1.05098
0.891842
0.981615
1.02139
0.993521
1.03359
0.871513
1.01728
0.897624
0.976942
0.845226
1.01094
0.982306
0.87521
0.996511
0.981838
1.10628
1.06449
1.09334
0.958697
0.911172
1.06932
0.954288
1.0978
1.08382
1.00389
1.01887
0.906522
0.832282
1.04816
1.05638
0.991103
1.14264
1.18468
1.03933
0.891302
1.175
1.12262
1.05002
1.02911
0.943541
0.914504
1.02099
0.994409
0.728
0.852688
0.929134
1.00197
0.961819
0.922487
0.898041
1.31085
1.041
1.19063
0.892499
0.998494
0.896983
0.954652
0.832685
0.964828
1.13958
1.01477
0.974097
1.01297
1.03372
0.955743
1.20231
1.03022
0.951916
1.08875
1.11868
1.00693
1.18551
0.965048
0.982902
0.891932
0.946367
0.960606
1.02854
0.890537
0.92084
1.00125
0.907242
0.800375
1.03692
1.05235
1.03019
1.08788
0.848477
1.08973
1.09147
1.02798
1.01087
0.999571
1.12558
0.955676
1.04649
0.889282
0.884676
0.944218
0.859739
0.898867
1.00023
0.773768
1.10098
0.894135
0.958845
0.992904
1.14255
1.12689
0.976621
1.05989
1.02101
0.870424
1.09931
1.05903
1.01824
0.908156
1.20204
1.06185
1.00769
1.11152
1.08038
0.849115
1.03479
0.97019
1.15122
0.949712
0.953052
0.888898
0.926434
0.867494
1.05773
0.834127
1.00501
0.932701
1.0283
1.09802
1.07332
1.09602
1.19256
0.953052
0.820557
1.22181
1.11697
1.01279
1.14999
1.09384
0.832402
0.963972
0.991043
1.03932
1.08193
0.970289
1.02333
0.834492
0.992912
0.85146
0.823269
1.06935
1.07828
0.947766
0.826413
1.11005
1.08166
0.883935
0.836116
0.956849
0.966545
0.877497
1.04818
1.0272
1.01816
0.944104
0.891927
1.00833
0.882451
1.05437
0.994426
0.980674
0.968333
0.922005
1.00304
1.06571
1.06026
0.99017
0.913581
1.17441
0.907113
1.05011
0.925343
0.915102
1.01931
1.02475
0.977664
0.799403
0.929817
1.01959
0.982606
1.06127
1.06296
0.943669
0.962701
1.05404
1.03657
0.895915
0.951895
1.11843
1.02372
0.969171
0.917532
1.12212
1.16608
0.871796
0.852578
0.95646
0.846003
1.09058
0.929401
1.15638
0.990232
1.10536
1.00733
0.926213
0.811305
0.897964
1.04541
0.953191
1.14354
1.07931
0.939698
0.952665
1.00042
1.01116
0.937919
0.929272
0.951811
0.963827
0.990684
1.13246
1.07819
1.00582
1.00283
0.964966
0.964685
1.05664
0.964382
1.10347
0.859875
0.814451
1.0032
1.1188
0.935237
1.03122
1.13536
1.00899
0.903936
0.938891
0.851659
1.01952
1.09644
0.956831
1.25038
1.10566
1.00957
0.957879
0.918978
1.01309
0.896101
0.957529
0.961171
1.0658
0.890382
0.922351
1.04778
0.940054
0.900204
1.05096
0.932024
0.987318
0.979441
0.889358
0.848735
1.15732
1.0322
0.914856
0.975632
0.895644
1.07864
1.05452
1.16012
0.974884
1.04588
0.948524
0.919487
0.804475
1.15878
1.02686
1.09753
1.07683
0.965289
1.17965
0.89158
1.17655
0.973893
1.05936
0.863557
1.0495
0.98387
0.891971
0.923376
1.1389
1.03012
1.07334
0.927808
0.9738
1.03502
1.1404
0.954953
1.00603
1.18269
1.04387
0.989165
1.02477
0.95587
1.06119
1.14486
1.01172
0.96984
0.967085
1.06472
0.946585
1.07355
0.951867
1.1698
0.803202
1.13083
0.930189
0.949539
0.929322
0.86924
1.1545
0.88998
0.942627
0.892862
1.12051
1.09217
1.05509
1.00641
0.908522
1.10285
0.864049
0.979632
0.916858
1.10235
0.8387
1.04772
0.79486
1.05395
1.00158
0.978711
1.01887
1.10312
1.18083
1.11011
1.15413
0.979666
0.994914
1.04677
0.882415
0.942222
0.97962
1.02378
1.1241
0.971749
0.795158
1.119
0.982262
1.02713
1.00805
0.987374
1.07299
1.07393
1.02083
0.910295
1.01159
0.844988
0.949403
0.914299
0.991624
1.14882
1.07696
0.908228
0.834421
0.962154
0.876883
1.05107
1.06933
1.03588
1.11826
0.851794
0.900357
0.946885
1.14869
0.959223
1.06297
0.874909
0.871787
1.01874
1.03409
0.886071
0.841622
1.01612
1.05744
1.01415
0.910121
1.08355
0.946949
1.04618
0.98157
0.982836
0.890611
0.935678
1.04253
1.25032
1.06371
0.882578
1.01984
0.905449
1.02633
0.947582
0.916126
1.0262
0.867629
1.09743
1.0402
1.02821
1.21416
1.11461
1.00352
0.936633
0.995417
0.996959
1.01037
1.07293
1.11525
1.15463
0.935941
0.997891
1.05977
1.0847
1.06749
0.95018
0.967122
0.972487
1.08402
0.955525
1.13688
0.892795
0.9986
0.979922
1.02431
1.11434
0.938044
0.837282
1.0613
1.1867
1.00235
1.01958
1.06755
1.08343
0.998892
0.922561
1.01501
0.893186
1.01028
1.06629
1.16773
1.00537
1.01745
0.988084
0.929255
0.953132
0.967871
1.09878
0.955479
1.11702
0.87386
0.989184
1.05081
0.945488
0.870962
0.926284
0.975074
0.961118
1.1522
0.980424
0.945847
0.984415
1.22092
0.927737
0.922735
1.06825
0.9317
1.07308
0.861602
0.993736
0.934358
1.05208
0.956796
0.939411
0.962785
0.921531
1.06067
0.984017
1.00006
1.00041
1.06257
1.01077
1.02096
1.07557
0.939999
1.09848
0.947466
1.16953
1.0316
1.10652
1.03866
1.07631
0.928271
1.08567
0.968301
1.07049
1.00071
0.952139
0.957885
0.990286
1.03471
0.999282
0.979167
1.14044
1.20806
0.94047
0.983761
0.819595
0.987541
1.05837
0.956053
0.98355
1.06817
1.04704
1.12652
0.936856
0.976302
1.06973
0.955628
1.12029
0.910358
1.03488
1.12033
1.12136
1.19461
0.963461
1.01596
1.02098
0.988468
1.2006
0.891102
1.18392
0.929607
0.872544
1.07068
0.876437
1.06186
1.06119
0.888442
1.02032
0.881582
1.10045
1.14819
0.907086
0.994255
1.03751
1.08408
1.04373
0.953679
1.16833
1.00343
0.864443
0.99135
1.08048
1.00385
1.06713
0.918931
0.784878
0.96875
1.10517
0.946605
0.972228
1.08305
1.03758
1.00576
0.971734
1.18435
1.17704
1.13814
1.06026
0.949287
1.16149
1.16184
1.00011
0.878258
0.898723
1.21792
0.863453
0.98392
1.11016
1.04023
0.947095
1.01317
0.998432
1.10749
1.03437
1.06224
0.923098
1.08915
0.986954
0.930824
1.01846
0.881052
0.980828
0.968849
0.953871
1.07961
0.920009
1.00671
0.9547
1.03639
0.989521
1.01408
1.00153
1.03286
1.11917
0.908292
0.850564
0.722134
0.924853
1.09574
1.0249
0.84352
0.988559
0.974168
1.01253
1.08565
0.893822
1.19525
1.17929
0.806087
1.02214
0.892359
1.13064
0.904553
0.982987
0.975644
1.02922
1.12157
0.84734
0.9133
0.919437
0.827823
0.815989
0.887092
0.910181
1.02761
0.835074
1.0544
1.09275
0.927376
0.941498
0.94551
1.03174
1.06981
1.008
0.753808
1.07844
1.06795
1.09929
0.933466
1.07378
1.12737
1.05546
1.01446
0.959338
0.994355
0.977841
1.01408
0.882808
0.956225
0.856958
1.12191
1.05861
1.10625
0.931471
0.862569
0.946194
0.901827
1.06361
1.099
1.06149
0.938249
1.01849
1.1165
1.10835
0.941337
0.84937
0.777843
0.907603
1.1166
1.06388
1.12564
0.797837
0.992636
0.905079
1.01281
1.00001
0.981235
0.93986
1.08077
1.0535
0.896372
0.967946
1.14897
0.990916
1.00024
0.99072
0.777409
1.00867
1.14889
1.04213
0.997966
1.02181
1.15514
0.923471
0.975052
0.909892
1.01806
0.880354
1.08435
1.07275
0.996854
0.844012
1.07019
1.15226
1.01397
0.968278
0.958328
0.996525
1.2674
0.879412
0.845782
1.08023
1.06742
1.01414
1.05098
0.922299
1.0681
0.922822
1.09195
0.837507
0.929008
1.08642
1.0206
0.852082
0.862484
0.996476
0.942555
1.15058
0.947149
1.09299
1.0305
1.10792
0.896606
0.957823
1.01033
0.955555
1.07065
0.908186
1.10819
1.00276
1.11151
1.0965
1.01367
1.08894
1.06785
0.827423
0.930546
0.979024
1.133
1.21428
0.921858
0.911158
1.04338
1.14888
1.00872
1.01229
0.78057
0.903402
1.0221
0.937856
0.9635
0.998152
0.983742
1.07617
0.878127
1.11412
0.864279
0.997432
1.08986
0.893098
0.800748
1.0922
1.08798
1.05781
1.10241
1.04354
1.11207
1.0618
1.06879
1.00926
1.13252
1.09632
0.996995
1.19002
0.914457
0.911034
0.855368
0.96908
0.998194
1.0445
0.979274
0.701384
1.06229
0.998715
1.0721
0.936371
1.01467
0.990019
1.01067
0.95726
1.21608
0.890105
0.967719
0.888347
0.906351
1.04682
0.895543
1.13492
0.88276
1.05379
0.994797
1.02884
1.18666
0.911107
0.985114
0.993344
0.963454
0.914196
0.844041
0.890409
1.03117
0.985442
0.995148
0.91153
1.05028
0.957786
1.03447
0.905239
1.03867
1.12174
0.858815
0.967017
1.03668
1.1272
1.03734
1.19377
1.01156
1.00239
1.13194
1.12888
1.03749
1.0724
1.05196
1.06315
0.939089
0.886165
1.14307
1.21517
0.933658
1.06414
0.990023
1.09494
0.945711
0.938737
1.08165
0.970874
0.945996
1.10472
0.964821
0.898317
0.921319
0.906816
0.905639
1.00691
0.938422
1.01289
1.22157
1.05167
1.10451
1.01484
1.13761
1.00534
0.903582
0.923854
0.8975
0.894192
0.956316
1.05357
0.849039
0.909273
0.893131
0.808698
1.05823
1.06726
0.987824
0.885394
1.05232
0.945751
0.979825
0.958915
0.989739
1.00711
0.878297
0.957625
0.79876
1.00131
0.996989
1.06095
0.885854
0.930188
0.987157
0.986717
1.23376
0.937764
0.909806
1.03082
0.870171
1.0716
0.954545
1.00959
0.945465
0.785496
1.00431
1.1077
0.949567
1.01668
1.07929
1.00953
0.91931
1.04119
0.952119
1.02922
0.971691
1.00311
1.2433
1.05821
1.16296
1.1995
0.985507
1.14986
0.89144
1.14226
0.89136
1.03463
1.06406
0.835283
0.917619
1.14624
1.12272
0.838616
0.95317
0.939957
0.993202
1.01989
0.948915
0.850451
1.07772
0.985752
0.971261
0.974004
0.973592
1.06523
0.989881
0.796562
0.988093
0.775563
0.885292
0.802059
1.0451
1.13847
0.961237
0.842053
0.829284
0.896874
1.01829
0.885497
0.867708
0.823202
1.11243
0.944446
0.975873
1.03155
1.16999
0.877305
1.02833
0.905245
0.880358
1.07724
1.07594
0.960537
0.805422
0.862487
1.05844
0.935309
0.896037
0.929859
1.00331
1.07602
1.05757
0.976656
0.991197
0.809329
0.976386
1.0383
0.988308
0.816523
0.984875
1.15829
1.01333
0.873406
0.882498
1.14996
1.15881
1.04798
1.04717
1.21396
0.929785
0.842763
0.835428
0.819016
0.944258
1.04888
0.949833
0.928702
1.04054
0.964331
1.08125
1.02844
1.00947
0.877293
0.969244
0.934288
1.23978
0.816554
1.12251
1.04592
1.06609
0.906415
0.9709
1.0558
0.99972
0.959479
0.867354
0.92984
0.957723
1.03371
0.941802
1.092
0.940113
0.956831
1.15293
1.11588
1.07462
0.878204
0.923192
0.912441
1.00693
0.880915
0.894732
1.04387
1.06833
1.29068
1.1454
0.981666
0.987692
0.911133
0.884254
0.926055
0.779197
1.12501
0.950377
1.08899
0.864567
0.829096
1.03426
1.20201
0.956851
1.13863
0.898557
0.852273
1.13486
0.964993
1.0697
0.972565
1.03397
1.05585
1.02827
1.07379
0.990345
1.00717
0.95661
1.01284
1.07323
1.05916
0.960348
0.965838
0.798213
0.891067
0.942626
0.687193
1.08985
0.997659
0.852491
1.01062
0.956149
0.926801
0.989626
0.844639
1.05537
0.958031
0.989576
0.956764
1.1596
1.04548
0.865892
1.12297
0.945286
0.918514
1.16883
0.899617
1.10195
1.00144
1.14325
1.01047
1.17697
0.998864
1.02034
0.956277
1.06439
0.924336
1.00539
1.07118
1.06885
0.973017
1.07141
1.16554
1.10768
0.910706
1.06604
0.882698
0.955137
1.24772
0.954635
0.884333
1.08009
1.03132
1.0286
0.885298
0.933112
1.08739
1.00042
1.13879
0.960929
0.986521
1.04413
0.922277
1.10368
1.00004
0.943184
1.33197
1.26628
1.1192
0.985548
0.994345
1.06496
0.995559
0.93441
0.909292
1.07354
0.888221
1.0612
0.882806
1.03251
1.04659
1.16711
0.956975
0.976386
1.17951
0.873831
0.983153
0.916507
0.894814
1.02569
1.17731
1.09423
0.944898
1.0068
0.94474
1.12738
0.957055
1.04672
1.19327
1.10793
0.960163
0.873686
0.849202
1.08149
1.12672
0.807086
0.894888
1.04496
1.27284
1.17862
0.883329
0.886449
1.05466
1.00973
1.0061
0.940872
1.11377
1.12094
0.959178
0.878594
1.24336
0.830548
0.956372
0.939683
0.91373
0.918197
0.834127
0.847391
0.96972
1.02313
1.01392
0.892122
1.11657
1.08144
0.996771
0.932919
0.898604
0.910227
1.04087
1.05354
0.938186
0.861435
0.933687
0.792155
0.843729
0.919718
1.1694
1.01082
1.11508
0.930137
0.949456
0.870497
0.955685
0.879077
0.922864
0.912122
0.966371
0.869967
0.880646
0.912399
1.02
1.13261
0.992723
1.21233
1.00445
1.1024
1.08377
0.928644
0.991625
0.936484
1.08128
0.903331
0.967723
0.967186
0.956739
1.02023
0.947739
1.10895
0.984498
1.19327
1.01552
1.028
0.937977
1.16572
0.983006
1.09579
0.877827
0.829965
1.01737
0.914946
1.01822
1.03996
0.983845
0.912553
1.10028
1.06941
1.02656
1.11708
1.05844
1.12413
0.819412
0.94472
1.1307
1.08149
1.10555
1.15955
1.17616
1.18305
0.978105
1.06855
1.00163
0.926181
1.07373
1.08733
1.03489
0.971372
0.989977
0.994261
1.01105
0.907422
1.14406
1.09496
1.08745
1.0631
0.940376
0.858169
1.29282
0.981786
0.969129
0.858987
0.949462
0.997874
0.791053
0.861414
1.03979
1.08261
1.02833
0.990005
1.03586
1.03615
1.11851
0.97433
0.845136
1.16234
1.17795
1.11807
1.21855
0.841973
0.920838
1.10673
1.02279
0.939686
1.08224
1.05438
0.779637
0.975807
0.89109
1.01367
0.859614
0.963208
1.00707
0.922271
1.08568
1.01149
1.11071
0.961214
0.912609
0.88474
1.01256
1.06592
0.993337
1.06156
1.01529
0.978852
1.02738
0.885696
0.898501
0.882965
0.812415
0.89725
0.988011
0.836496
0.910119
0.971565
1.02425
0.989426
0.988611
1.04375
1.02387
0.879996
1.02223
1.08327
0.908836
0.800484
0.993177
0.917149
0.931954
0.934462
1.14267
0.995215
0.954097
1.2
0.914361
0.837917
1.21125
1.04526
0.821248
1.05297
0.844708
1.10945
1.1249
0.85593
1.04255
1.0799
0.878385
0.994108
1.06695
0.866542
1.06326
1.15926
0.960005
1.11648
1.04491
1.0184
0.823841
0.894053
1.08713
0.989142
1.0397
0.953454
1.06077
1.0724
0.941574
0.929927
0.950585
0.958778
1.02622
1.05769
1.08104
1.11276
0.891819
0.916938
1.06995
0.948595
1.01968
1.17263
1.12993
1.07011
0.895642
0.968473
0.863391
0.865246
0.895367
0.936919
0.921889
1.02001
0.907889
0.958124
0.945453
0.929156
0.915961
1.10134
1.03137
0.980659
0.954809
0.900662
0.933598
1.05368
1.04838
0.985536
1.052
0.907081
0.894443
0.997213
1.10006
1.07236
1.12622
0.931616
0.962104
0.835093
1.02279
1.11718
0.990173
1.05488
1.03654
1.0305
0.949952
0.910521
0.950408
1.12995
0.922338
0.90756
1.06165
1.13151
0.966895
0.956481
0.892059
0.825616
0.971255
1.05437
0.865757
1.07437
1.06532
0.981872
0.833912
1.00957
0.982041
0.939471
1.1418
1.02772
1.18452
1.07031
0.889912
0.914588
0.975488
1.05234
1.11211
0.912685
0.90129
0.970831
0.851177
1.04294
1.11042
1.06618
1.07862
0.907767
1.08127
0.873215
0.9934
1.07082
0.884167
0.840252
0.979745
1.0052
0.97084
0.912989
0.954733
0.97943
1.19676
0.945682
1.0064
1.1101
1.10057
1.23991
1.10975
1.13837
0.976451
1.00592
1.13143
0.848852
1.09669
1.01031
0.942985
1.16656
0.984416
0.99338
1.04306
1.07368
1.04563
0.937587
1.19863
0.910932
0.938228
1.08088
0.948849
1.23504
1.17791
0.878363
0.977739
1.00536
0.999727
1.06954
1.2648
1.05904
1.0183
1.0592
0.901838
0.962665
0.888346
0.900345
1.23659
0.992573
1.19034
1.11224
1.17811
1.06826
0.89825
0.965998
0.981727
0.90605
0.874816
0.94503
1.08174
1.22125
1.19356
0.999632
0.921487
0.943599
0.984825
0.996183
0.939295
1.05309
0.767091
0.898397
1.02515
1.00571
1.06383
0.82952
0.851856
1.08418
0.916431
0.879655
0.951233
0.872477
0.81646
1.00859
0.92487
0.931474
0.985544
1.13142
1.06186
1.10564
0.904383
0.915383
0.883512
0.997875
1.04122
1.21077
1.2328
0.958205
0.870667
0.983349
0.885533
0.775784
0.942407
1.01471
1.00541
1.02451
1.05666
1.03413
1.17064
0.973544
0.949961
0.950573
0.818532
1.16491
0.997939
0.923012
0.99444
0.818551
0.747918
0.884764
0.896903
0.818601
1.11692
0.837642
1.19228
1.0681
0.844364
1.16725
1.00192
1.00659
0.952753
1.00993
0.874057
1.04431
0.939523
0.839708
1.0809
0.802059
0.959159
1.21418
1.0213
1.00943
0.96435
1.1157
0.817026
1.13685
0.853128
1.09583
1.17221
0.866047
0.987136
0.898596
0.973741
1.07719
1.06959
1.1282
1.09908
1.22795
1.07548
0.970652
0.919466
1.01652
0.917557
1.11137
1.07305
0.928897
0.935441
1.08791
0.837104
1.19876
0.934039
1.03802
1.05781
0.938617
0.96051
1.37954
0.821773
0.926985
1.17602
0.876587
1.19123
0.948422
1.03841
0.960536
0.93334
1.12436
0.964801
1.19719
0.976981
0.881351
0.864876
0.989151
0.958386
1.08907
1.12055
1.13506
1.05699
1.07186
0.982255
0.842432
1.10087
1.31139
1.03688
1.07097
1.03261
0.970632
1.05862
1.03972
0.857996
1.03963
1.15843
0.921654
1.03664
1.33499
1.00679
0.846165
0.872977
1.05334
0.87249
0.946384
1.1295
0.969369
0.873202
1.09039
0.969377
0.894844
1.08471
1.01687
0.932876
0.937731
1.0054
0.973436
1.08968
1.06192
1.01921
1.05871
0.995042
1.02818
0.999194
1.17196
0.902861
1.12542
1.00685
1.07179
0.96434
0.910181
0.99303
1.00822
1.03791
1.0672
1.07195
1.10294
0.988122
1.08364
0.780211
1.03639
1.07579
1.15701
1.10912
1.15494
0.948023
1.01527
1.05712
1.07623
1.00536
1.00816
1.06587
1.00975
1.03546
1.1256
1.10375
0.862523
0.860268
0.959848
0.984821
1.09694
1.0802
0.859497
0.991504
1.09698
1.08462
0.968759
1.04348
0.962965
1.04709
0.897239
0.893258
1.10117
0.914538
0.93776
1.07952
0.93969
0.925851
0.858099
1.16581
0.992189
0.954898
0.982371
0.915395
1.26338
0.97334
0.803783
0.983028
1.19298
1.12773
1.11073
1.02119
1.00022
1.10792
0.96617
1.02119
1.07072
0.990256
1.14251
0.915201
1.05861
1.0578
1.08897
0.947847
0.907172
1.1572
1.11865
1.16663
0.833347
1.05724
1.03395
1.02273
0.964278
1.12576
1.0677
0.906999
1.20589
1.06654
0.988841
0.959587
1.11614
1.14474
0.935388
0.784028
1.06494
1.00646
0.882034
1.01485
0.955974
1.01607
1.0267
0.996979
1.05893
0.967205
1.05801
0.990578
0.9748
0.913025
1.10037
1.04804
1.12256
1.12903
1.11339
0.810089
1.01413
1.11623
0.886563
0.949098
0.789838
1.01438
1.06161
1.06258
1.04887
0.971871
1.02602
1.03914
1.0271
1.2203
1.02668
0.786998
1.19058
1.03811
1.08795
1.01053
0.827951
0.896445
0.981202
1.11871
0.918914
0.89361
0.885334
0.917359
1.05998
1.08387
0.943863
0.932299
1.24802
1.06955
1.06635
1.13271
0.967234
0.996999
1.15513
0.877279
0.929556
1.00302
1.03051
0.828844
0.982739
0.875863
0.961842
1.18373
1.00495
1.13277
0.917227
1.01694
0.916798
0.91175
0.921195
0.976146
1.05147
0.819638
0.930345
1.06838
1.09793
1.00033
0.912805
1.11186
0.958431
1.17394
1.00604
1.15662
1.01739
0.810114
1.01525
0.845188
0.817325
1.10603
0.886859
1.03071
1.01032
1.02152
1.15717
0.884979
1.09899
0.905477
1.06017
1.21369
0.970292
1.01811
1.08526
1.03328
1.21087
1.08376
0.956071
1.19788
0.970594
0.939153
1.02954
1.00548
1.00242
0.877014
1.12209
1.0195
1.03321
0.967842
0.87384
1.08393
0.948106
1.008
1.0142
0.947309
0.863825
0.95159
0.929807
0.866391
0.995441
0.864045
1.0436
0.98972
0.982621
0.932623
0.929933
1.00799
0.939712
0.97921
0.965656
0.928879
1.14297
1.15897
0.994651
1.01495
0.916647
0.98943
1.03903
1.01923
0.889345
0.920184
1.16315
1.16651
1.07556
1.10341
0.933304
0.85346
0.995193
0.912225
0.801832
1.14391
0.972293
1.06536
1.06256
0.805114
1.19053
0.874637
1.07863
1.11984
1.12654
1.04023
1.08218
0.928707
1.00979
1.14938
0.844197
1.07586
1.13914
1.00825
1.04032
1.08431
0.790829
1.09848
0.931243
0.92142
1.0845
1.27243
0.902326
0.961873
0.983474
0.919966
1.13784
1.05825
1.09831
0.915178
0.908172
0.907318
0.807398
1.00759
0.90056
1.05063
1.17733
0.923746
1.05733
0.982321
0.910469
1.01526
0.928188
1.07835
1.07636
0.986009
0.942091
1.05183
0.859085
0.893881
0.949349
1.0183
1.01867
0.987125
1.1118
0.979498
1.09624
0.949441
0.858497
0.905749
0.913935
1.00131
0.880285
1.00407
0.962392
1.02776
0.857948
1.0215
0.949022
0.857751
0.934501
1.11087
0.988112
0.876798
1.23231
1.00694
1.11248
1.11506
0.916448
0.921171
0.986862
0.961863
1.05934
1.13765
0.842106
0.962799
1.10078
0.979411
1.28928
1.05019
0.986967
1.09817
0.997756
1.04941
0.922013
1.18487
0.951564
0.896398
0.86891
0.777117
1.01623
1.03925
1.03483
1.06109
1.04037
0.951714
1.085
1.05308
0.878285
1.07761
0.84636
1.04968
0.968596
1.05056
0.935518
0.935662
1.0371
0.877243
0.921009
0.880643
0.951476
0.878974
0.996476
0.895071
1.00385
0.876862
1.0486
0.879354
0.968392
1.10884
1.04318
0.940123
1.10495
0.93667
1.08386
0.968479
1.12503
0.905655
1.1558
1.09271
0.816192
0.970516
1.16191
1.04085
0.943874
1.08914
0.991019
1.04337
0.976099
1.03402
0.976309
1.26861
1.05041
0.696418
1.14721
1.14059
1.0459
0.927727
1.02687
1.03468
0.966791
0.866289
1.05383
0.959416
0.952868
0.882597
0.900377
1.20389
0.933588
1.01524
0.925107
0.946564
1.15428
0.724022
0.790288
0.946353
1.12496
0.940522
0.977497
0.798731
1.03845
1.00245
0.996828
0.953424
1.11247
1.02656
0.982376
0.889131
1.06832
0.88566
0.992622
0.874489
0.773026
0.97335
0.908131
0.921399
1.11661
1.0388
0.905241
1.14801
1.00891
1.10995
1.11384
0.949345
1.16038
0.857096
1.0678
0.839791
1.02314
1.06465
1.02592
1.0084
0.93239
1.00119
1.0472
0.992482
1.08425
1.155
0.919241
0.900983
1.01684
1.00078
0.933101
1.11691
0.9027
1.06236
0.948429
1.24662
0.955782
1.13218
1.07489
1.06082
1.16641
0.771833
1.02994
1.09464
1.01817
0.958558
1.00567
0.979833
0.863447
1.08685
1.02832
0.896938
1.01614
0.974363
0.826195
1.12536
1.14028
0.991126
1.02367
0.786005
0.962231
1.15922
0.940399
0.989554
1.00116
0.822628
1.04806
1.08228
0.82219
1.00546
0.957954
1.18413
0.832902
0.916314
1.07785
1.06477
0.992513
1.21626
1.16992
0.912234
1.03929
0.908724
0.806699
0.995447
0.882474
0.937961
0.905432
1.01028
0.896591
0.880678
1.12321
0.784336
1.0894
1.05061
1.08629
1.04107
1.11702
1.11805
0.951483
0.740983
1.081
0.877999
1.01523
0.815752
1.05036
1.07579
1.01359
0.776917
1.1908
1.16617
0.940916
0.966727
0.794368
1.04141
1.01263
0.957319
0.933314
1.03747
1.05838
1.22567
1.09591
1.14721
1.05861
1.10932
1.04735
0.926928
0.81689
0.902493
1.01266
0.941785
1.04753
0.888143
1.07307
1.0312
0.853591
0.934445
0.998942
1.28289
0.836806
1.08555
1.03251
0.951547
1.05125
1.17672
0.94152
0.931339
0.967069
0.90992
0.866824
1.10668
1.04984
1.04636
1.03577
1.0751
0.962046
1.09674
0.917686
1.02356
1.13005
1.04017
1.09453
1.02357
0.981575
1.0175
1.05104
0.950459
0.911692
1.08718
1.11315
1.09005
0.911122
0.994693
0.933672
0.885161
0.872743
1.03864
1.09311
1.0855
1.00226
1.03648
0.933424
1.01857
0.962032
1.02363
0.809047
0.964575
1.1635
0.938033
0.919996
0.770927
0.925273
1.09308
1.08564
1.0314
0.869048
0.960589
1.07486
0.939776
1.00069
1.23407
0.938174
1.06201
0.900748
1.0625
0.900661
1.04076
1.06025
0.907211
0.974093
1.101
1.04089
1.01598
1.08352
0.928448
1.03399
1.10996
1.02282
0.991654
1.07555
1.05117
0.953835
0.97979
0.993379
0.914956
0.937243
0.944371
0.94467
0.99869
0.893339
1.02428
0.860547
1.08184
0.828998
1.0441
1.1076
0.842483
0.91426
0.912716
1.038
1.01102
1.24552
0.911556
1.04543
1.04289
1.00414
0.966315
1.00326
0.902862
1.13637
0.943943
0.870859
0.990365
0.890262
1.10075
1.00313
0.968283
0.982574
0.952644
0.960154
0.782675
1.02301
1.11981
0.839186
0.912693
1.05784
1.05233
0.95909
0.976518
1.02286
0.914086
0.973545
0.906916
1.03777
0.893856
1.10985
0.971487
0.978103
0.983563
0.796399
0.805526
1.0121
1.03647
0.875144
1.02839
1.07998
0.898687
1.08591
0.89987
1.06065
0.938858
1.13488
1.02454
1.06093
0.95528
1.13632
0.956058
0.904724
0.864688
1.1588
0.926871
0.929873
0.997601
0.885319
0.858626
0.938022
0.90319
0.888656
0.873161
0.963567
0.922697
0.877232
0.946212
1.10789
0.792167
1.0241
0.968672
1.00628
0.972168
0.874547
1.01761
0.904191
0.876497
0.882801
0.985871
1.08227
0.832384
0.844536
0.928133
0.911447
1.08696
1.05661
1.06393
0.958578
1.01428
0.929027
0.881271
1.07835
1.0759
1.08406
1.04258
0.990983
0.862992
0.939179
1.01214
1.05286
0.965294
1.03676
0.974408
0.863622
1.0062
1.14376
1.10875
1.02287
0.892525
1.1397
1.14166
1.11112
0.970057
0.961713
0.915859
0.979309
1.13536
1.02064
1.01031
1.03616
1.09265
1.00304
1.14527
1.30742
1.0573
0.996223
1.04629
1.06033
1.03152
1.08284
1.05064
1.18191
0.975732
1.0228
0.942503
1.03907
1.04616
0.923004
0.978086
1.03673
0.899821
1.27778
0.857771
1.01339
0.907838
1.18934
0.94419
0.849967
0.970667
0.925892
1.23203
1.20704
1.00315
1.19554
1.16142
0.851752
0.958011
1.14367
1.06662
0.973645
0.925827
0.974326
0.962033
1.06776
1.14112
0.941387
0.980865
0.985389
1.00771
0.943562
1.10733
1.0384
0.993801
1.12498
1.09379
1.01493
0.959335
0.879555
0.843743
0.937201
1.0661
1.06446
1.06983
0.979037
1.00276
0.941243
0.900735
1.04086
1.31642
1.21581
1.0685
0.779412
1.04773
0.907143
0.912191
0.841021
1.10112
1.10399
1.1635
0.945159
1.14227
1.22717
0.96127
0.916223
1.10399
0.911014
1.04096
1.06804
0.977021
1.15807
1.00324
0.914507
0.977977
0.934869
0.829962
1.07045
1.05237
0.999274
1.11907
0.930598
0.871491
1.07521
0.865045
1.01556
1.1172
0.924269
0.963813
0.986819
0.950145
0.962792
0.924856
0.971853
1.04227
0.95649
0.932625
1.20007
0.947344
0.952159
1.13104
0.887912
0.999246
1.01527
0.919986
1.02639
0.938842
0.806598
1.06123
1.10736
0.908473
0.883432
0.818267
0.987072
0.991105
1.10397
1.2316
1.04003
0.97669
0.925709
1.18933
1.0391
0.939507
0.851264
0.786884
0.855575
0.863544
1.08947
1.02056
1.08126
0.841965
0.885014
0.926778
1.01965
0.903131
0.966224
1.07702
0.930693
0.965261
1.09281
1.02077
0.918908
0.977279
0.997492
0.947833
1.05376
0.991268
0.905157
1.11764
1.12262
1.07425
0.806998
1.05193
0.992069
0.831833
0.993472
1.06194
1.08055
1.00825
1.06823
1.07984
1.03259
1.02713
0.997795
1.18583
0.880705
0.912309
1.19651
0.928908
1.01129
1.07809
0.829019
0.941961
1.05413
1.21333
1.18237
1.02511
1.05456
0.905826
0.955399
0.937039
0.88987
1.04974
1.04371
0.845385
0.967822
0.95302
0.819363
0.843763
1.0175
0.973413
0.862633
0.892829
1.20998
1.09532
1.05296
1.05676
1.22878
0.956676
0.757811
1.09653
1.02591
0.715043
1.07936
0.998557
1.0245
1.01195
1.1659
0.966151
0.882853
0.943326
0.854279
1.01836
1.09381
1.00866
1.08761
0.915662
1.0777
1.2244
1.18137
1.03861
1.05657
1.0069
0.943527
0.88845
0.966434
0.918516
0.919252
0.853208
1.07612
0.979564
0.944371
0.962305
0.9787
0.996931
1.02236
1.17073
0.840606
0.837882
1.27859
0.871786
0.949846
0.962957
1.16245
0.993832
0.918328
0.858317
1.06597
1.07555
1.26032
1.03729
0.908929
0.937323
0.957218
1.09303
1.12723
0.965936
1.12394
1.11295
1.13572
0.971685
1.10941
0.976748
0.857344
0.971081
0.944506
0.869696
1.20499
0.991796
0.950178
0.959369
0.975342
0.949141
1.01112
1.06262
0.921154
1.06784
1.01353
1.08248
1.14073
1.02754
0.999172
1.08419
1.03624
0.933998
0.925887
1.00913
0.972648
1.05879
1.13214
0.907578
1.0477
0.918694
0.88069
1.027
0.917046
0.897093
0.850508
1.08407
0.859731
1.02261
0.91127
0.943139
0.998451
1.02661
1.0133
1.0953
0.948079
1.15681
1.05002
0.777469
1.01474
1.27026
0.960901
0.964638
1.01235
0.944812
1.04138
0.958576
0.887151
0.815945
0.929668
1.01774
1.12629
1.02802
0.81315
0.99116
1.14839
0.871964
0.940965
0.738872
1.03608
0.96999
1.10276
0.992621
1.07725
1.21607
1.01077
1.09821
1.01226
1.02325
1.02079
1.00271
1.07017
0.882217
0.868667
1.0314
1.10649
1.22063
1.18307
0.898049
1.3093
1.1411
0.997939
0.952699
0.928687
1.03047
0.865702
1.09369
0.934004
0.95613
1.13108
0.995538
1.04855
1.18867
0.97593
1.03235
0.851781
0.993632
0.991366
0.980273
0.991505
0.827114
1.0664
1.15231
0.8929
1.03923
1.02779
0.834234
0.886709
0.879025
0.967042
1.0194
1.06648
1.04306
1.13146
0.831414
1.15132
0.94618
1.07535
0.85523
0.954375
1.06297
1.02822
0.938176
0.963853
0.916331
0.791785
1.1286
0.90083
0.952632
0.873542
1.17589
1.00111
0.995268
0.902643
0.916497
0.9184
1.14592
0.926299
0.910357
0.904907
0.834211
0.940979
1.14408
0.978043
1.03585
1.07843
1.28569
1.19476
0.998202
1.11932
1.08357
0.936854
0.879631
1.03764
0.971299
1.06591
0.97688
1.09742
1.09038
1.11121
1.0707
0.959021
1.05879
1.19266
0.983528
1.11157
1.17674
0.957773
1.14592
1.14033
1.16446
0.875939
1.12514
1.11173
1.03193
1.17689
1.07034
1.09835
1.03686
1.06293
0.947728
0.888972
1.01368
0.934136
0.814516
0.8992
0.947077
0.863183
0.992973
1.11314
1.08179
0.999328
1.02071
0.945973
0.87898
1.1313
1.01376
0.994988
0.881968
1.01364
1.07836
1.04831
1.05967
1.00026
0.973648
1.15439
1.01358
0.872058
1.18519
0.889563
0.965661
1.03965
0.911325
0.964094
1.16821
1.03454
1.01129
0.890567
0.92972
0.855774
0.920602
1.14999
0.975341
0.827538
0.998953
1.12929
0.949705
0.931359
1.05798
1.17001
1.13574
1.11694
1.06887
0.95616
1.10763
0.993499
1.06015
0.964643
0.913852
0.924374
0.961284
1.02091
0.945146
0.884537
1.06182
0.935548
1.11393
0.811134
0.886553
0.922426
1.04493
0.983338
0.98685
0.939712
1.03532
0.999314
0.963025
1.00525
1.16125
1.06148
1.09934
1.04782
0.92788
1.08014
1.05256
0.907208
1.18567
0.920595
1.04577
0.954404
0.91003
0.92169
1.15653
1.05013
1.09859
1.12448
0.886816
1.24039
0.941481
0.82878
0.952776
1.1419
0.928581
1.13564
0.871063
0.979328
0.997818
1.08037
0.980214
0.993498
0.984764
1.04322
0.922958
1.0892
0.946939
1.08088
0.883272
0.863406
0.937294
0.955907
1.11923
1.02333
1.13843
0.996816
1.112
0.991832
0.885598
1.06704
1.11277
1.04261
1.12126
1.10251
1.08155
1.00932
0.932818
0.963509
0.842534
1.05093
1.03151
1.13142
0.890895
0.911238
0.801582
0.862096
0.939184
1.17027
0.969705
1.27904
1.06983
0.990917
0.95084
0.958328
0.86272
1.00371
0.916803
1.10129
1.11885
1.17332
0.981816
0.915769
1.07323
0.953408
1.12149
1.05756
1.02165
1.02399
0.785606
0.896409
0.784406
0.938106
0.920848
0.903221
0.982618
0.842195
1.0864
1.04443
0.989346
1.15784
1.0256
0.907723
1.02641
1.09445
0.972707
1.06307
0.992024
0.97591
1.05187
1.00289
1.03772
1.02707
1.24382
0.936163
1.23872
0.953102
0.948779
0.98098
1.20251
0.89714
0.956961
1.19021
1.02255
1.03335
1.05901
0.996203
1.03859
0.976976
1.15019
1.04851
0.930682
0.962616
0.874634
1.04007
1.08811
0.938484
1.0501
1.03235
1.01513
1.3083
0.984265
0.973547
0.981094
1.09449
1.09593
1.08889
0.956981
1.00034
0.861808
1.34245
0.899509
0.989479
0.987678
1.04287
0.961641
1.02642
1.14515
1.07732
1.09837
0.898771
0.861625
1.10044
1.1992
0.831776
0.997799
1.05714
0.984181
0.988435
0.91627
0.99166
0.96596
0.886476
0.970068
0.899228
0.949765
0.914078
0.814141
0.932555
1.05951
1.11229
0.97469
1.05725
1.01688
1.02103
0.932156
0.880063
1.01938
0.852278
0.901063
1.17235
1.04335
0.789239
0.80864
1.02572
0.903325
1.07161
1.06578
0.881202
0.928519
0.972829
0.996078
1.00244
0.938548
1.04004
1.00783
1.34776
0.909472
0.993965
0.955033
1.07569
1.03494
1.05927
1.11772
0.939489
0.902932
0.965566
0.988157
1.03746
0.993744
1.03863
0.964041
0.845827
0.910378
0.960368
0.842479
0.990507
0.968089
1.01019
1.09675
0.891921
1.04885
0.874581
1.06234
0.951229
0.80562
0.899928
0.955275
0.952821
1.00696
1.2061
1.06021
0.918656
0.84807
1.03468
1.01092
1.28331
1.09264
1.08791
1.02272
1.12752
1.01511
1.19225
1.10924
1.05926
0.971405
0.886924
1.01728
1.1898
1.10896
0.872414
1.03975
0.96265
0.944714
1.14277
1.10162
0.974035
1.06978
0.91526
0.921415
0.901108
1.16849
1.13039
1.01865
1.06345
1.02983
1.02739
0.964474
1.02325
1.0134
0.869726
1.02824
1.02962
0.996017
1.08604
0.973672
1.17994
0.872434
1.01481
0.850943
0.879853
0.849234
0.836325
1.05006
1.10056
1.17771
0.850249
0.852772
0.983307
0.886441
1.05889
0.945521
1.00104
1.07688
1.06483
0.97124
0.991262
0.926014
0.944806
0.993336
0.9661
0.884028
0.997378
0.929154
0.997422
1.05181
0.956057
1.15744
1.04962
1.07315
0.9925
1.05593
0.916852
1.02142
0.917748
0.975644
1.00451
1.06451
1.02411
1.17439
0.924873
1.11401
1.14208
1.10366
1.13601
0.954019
1.13818
0.960774
1.08823
0.905603
1.03244
0.852344
1.10609
0.947135
0.993143
0.980504
0.880588
0.908905
0.864673
1.09303
0.892623
1.10397
0.845423
1.14152
0.804732
1.00539
1.02716
1.00656
1.10163
1.05845
1.03918
0.878992
0.831397
1.03544
0.85583
0.939595
0.849049
1.10827
0.948288
0.947973
0.942323
1.01928
0.995127
0.756104
0.955921
1.03096
0.940803
0.955093
1.09349
1.04068
1.15747
0.976192
1.01388
0.916153
1.0028
0.901869
0.881046
1.11576
0.815724
1.01288
1.00802
0.902381
0.857146
0.961611
0.861183
1.01327
0.884866
1.00021
1.05717
0.855042
0.96753
1.06188
1.05243
0.88413
1.15725
1.04992
0.951253
0.975362
0.892285
0.98283
0.837152
1.09465
0.947461
1.07681
0.923731
0.831783
0.857713
1.05026
1.15643
1.09643
1.0688
0.906662
0.788471
1.03051
0.96669
0.909648
0.962056
0.711558
0.988215
0.852762
1.05851
0.939087
1.06473
0.994003
1.05651
1.11536
1.05852
0.906662
1.076
1.00422
0.980123
1.19754
0.914681
1.19184
1.0025
0.994099
1.11202
1.00784
1.11721
0.960203
0.86848
1.01445
0.809572
0.973056
1.01087
0.915309
0.997139
1.13033
0.956343
1.16922
0.808048
1.04166
0.947495
0.970659
0.932905
1.0227
1.02157
1.26461
0.998799
1.20716
0.850996
1.18626
0.892274
1.07361
0.914382
0.896509
0.89126
0.877194
1.17639
0.931236
1.08106
0.98229
0.886909
0.968599
0.992205
1.0189
1.06962
0.906863
1.09222
1.05878
1.09628
1.02412
0.943678
1.07942
1.07206
0.977393
0.835499
1.09639
1.19199
1.05193
1.01649
0.92031
0.967574
0.997589
1.10211
1.13282
1.16945
1.00713
1.24089
0.91196
0.87077
0.921979
1.07376
1.07077
0.818693
1.24395
1.0305
0.910482
0.949764
0.896491
1.28413
1.13997
1.04082
0.882484
0.860304
0.935879
1.03093
1.05584
1.09809
0.971805
0.958632
1.1531
1.09993
1.01098
1.01269
1.02969
0.828675
0.978016
1.15008
0.917243
0.949602
0.936858
1.01642
1.27292
0.882099
0.977858
0.905623
1.04285
0.885802
0.901513
1.20124
0.894851
1.13944
0.983739
1.07437
1.0965
1.2394
1.16189
1.09362
0.833824
0.937271
0.908653
1.1469
1.01696
0.93326
1.03934
1.03343
1.00515
1.03939
0.987564
1.0083
0.958162
0.823056
1.00549
0.904325
1.01341
0.899264
1.13867
1.06576
1.23131
1.07345
0.978101
0.939099
1.01737
1.0369
0.950622
1.00347
1.07034
0.988741
1.02227
1.03271
0.923557
0.935295
0.914612
0.909324
1.04702
0.844182
0.931815
0.949279
1.08472
1.00299
1.10172
1.03672
1.07402
0.96244
1.00722
0.890513
0.838842
0.947073
0.973763
1.08903
1.13602
0.82882
1.07546
0.742849
0.884744
0.94185
0.830916
1.00267
1.08806
1.01687
1.03195
1.02987
0.955775
1.03752
0.8574
1.19788
1.10637
1.06867
0.983341
0.913694
0.903664
0.974851
1.19776
0.912165
0.971262
1.06698
1.14974
1.20267
1.06596
1.02193
1.09421
1.00251
0.928819
0.997639
1.06027
1.06818
0.871148
1.10764
0.979136
0.924658
1.06062
0.97476
1.01862
1.17545
1.10754
1.05977
0.841691
0.837234
1.18189
1.04232
1.09038
0.9068
0.994931
0.941425
1.0009
1.07684
1.0785
0.977829
1.06609
0.804563
0.962436
1.05223
1.07666
1.03576
0.997377
1.05578
1.09013
0.968674
0.918269
1.08348
1.05385
0.729162
1.03517
0.978982
0.830337
1.12099
0.864699
1.13258
0.96268
1.06009
0.950708
0.997127
0.975488
1.02954
0.894245
0.934078
0.949357
1.02579
0.955063
1.11671
1.04592
1.07098
0.874928
0.973444
1.02783
1.16102
1.19176
1.14344
0.902907
0.864959
1.12788
0.956505
0.928329
1.02597
0.883002
0.89411
1.09727
1.11611
1.11639
0.997532
1.08508
1.07981
1.10619
1.0008
1.03109
0.989966
0.957072
1.00889
0.971365
0.878165
1.13907
0.861663
0.809664
1.02122
1.0845
0.921812
0.948177
1.02392
1.24529
0.860917
1.0329
0.88361
0.944424
1.07227
0.937171
0.879195
0.956417
1.01404
0.841764
1.09676
0.881789
1.13786
1.04837
1.07682
0.759766
0.832763
1.02576
0.879227
1.04861
1.11891
0.970013
1.02105
0.994571
1.00829
0.910162
0.9125
0.931094
1.08542
1.24694
1.03004
0.952287
0.840241
0.863789
1.03608
0.926974
1.02324
0.805268
0.908067
0.938558
0.969227
0.983352
1.07828
1.03299
0.778889
1.04335
0.988031
0.795696
0.913782
0.878722
1.00293
0.93363
1.06047
1.07505
1.12707
0.995849
1.24713
1.07982
1.09296
0.839087
1.05505
0.839293
0.886069
1.08399
1.00308
0.984912
0.898024
1.02786
0.821812
1.12203
1.01961
1.14577
1.0948
1.11126
1.16049
1.01131
0.852693
1.05763
0.972262
1.18881
0.976853
0.942346
1.08895
1.02038
1.03884
0.942678
0.997344
1.02693
1.22794
0.897158
1.01793
1.01922
0.890999
0.905819
1.05575
1.09074
1.06803
0.932255
1.02478
1.12473
0.99003
0.964899
1.01675
1.13377
1.10637
0.859252
0.956791
1.08518
1.00015
1.06505
0.910749
1.14069
1.03067
0.906347
1.00193
0.938177
0.88797
1.39944
0.886792
1.03291
1.02541
1.06761
1.04711
1.056
0.860516
0.991304
0.880897
0.984925
0.923423
0.974793
1.07072
0.943927
1.03392
1.03701
1.00873
0.915807
0.992482
0.981661
0.915325
1.09727
0.87521
1.10309
0.846358
1.00757
0.965252
1.20028
0.889308
0.839975
1.15235
0.99547
0.890091
0.848138
1.01897
0.937255
0.97357
0.895365
0.971919
1.00701
0.888296
1.00186
0.956181
1.23672
1.02649
1.12071
1.04448
0.994985
1.04226
0.979346
1.23339
0.894526
0.974097
0.940536
1.06626
1.05977
1.0627
1.08693
0.927999
1.01752
0.990601
1.08703
0.963085
0.838285
1.03356
1.01174
0.947982
0.858265
0.915114
0.983035
0.856152
0.994109
1.08607
0.974831
0.965239
1.02499
1.07996
1.05837
0.78919
1.18012
0.981668
0.867241
1.00616
1.00603
1.06092
1.11316
1.05067
1.04162
1.00449
0.943684
1.07145
0.898226
1.02117
0.973278
1.12982
0.856852
0.886888
0.786338
0.987481
1.2702
1.11343
0.95457
1.0829
1.00364
0.887585
0.969042
1.03102
0.976776
0.892905
1.18013
1.03454
0.952649
1.03499
1.00837
1.11366
1.12149
0.959859
0.991257
1.1317
1.08789
0.834587
1.07433
1.03227
0.993823
0.940765
0.998999
1.04116
0.996447
1.05166
0.966089
1.13122
1.10413
1.19059
1.09975
0.744154
1.07312
0.93578
1.12742
1.02685
0.77839
1.08742
0.920749
0.970251
0.929692
1.12473
1.02295
1.02513
0.944564
1.05866
0.868461
0.988702
0.900617
1.09546
0.951322
1.08787
1.06285
1.09203
1.09386
1.13359
1.01158
1.07417
1.08458
0.977252
0.850272
1.04015
1.17353
1.06655
0.905123
1.04556
0.882009
0.853775
1.05098
1.01544
1.0956
1.04128
0.862718
1.03328
1.08107
0.991405
0.844412
0.972546
0.955213
0.955942
1.13292
0.906601
0.883325
1.04822
1.00319
1.03015
1.06286
0.898637
0.969818
0.940555
1.02277
1.10326
1.11801
0.986148
0.923764
1.02372
1.01511
1.00585
0.932255
1.16841
0.930374
0.888877
0.998449
0.966544
1.13827
0.784142
1.00972
1.05993
1.10571
0.973739
0.934462
1.0657
1.15665
0.831178
0.938725
1.02528
0.977396
1.02901
0.922053
0.939393
1.04657
1.04989
0.94987
0.919275
0.936685
1.07842
1.09038
1.03075
1.01492
1.03716
1.18366
0.835652
0.986489
1.18496
0.960046
1.01713
1.04805
1.16466
0.931507
1.02741
0.996531
1.18947
1.13379
1.16188
0.935666
0.998001
0.958868
1.04211
1.01029
0.992735
1.20311
0.931391
0.97502
0.952475
0.902714
0.874561
0.99708
0.923193
1.10252
1.0932
0.95128
0.90857
0.952752
0.947183
1.01837
1.00561
0.804732
1.00852
0.983938
1.04694
1.12981
1.00972
1.26374
0.994402
0.914229
0.860229
0.978038
1.06605
1.04744
1.01974
1.05662
1.01306
0.965226
0.910075
0.969816
1.07524
0.980796
0.990537
0.853768
1.21965
0.98268
1.23162
0.894856
1.06335
1.08264
0.921331
1.10742
1.08683
1.02874
0.857317
0.858107
0.796769
0.956754
1.05765
0.985854
0.963388
0.905444
1.04254
1.03947
0.997656
0.871343
0.971124
0.915829
0.972557
0.797723
0.877795
1.00285
1.00756
1.13489
0.982156
0.954736
0.921182
1.14624
1.05727
0.9693
0.907451
1.22349
0.902757
1.17174
0.877034
0.905585
1.07743
0.893136
1.12567
0.982506
1.0254
1.0469
1.07131
1.21254
1.00471
1.05261
0.882408
1.00974
1.0847
1.02439
1.00484
0.990396
1.09222
0.931186
1.02131
1.00283
1.07747
1.06023
1.05414
1.01211
1.07813
1.12216
1.01507
1.02881
0.980679
1.0549
0.893939
0.829159
0.989005
0.914335
0.994499
0.927736
1.12581
1.09437
0.999468
0.909896
1.17679
0.84806
0.998409
0.947839
0.95553
1.08723
1.06703
0.936633
0.908872
1.12518
0.856246
1.04004
0.986816
1.14058
0.972351
0.903809
1.09057
1.13735
1.08094
0.809692
0.993559
1.24825
1.05937
0.956297
1.15632
0.913174
0.994234
1.03066
1.07512
1.00373
1.00458
0.938198
0.811666
0.946259
0.958315
0.883022
0.898845
0.855154
1.00981
0.985849
0.947694
0.932574
1.052
1.15569
0.899128
0.992987
1.05461
1.25876
1.07209
1.1196
0.992347
1.09444
1.07087
1.13639
1.06682
1.19811
1.09015
0.890462
1.03875
1.02013
0.918182
1.00113
0.934428
1.11895
1.07793
1.14031
0.970338
0.903277
0.856082
0.980594
0.939228
0.938273
1.04471
0.985109
1.09965
0.894383
1.14603
0.997382
0.856014
0.924243
0.992258
1.10215
1.15796
1.00372
0.884804
0.895137
1.01291
0.899875
0.895544
1.03457
0.837383
0.963729
1.07211
0.903324
0.990802
0.975677
1.00047
0.841163
0.764506
0.957561
1.06891
1.037
1.00706
0.927576
1.10469
1.01943
1.0791
0.800676
0.912848
1.16396
0.875583
0.949342
0.974648
0.972943
0.831601
1.03982
1.08495
1.10328
0.989205
0.988225
0.99297
0.925583
1.09471
1.08242
1.06512
0.952699
0.705866
0.991682
0.952205
1.0379
1.02118
0.919183
0.931924
1.11258
0.944394
1.05794
0.840116
1.01476
0.937729
0.879089
1.07156
0.96427
1.16799
1.13347
1.05491
0.83524
1.10602
1.12629
1.00819
1.11536
0.780905
1.29297
0.899626
1.07385
0.876915
0.904771
0.957559
1.02033
1.10527
0.90912
1.03986
0.865837
0.818297
0.949562
1.0071
1.02132
1.10792
0.920647
0.979899
0.921554
1.08362
1.08898
0.899182
1.07542
1.05851
0.983261
1.0528
1.10988
0.929211
0.934054
0.990356
1.19263
1.07681
1.04613
1.07274
0.965849
0.92429
0.909864
1.04643
1.13465
1.03858
1.14013
0.97782
0.934512
0.81645
1.00843
1.04316
0.97549
1.04679
0.935262
1.0353
0.954863
0.923566
1.10506
1.06016
0.809559
0.974263
1.00304
0.939213
1.08832
1.0133
0.971356
1.15164
1.04697
0.909395
0.927313
0.934269
0.948005
0.99273
1.0197
1.19022
0.884734
0.895758
0.943866
1.11772
1.00638
0.877719
1.15567
0.990486
0.836412
0.878123
0.988229
1.00663
0.785828
1.0113
1.13034
0.980872
0.956698
1.25143
0.992658
0.916644
1.04103
1.19288
1.20356
1.01924
0.907972
0.911733
1.07078
1.13841
0.942291
0.865258
0.987081
1.1613
1.02879
0.998821
0.892031
1.15661
1.00115
1.14616
0.942035
1.02863
0.915105
1.03392
1.08597
1.08406
0.972208
1.00857
1.12154
1.04028
1.11135
1.07054
0.935588
1.02173
0.938099
1.04356
1.05579
0.977332
1.04908
1.09665
1.1527
0.868507
1.15535
1.01
0.86661
1.0834
0.978798
0.98236
0.869664
1.02545
1.00629
0.915488
1.02528
0.935671
1.15613
0.941516
1.0712
1.17557
0.960774
0.885027
0.894228
0.997556
0.919124
1.05068
1.02849
0.855645
1.02897
0.921837
0.905162
1.00018
0.923358
0.864036
0.914076
0.923413
0.905267
0.959866
1.00937
1.00881
1.10731
0.96664
0.941763
0.979607
0.994269
0.8976
0.946359
1.02141
1.22688
1.06413
0.951447
0.899543
1.07757
0.788361
0.930902
1.10331
0.954991
1.01334
0.922398
0.963403
1.05827
1.06854
0.810041
0.933184
0.906873
0.923384
0.860646
1.12701
1.01825
1.0277
1.01975
0.94239
1.03375
1.11771
0.827125
1.06701
1.02379
0.930627
1.00112
1.00774
0.980672
1.018
0.938664
1.05265
0.854728
1.07166
0.976653
0.89153
0.950918
1.09887
0.900004
0.972452
0.986427
0.865275
0.985857
1.02143
0.908552
1.02023
0.912831
1.00314
1.06666
1.07411
1.03463
0.91684
1.14565
0.98268
0.970365
1.14791
0.941784
1.15058
0.768786
0.99694
0.964626
0.864643
0.921299
1.07322
0.933039
1.01141
0.990876
0.807234
0.921295
1.15598
1.01662
0.952061
1.09524
0.912141
0.899838
1.04917
0.968374
1.14093
1.03274
1.05033
1.0179
1.03499
1.03118
0.823765
0.951554
0.875584
1.02928
1.04221
0.958149
0.86927
1.16163
0.921051
1.05644
0.976477
1.03348
1.02923
0.94419
1.02712
0.78254
1.05389
0.956162
0.954302
0.951546
0.881029
0.974148
1.165
1.09224
1.02934
1.01258
1.09344
0.888906
0.955335
1.00754
1.11058
0.762767
0.896705
0.939188
1.13035
0.999264
0.920628
0.9933
1.13665
1.16776
1.07024
0.980228
0.930247
1.09699
0.908716
0.890885
1.02132
0.991423
1.09324
1.15483
0.955343
0.957378
0.940877
0.93398
1.17227
0.858665
0.946447
0.916185
0.906022
0.978472
0.976858
1.12374
0.912355
0.883164
1.05021
1.16178
1.06247
0.995434
0.747749
1.01132
0.852423
1.13321
0.97855
1.06503
0.869487
1.24161
0.961951
0.993993
0.882514
1.0858
1.17462
1.04308
0.889887
1.02779
1.03294
1.00891
0.932555
0.965492
0.999443
0.953101
0.924893
0.998612
0.980339
1.04301
1.03904
0.930444
0.982498
1.21061
1.07052
1.30242
1.11291
1.09164
1.03691
1.21218
1.15875
0.859294
1.06606
0.86142
0.998661
0.761484
1.15131
0.829831
0.8636
0.980697
1.13436
0.818044
1.074
1.15744
0.989311
0.963306
0.939228
0.95709
0.8644
0.804758
0.904059
1.03387
0.927293
1.03414
0.945968
1.06183
0.905356
0.998858
1.01932
0.963847
0.921616
0.805759
0.936824
1.08911
0.852618
1.30712
1.10953
1.03111
1.0598
1.0697
0.847965
0.917796
0.973588
0.975402
1.00483
1.17873
0.907549
0.982865
1.06946
1.03365
1.06527
0.910417
1.02341
0.922165
1.05463
1.04971
1.13803
1.10876
0.974279
0.955125
0.975485
0.876976
1.11033
1.18361
0.882358
1.01957
1.00174
0.991751
1.05467
0.977565
1.00293
1.08931
0.971847
1.10729
0.977486
1.00798
0.944305
0.926671
1.07635
0.895674
0.938573
0.95809
1.06866
1.01459
1.23659
1.06975
0.939452
1.10935
1.08028
1.16413
0.978539
1.00842
0.894148
1.07039
1.07089
1.18705
1.03802
1.06767
1.02246
0.946525
1.00232
1.09559
1.04148
1.0696
1.08564
0.960084
0.919123
1.01124
1.01366
1.13409
1.08588
1.04867
1.11072
1.06563
0.963948
0.967496
0.841812
0.935595
0.899104
1.18519
1.0596
1.13369
0.830328
0.916402
0.849036
0.95313
0.928131
0.968389
0.820513
0.965492
1.0857
0.971025
0.994913
1.00749
0.964366
0.973302
0.869188
0.931864
1.03644
1.06107
0.962388
0.966592
1.08422
1.04864
0.954604
0.958374
1.11244
0.985972
0.953747
1.09397
0.993823
0.932603
1.05199
0.84303
0.869487
0.99096
1.10377
0.872281
0.946582
0.841516
0.796479
0.850891
1.12369
0.948047
0.995606
1.01171
1.13034
0.899975
0.981196
0.967419
1.25406
0.989089
0.880325
0.812052
0.949952
1.10572
1.11049
1.07485
0.955976
0.945889
0.978023
1.05917
0.877785
0.915823
1.18643
1.09321
0.852278
0.877418
1.10865
1.09891
1.07751
0.848266
0.950772
1.09812
0.900945
0.924969
0.898789
0.987099
0.902115
0.919658
0.952876
0.928803
1.02975
1.1482
0.767193
0.892533
1.10202
0.904101
1.03233
0.856349
1.00026
1.11417
0.958394
1.02528
1.04105
0.959036
0.931659
1.0161
0.99912
1.00022
1.01172
1.07913
0.861265
0.809154
0.962729
1.10475
1.01653
0.930355
1.12861
0.941553
0.947187
0.870561
0.837371
1.08103
0.888286
0.989692
1.05748
0.811832
0.866937
0.914449
0.905814
1.11676
1.01257
0.943089
1.00952
0.907725
0.969246
0.886911
1.00981
0.984196
1.01681
0.888034
1.05975
1.00711
0.884521
1.05647
0.969956
0.861405
1.08329
0.971128
1.11315
1.0562
0.932311
1.01045
0.978781
1.07421
1.06803
1.0811
1.18152
1.00138
0.923541
0.990992
0.963772
0.923652
0.884202
0.939319
1.13224
1.15277
1.07528
0.832782
0.979904
1.0418
0.933281
0.907614
1.09621
0.832839
1.13831
1.05161
1.11601
0.947689
1.13433
1.08194
1.11306
1.00265
1.09902
0.963015
0.927224
0.936892
0.866857
1.00613
0.92849
0.999573
0.98395
1.08536
0.815927
1.31428
0.902304
1.05652
1.1272
0.89961
1.00867
1.02303
1.12239
1.09416
0.97366
1.00339
1.09983
0.932887
1.24466
1.10885
1.01812
1.02245
1.00156
0.904527
0.967547
1.06534
1.03648
0.940099
1.09781
0.934949
0.971067
0.860918
1.234
0.914644
1.15613
1.11014
0.884714
1.03649
1.03951
0.993519
1.04587
0.866917
1.04087
1.13863
0.984007
1.12022
1.02467
1.12426
1.06268
1.20868
0.872758
0.963339
1.0156
0.795901
1.11841
0.741844
1.07531
1.00907
1.1228
0.869901
1.18892
0.976662
0.880006
1.0776
0.896837
1.18606
0.931446
1.11646
0.960958
1.05192
0.973468
1.10354
1.1281
0.959587
0.927066
1.07949
0.988969
0.942576
0.962043
0.93092
1.13089
1.24791
1.0763
1.02959
0.960018
0.846042
0.810436
0.894259
1.03536
0.929259
0.908355
0.973028
1.04619
0.983615
1.01905
0.817303
0.942378
0.992287
1.01932
1.01441
0.907111
1.0711
0.87098
0.889864
0.909781
0.904297
1.16337
1.00042
0.950296
1.04061
1.06274
0.992054
0.969945
1.11199
0.971582
0.838989
1.14529
0.972853
0.875622
0.895711
1.15756
1.04473
1.17093
1.06012
1.01912
1.01698
0.988559
0.737759
1.02404
1.08779
1.05281
0.97605
0.793241
0.971365
0.996437
1.10079
1.0167
1.06318
0.954303
0.987662
0.902589
0.938703
1.04927
1.05179
1.09211
0.983535
0.963189
0.806955
0.925861
1.06163
1.10542
0.972267
1.07704
1.0128
0.883097
1.16752
1.01755
1.06146
0.996149
0.954971
0.988044
0.852823
0.982531
1.12217
1.06862
0.871943
1.111
0.912299
0.925538
0.871408
1.06665
0.920497
1.22598
0.966053
0.860956
0.990933
0.86666
1.16939
0.901094
0.923846
1.13479
1.04968
0.960698
0.962817
0.908746
0.968573
0.968558
1.09715
0.823631
1.08748
0.964161
0.878748
1.12412
1.12311
0.969086
0.917929
0.942271
0.991386
0.966795
0.825979
1.21672
1.10296
0.919802
0.987058
1.09185
0.99764
1.16543
0.942105
0.884339
1.12126
1.14925
1.18433
0.980133
0.907592
1.06067
0.941908
1.01812
1.02948
0.998362
0.886924
0.886636
1.22069
0.948187
1.04525
1.07897
1.0716
0.979665
1.02292
0.950836
1.05712
0.905277
0.913964
0.939786
0.837272
0.942998
1.00354
0.84956
1.02199
0.997459
1.00664
1.08327
1.37744
0.99364
0.918992
0.997095
1.03055
0.93929
1.138
1.11058
1.03534
0.927434
0.939519
0.998358
0.898661
1.05517
1.0124
1.16133
1.15467
1.26488
0.983484
0.925834
0.917422
1.1307
0.965441
0.913522
0.988806
1.02252
0.960162
1.03157
1.06131
1.18989
1.04304
1.05923
0.91405
0.96598
0.87833
0.994746
0.968261
0.980621
0.978914
1.16955
1.05816
1.1346
1.0366
1.02462
1.09946
0.990273
1.04731
0.780895
1.01158
1.02896
1.14203
1.10947
0.952473
0.941966
0.974141
0.966825
1.00017
1.03357
1.04202
0.987948
0.922772
0.7648
0.930228
0.960701
0.983767
0.951154
1.09214
1.15397
1.22919
0.984141
1.05664
1.12929
0.916021
0.795517
0.875341
0.971372
0.979992
1.24428
0.972436
1.03214
0.902092
1.0398
0.987575
0.969227
1.00099
0.793795
1.22298
0.868458
0.896466
1.05358
1.24064
0.941199
0.966835
1.07793
1.11803
0.981637
1.15685
1.02031
1.13956
0.904198
0.874432
0.92601
0.955427
1.1304
1.16309
0.989246
0.822758
1.05418
0.921215
0.862743
1.1173
0.887971
0.762781
0.999437
1.06244
0.947453
1.07156
1.01852
0.799869
1.06905
0.734373
1.14442
0.773024
0.847775
0.910135
0.938485
0.765308
1.12468
1.1481
1.16659
0.957629
1.06781
1.04582
1.08547
0.986386
0.946227
0.968349
0.950296
1.01913
1.0209
1.00541
0.888963
1.04331
0.99664
0.944275
1.14261
0.911619
0.871537
1.03583
1.02124
1.0445
1.0775
1.06721
0.979903
0.96634
0.913351
1.1064
1.07605
1.10401
0.938751
0.808647
1.03495
1.01213
1.17747
0.766666
1.03653
0.944797
0.99524
1.0038
1.18451
0.9059
1.05378
1.17969
1.13732
1.08705
1.06996
1.09146
0.976616
1.0106
0.974459
0.912457
0.841105
0.956438
0.744056
1.01216
0.98249
1.1009
0.950513
1.08258
1.03078
0.997941
0.948885
1.10255
0.943798
1.3364
0.911345
1.029
1.15224
0.936374
1.04053
1.06122
0.84307
0.953009
1.05796
1.02908
0.963298
0.888378
0.870804
1.18031
1.18204
1.00517
0.91781
0.985797
1.05588
0.858009
0.919285
0.977535
0.776988
0.917506
1.06006
1.12819
1.03508
1.03377
0.993437
0.978819
0.922011
0.845654
1.11512
1.07108
0.90828
1.04662
0.972427
0.982364
0.658445
0.888672
0.886346
0.979476
0.823289
1.08152
0.881702
1.11899
1.01108
1.24414
0.941518
0.860917
1.01842
0.976435
0.773507
0.963712
1.05164
0.794872
0.988254
0.962825
0.901708
1.22804
0.926672
1.06394
0.970061
0.818207
0.931322
1.02213
0.943551
0.994385
0.903396
0.815944
0.896674
1.13968
0.941459
0.988377
1.00314
0.93246
1.2677
0.844046
0.996039
0.748557
0.961985
0.872558
0.900618
0.935122
1.13829
1.12644
0.950101
0.992094
1.00484
0.870757
0.921505
0.986362
0.890177
0.927097
1.13962
1.05038
0.955913
0.964175
0.79087
0.980687
0.984751
1.08363
0.935618
1.00247
1.04345
0.935465
0.851328
0.983944
0.767931
0.938169
0.891352
0.95652
1.1376
1.00329
1.14027
1.07559
0.962194
0.98905
0.920186
1.02442
0.925648
1.16875
1.12031
1.15322
0.981616
0.952022
0.807458
1.04128
1.08446
0.993967
0.911997
1.0203
1.0757
1.13629
1.09414
0.98044
1.03869
1.04682
1.01161
0.952075
1.15356
1.04742
0.9445
0.831814
1.14029
1.03641
0.909227
0.774345
1.25667
1.09919
0.871161
0.938805
0.884206
0.957095
1.03094
1.0397
1.13388
1.03994
1.12092
1.13273
0.937782
0.80199
0.976743
1.04702
1.00746
1.01004
0.868806
1.05075
1.07342
0.802204
0.891747
1.01338
0.916001
1.03543
1.05462
1.0881
0.93937
1.19126
1.02773
1.07146
0.782985
1.14165
0.85918
0.97375
1.07246
1.04626
0.986789
1.00468
0.946038
1.06553
0.916404
0.994775
0.964063
0.946248
1.06795
0.99361
1.09002
1.01623
0.989984
0.984658
1.12383
1.1274
1.03995
0.94042
1.04569
0.859754
0.956168
0.9137
1.04859
0.975094
1.00893
1.05478
1.17576
0.975213
0.919979
0.934678
0.912125
1.03407
0.830676
1.04632
1.02298
0.935324
0.67935
1.01446
0.944659
0.885787
0.851985
0.80186
0.927526
1.08328
0.993217
0.940557
1.05209
1.03356
0.99714
1.03457
1.05754
1.02609
1.18115
0.919362
1.03796
1.01548
1.01039
0.861051
0.961438
1.00877
0.974048
0.846325
0.908529
0.958532
0.795839
0.942655
1.05892
0.944103
0.972284
1.06558
0.945822
1.00711
0.98612
1.04327
0.998741
1.00053
0.937275
0.854826
1.05794
1.11865
1.05193
1.11189
1.21114
1.15736
0.859985
0.95288
0.87882
1.02733
0.776923
0.897372
1.15057
1.00375
0.983353
0.884597
0.904691
1.04172
0.905354
1.00841
1.04214
0.931387
1.06784
1.08421
0.905861
1.1533
1.08794
1.01459
0.882599
1.07977
0.947626
0.863947
0.915467
0.987613
1.03922
1.16534
0.91184
1.12358
0.921029
1.07205
1.03447
0.915818
0.939873
1.00712
0.952712
0.833875
1.03544
1.10644
1.11211
1.01619
1.01589
0.95528
1.10853
1.13592
0.926443
1.06389
1.07797
1.02581
1.17116
0.957947
0.93447
0.948113
1.01006
0.896412
1.02345
1.03569
0.873644
0.979373
0.979367
0.89545
0.944594
1.06298
0.887916
1.05204
1.10364
1.18006
1.00219
1.0385
0.949735
0.987013
1.05323
0.932172
1.00299
0.843943
1.04588
1.09447
0.735093
0.984737
1.08899
0.944914
1.01487
0.938063
1.02165
1.07437
0.975072
0.968124
1.16412
0.89208
1.07059
1.03472
1.14083
0.858105
1.03267
1.18674
0.94056
1.08339
1.04538
1.04735
1.04048
0.955623
1.16388
0.9283
1.08158
1.0773
1.15013
0.918546
1.01999
0.976031
1.1405
1.06558
1.09828
0.948103
0.969373
1.07985
1.05145
1.06817
1.08064
1.16906
0.895996
0.895139
0.934481
0.949072
0.932617
0.892858
0.947773
0.899159
0.923168
0.987895
1.07532
0.901065
0.915998
1.0849
0.890665
0.927649
0.938278
0.948144
1.19018
1.06861
1.179
0.963167
0.912632
1.15308
1.0515
1.14441
1.06237
0.914382
1.05133
1.0049
0.981422
0.885231
0.944703
0.983224
1.04337
0.990312
1.11672
0.877627
1.04809
1.04399
1.01676
0.883284
1.14511
0.984607
1.08935
1.13521
1.18339
0.969302
0.943623
0.988425
0.873396
0.974276
1.13512
1.15792
0.928992
1.07643
0.925162
0.919109
1.05081
0.942871
1.05271
0.970882
0.914847
0.935375
0.927432
0.897317
1.00447
0.984409
0.997652
0.925745
1.13898
0.974424
1.05372
0.951928
0.973142
0.964545
0.983942
1.06413
0.862372
0.947699
1.08114
0.81534
0.955405
1.06669
0.884298
0.862779
0.824469
1.07632
1.18009
1.09402
0.843062
0.950368
0.872021
1.09435
0.958414
1.08015
0.913624
1.00389
1.0614
0.759578
0.946808
0.784863
0.881549
1.14079
1.01502
0.936398
0.940372
0.931597
1.09971
0.792879
0.869633
1.12967
0.912069
1.09865
1.05738
1.10747
0.829381
1.04684
0.900531
0.943355
0.958704
1.10036
1.11006
1.19993
0.925624
0.972172
0.973862
0.75356
0.986467
0.978286
1.02312
0.926731
0.8677
1.12921
0.996497
1.03764
0.859
0.842665
1.06132
1.12881
1.05758
0.941634
0.983762
0.927126
0.950676
0.87819
0.976696
0.895022
1.16966
0.938031
1.02246
0.949068
1.04482
0.918748
1.0612
0.867857
0.98996
0.954989
0.865239
0.962127
1.11731
1.1325
0.975454
0.94073
0.887888
0.910326
1.06652
0.936748
0.947816
1.06428
1.06923
0.919887
0.880824
0.853516
0.918202
1.01395
0.934603
0.926985
0.956064
1.25258
1.03162
0.898385
0.950295
1.12359
1.05025
0.974041
0.880802
0.972356
1.08391
0.958729
0.939585
1.04833
1.02379
0.904929
0.901456
0.935128
0.872339
0.993714
1.11299
0.882467
0.923436
0.828951
1.04163
0.881103
1.02481
0.859143
1.07681
1.02095
1.0645
1.06162
0.944162
0.940823
0.994594
0.97855
1.08208
0.792084
1.00072
1.20374
0.981763
1.0274
1.09253
1.04109
0.92047
1.01508
1.02725
1.05771
0.911221
1.19794
0.899994
0.945704
0.887129
0.879287
0.951192
0.842692
1.0554
0.981713
1.02076
0.917642
0.89831
1.00972
0.776522
0.986504
1.09537
1.00271
1.0831
1.02498
1.13627
0.95698
0.859224
0.903781
1.11375
1.05468
1.01039
0.989344
0.992927
0.96789
0.957144
0.961784
1.0904
1.16329
1.06462
0.866187
1.03834
1.02113
0.963745
0.943287
1.05954
0.841753
1.18623
0.991845
0.964423
1.01816
1.00985
0.909921
0.883472
0.842006
1.09898
0.899609
0.975986
1.07718
0.948532
1.075
0.971317
1.0381
1.10406
0.886711
1.12003
0.902957
0.987224
0.798665
1.02756
0.794929
1.00372
0.912692
1.05722
0.979109
0.993803
1.05865
1.00582
0.931751
0.992894
1.17724
0.922947
0.954802
1.0537
1.01817
0.881148
1.14491
1.23609
0.801234
0.866211
1.1303
1.17614
0.8278
0.884481
1.03095
1.06889
0.878346
0.847339
0.984197
0.950934
1.01245
0.94958
0.880047
0.990953
0.979883
0.932186
1.10534
1.16129
0.918191
1.11316
1.04521
1.08974
0.932819
0.756644
0.963458
1.0595
1.21157
0.960225
0.922348
0.9242
1.01474
0.992754
0.911162
0.947882
1.16918
0.974376
0.883424
0.890255
1.11315
0.96357
0.927873
0.938751
0.971635
0.932109
1.08807
0.932856
0.927417
0.934683
1.20382
0.977912
1.01341
0.954314
0.885072
1.03148
1.0645
1.01883
0.952778
1.03616
0.982342
0.92001
0.996593
0.88868
0.97045
0.973585
0.950055
0.948566
0.98116
0.875444
0.888881
1.03338
0.769112
0.957019
1.01214
1.04684
1.03119
0.867212
0.910437
1.06269
1.12461
0.938198
0.926388
0.972061
0.918079
1.07327
1.03102
1.00939
1.02274
1.06891
0.860989
1.13621
1.09365
1.0101
0.907558
1.00282
0.992547
0.89961
1.00603
1.03931
1.10168
1.07242
0.949727
0.991631
0.897751
0.971265
0.998196
1.03243
0.890379
0.982699
1.122
1.10491
1.00695
0.899129
0.933673
0.940851
1.12757
1.10878
1.07859
0.970983
1.07944
1.04138
0.924234
0.918422
0.92282
1.01313
1.02113
1.18529
1.02271
1.07145
1.10334
1.09692
1.016
1.11933
0.877445
1.14113
1.04724
1.28953
0.883796
0.977261
1.08172
1.18056
1.00755
0.820099
0.950086
0.843436
0.994418
1.04388
0.98341
1.01212
0.927689
1.20166
0.80206
0.871168
0.796137
1.06964
0.891924
1.1592
0.977462
1.05476
0.949042
1.01452
0.881635
0.922731
1.07056
1.11304
1.08801
1.01986
0.882794
0.915199
1.01998
1.22533
1.00348
1.05143
1.01192
1.11743
1.00396
1.17577
0.956959
1.0571
1.10164
1.10012
0.92288
1.00917
0.892802
0.924118
0.939897
0.85938
0.983302
1.06192
0.872983
0.851449
1.05163
0.924934
1.13944
1.11452
0.958414
0.993084
1.04391
0.971122
0.960045
1.01969
0.955338
1.02421
0.950283
1.11156
1.07771
0.824268
0.935976
0.917494
0.951389
1.0805
1.04156
0.858808
1.05495
0.99293
1.0818
0.989912
0.925851
1.01649
0.893223
0.985495
0.928486
0.996127
1.00833
0.993732
1.07176
0.919197
0.951666
0.835712
0.929716
1.09106
1.05224
0.948452
1.02431
1.03069
0.958706
1.0685
1.0197
0.993366
0.976682
1.04392
1.13485
0.754972
0.826299
1.06173
0.916042
0.989406
1.17087
1.04865
0.928982
1.02013
0.920011
0.999988
0.969314
1.06053
1.10254
0.928912
0.861937
0.97613
0.916002
1.10573
1.16698
0.986363
0.970185
1.02533
0.926225
1.07051
1.1524
0.917753
1.146
0.891697
1.00205
0.942684
0.902723
1.05393
0.94995
1.06932
0.983208
0.978912
1.14512
0.910979
1.04846
1.07853
1.00504
1.01066
0.982417
0.882137
1.02994
1.09272
1.00457
0.88983
1.1058
1.09574
0.919092
1.09862
0.989463
0.973268
1.02931
0.986231
0.907882
0.961014
0.897742
0.93153
1.19409
0.962746
0.90341
1.22086
0.968787
0.979529
0.990728
0.871389
0.897974
1.02054
1.04579
0.99007
0.994722
0.881659
1.05529
0.901857
0.919262
1.12819
1.0738
0.954411
0.911911
1.00716
0.923448
1.07492
0.901952
0.977384
1.16362
0.912808
1.08168
1.02598
0.910713
1.00177
1.11475
0.997478
1.20361
0.978083
0.999011
1.0422
1.09512
1.01079
1.00195
1.05016
1.03862
1.01775
1.08084
0.961324
1.03032
0.963109
1.01247
0.881917
0.93688
0.92994
0.987066
0.982301
1.03197
0.920424
1.20397
0.887069
0.881894
0.971634
0.831651
0.876007
0.939835
1.06512
0.845942
1.06371
1.02719
0.93097
1.07901
0.854259
1.06387
1.00362
0.795158
0.955058
0.935157
0.998376
1.15732
0.783757
1.13173
0.912728
1.07308
0.866394
1.05083
1.11363
0.947914
1.00749
0.944466
0.966487
0.913869
1.05064
1.17322
1.06726
1.25129
0.784926
0.929233
0.894613
0.9092
1.01837
1.05029
0.959752
1.06192
0.987829
1.04145
1.04378
1.16261
0.866205
0.994451
1.15661
0.934897
1.1243
1.0934
1.0097
0.970756
1.07465
1.20687
1.00773
1.07095
1.17146
0.895459
1.17212
1.16218
1.11752
0.947531
1.00831
1.05092
1.09588
0.936621
0.760704
0.963614
1.19163
0.961413
1.20763
0.862013
0.89158
1.03628
0.913515
0.909045
0.991548
0.973104
0.865773
1.04899
0.843861
0.981715
0.949724
0.958415
0.954668
0.87256
1.01755
1.11302
1.02002
0.942117
0.906379
1.00382
0.942432
1.09193
0.997937
0.807592
0.983444
0.974694
0.959043
1.1869
1.30798
0.998306
1.02242
1.03951
1.04995
0.910507
1.08904
0.967736
1.05458
0.88119
1.23558
1.10773
1.13903
1.07896
1.11639
1.1541
0.946307
0.927433
0.99653
0.989033
0.788371
0.894972
0.890971
1.24639
1.15163
0.850828
0.845856
1.04353
0.932628
1.15098
0.965548
0.92699
1.1052
1.06638
1.16414
1.26592
0.980913
1.25483
0.931312
0.871714
0.939219
0.979339
0.975115
0.826605
0.97744
1.18491
0.925093
0.840839
0.910121
0.942765
1.045
1.06928
1.16464
1.14261
1.01779
1.16138
1.06281
1.05055
0.979724
1.07752
1.0582
1.01773
0.965934
0.966526
0.932051
1.1721
0.948544
1.04083
0.944344
0.89994
1.06239
1.02898
0.896458
1.00692
1.17304
0.882318
0.986835
1.11105
1.1219
1.09058
1.01936
1.04287
0.885032
0.956822
1.07
0.867842
0.99097
0.896612
0.904573
1.06582
1.08231
0.867276
1.01493
0.95775
1.0096
1.12882
1.00165
1.0589
0.906578
1.07282
0.857548
1.07503
1.03361
0.897522
0.847758
1.11971
0.971755
0.996565
0.850327
0.948013
1.00675
0.91864
0.954541
1.05191
0.848575
0.814828
0.837347
0.997749
0.947906
1.03882
0.957841
0.917731
0.966194
1.1725
0.968043
0.860426
1.06393
1.11751
1.12604
1.02461
0.950004
1.10505
0.970545
1.02985
1.13953
1.03732
1.11277
0.829965
1.00986
1.08681
1.19081
0.748978
1.10207
1.02812
0.807781
1.112
0.933708
1.01507
1.16796
1.04073
0.909767
0.997334
0.970898
1.18191
1.09488
1.02175
1.07458
0.99911
1.07798
1.23897
1.0212
0.924029
0.950878
0.975114
0.937785
1.0081
0.925091
1.09586
0.907077
1.18859
1.09703
1.1314
0.839436
0.852559
0.974063
1.14482
0.940088
0.979885
1.00312
1.10425
1.17234
0.940049
1.33624
1.02597
1.06683
0.990388
1.04787
1.01362
1.12004
0.930393
0.994076
0.843806
0.93193
1.00721
1.05528
1.05594
1.16755
0.871332
1.21678
1.10104
0.945126
0.965539
0.877991
0.970593
0.976018
1.11687
0.948328
1.03499
1.02159
1.00543
1.13146
0.947213
1.04623
1.01095
1.21365
0.853325
1.10068
1.11175
1.03174
1.07523
1.06655
0.88182
0.883165
1.15156
1.01879
0.971184
1.21558
0.918778
1.00257
1.05336
0.839915
0.922493
1.02064
1.25
1.04021
0.838945
1.07983
1.00043
1.16021
1.00448
1.24239
0.894974
1.03859
0.785062
0.923253
0.821209
0.898477
0.943028
0.894061
0.742659
1.07429
0.932185
0.965881
0.862448
0.942185
0.898289
0.891268
0.863507
1.04008
1.1103
0.916767
0.864495
1.00926
0.859959
1.04648
0.910517
1.02105
0.965827
0.905215
1.06696
1.06637
0.949879
1.15656
1.04125
1.16587
1.0467
1.15155
0.838101
1.01548
0.962185
0.896322
1.00115
0.958479
0.976293
0.881785
0.858823
1.05919
1.02936
1.19354
1.03498
0.929725
0.943745
0.9472
1.0522
0.814739
1.15758
1.10981
1.02161
0.938186
0.908218
1.02127
1.03787
1.13569
0.977797
0.756829
0.903262
0.910092
1.0111
1.06491
0.99611
1.05389
1.17627
1.03815
0.941607
1.08702
1.10225
1.09275
0.889582
0.895064
1.0949
1.05438
0.919571
1.00526
0.899101
0.831934
1.07632
1.07084
1.11921
1.14461
1.09348
0.985484
1.06294
1.0413
0.818887
1.00557
0.919316
0.880246
0.998084
1.07119
0.841635
1.04057
0.925841
0.937209
0.857627
0.928545
0.99865
1.08788
0.870562
1.23689
1.03819
1.05006
0.925479
0.991468
1.0134
0.96274
0.852142
0.988652
1.07158
1.09253
1.05524
1.16252
1.16431
0.891715
0.933501
1.06945
0.809851
0.956795
0.89528
1.0343
0.943182
0.947548
0.983623
1.05142
0.948751
1.09613
0.853871
0.945226
0.986844
0.913874
0.987443
1.05336
0.957606
0.930856
0.965128
0.87152
0.815647
1.1447
1.06768
1.10126
0.772998
0.987453
0.992755
0.936127
0.974007
0.984031
0.953547
1.11957
1.0252
1.00119
1.03548
0.780896
1.25817
0.996391
1.12002
1.04784
1.05717
0.975935
1.03104
1.09716
1.0562
0.878895
0.992809
0.975693
1.24771
0.990935
0.839237
1.06482
0.97647
1.21538
0.879053
0.927813
1.07195
1.0329
1.0536
1.0782
1.1435
0.847437
0.974286
0.778843
1.04678
1.00122
1.04705
1.00544
0.944375
1.02434
0.971935
1.07994
0.90298
1.00075
0.980703
0.940204
0.944171
1.04656
1.08428
0.951189
0.98777
1.17089
0.9384
0.867683
1.07292
0.942975
0.977654
0.905717
0.968989
0.89264
0.904965
1.11117
1.05583
0.983447
0.990421
0.851053
0.901374
1.05376
1.01644
0.923101
1.04758
1.06088
1.0484
1.0312
1.04741
1.0423
0.991998
1.25936
0.925172
1.0683
1.15417
0.9448
0.941385
0.93725
0.972624
0.961717
1.04429
0.918312
0.935692
0.945369
0.949333
0.957377
1.00166
1.01067
0.879262
1.03388
0.934255
1.22361
1.00327
1.00741
1.01361
1.0805
0.86334
1.00092
0.982128
0.82285
0.855833
0.784789
0.993187
1.05407
0.915271
1.07168
1.16675
0.976975
0.843384
0.966917
1.02878
0.86487
1.13652
0.83621
0.933
0.909581
1.01929
1.03565
0.745549
0.970525
1.18475
1.13771
1.07308
1.06195
0.951951
0.992799
1.10491
1.0266
1.07315
1.08694
0.978621
1.02801
0.934358
0.985019
1.1066
0.994311
0.981256
0.98351
1.1335
1.02804
0.918343
1.12765
1.18906
1.11794
0.802278
0.927045
1.00603
1.07248
1.01686
0.940558
0.959573
0.845947
1.08589
0.83365
0.951058
0.758844
1.09088
0.961849
0.947388
0.994029
0.750768
0.850154
1.04544
0.961444
1.09012
0.997609
0.966316
1.00951
1.10324
1.0785
1.01499
0.964377
1.00936
1.0995
1.09642
1.01312
1.03976
1.14197
1.1034
1.00759
0.841867
1.06907
0.929016
1.08824
1.15743
1.05353
1.10886
0.954319
1.18085
1.09932
0.810478
1.07959
0.965394
1.05179
1.14459
1.05643
0.911834
1.03601
0.961593
0.918424
0.951042
1.05723
0.969481
1.01663
1.14468
1.18567
1.07307
1.01459
1.12845
1.10869
1.09179
1.08768
0.927293
1.05425
1.02959
1.06729
1.08761
1.04129
0.852806
0.960346
1.04237
0.982986
0.857824
0.904369
0.91488
1.02891
0.887894
0.825737
0.86505
1.04859
1.02762
0.981228
1.04871
0.945409
1.0401
0.954914
1.05865
0.988015
0.896675
0.804399
0.99102
1.16451
1.03621
0.746154
0.961361
1.12172
1.06595
0.91748
0.900282
1.02686
1.21274
0.824689
1.0082
1.05487
0.823871
0.940412
0.851735
0.819779
0.941469
0.876997
0.842103
0.860042
0.829189
0.962287
1.07497
1.07413
0.992264
0.848573
0.94117
1.11043
1.03196
0.989232
0.971306
0.763206
0.913272
1.15939
0.979437
1.02115
0.922913
1.11323
0.926234
0.935981
1.07872
1.0753
1.04726
0.75969
1.06598
0.899464
1.18125
0.861819
1.09351
0.949018
0.90251
0.922555
0.957745
0.966592
1.1292
0.915893
1.02043
0.974385
0.896148
0.961591
1.01662
1.10367
1.04745
1.02264
1.20981
0.923005
0.833059
1.19006
0.979986
0.999564
1.03326
1.0032
0.984918
0.960131
1.08446
0.990476
0.898169
0.957211
0.822111
0.939202
0.861359
0.858884
0.930478
1.07547
1.14752
0.896722
1.05303
1.00718
1.24528
0.99221
1.09777
0.933095
0.901871
0.959063
1.0494
1.00605
1.02007
1.03824
0.954779
0.968372
1.10192
0.978349
0.889622
1.04453
1.28553
1.1645
1.14664
0.998387
0.883097
0.809419
0.885896
1.01481
0.906955
0.966564
0.879744
1.17573
1.07992
1.11399
0.97253
1.09251
0.961006
1.04587
0.972556
0.981839
0.974039
1.08909
0.984777
1.10986
0.868541
0.969263
0.887907
0.976231
1.06032
0.914363
0.886794
1.0041
0.918175
1.09818
0.932179
0.947135
1.05825
1.13782
0.937267
0.928779
1.1066
0.865124
0.751437
1.01971
0.955334
0.990505
1.02265
0.957529
0.999491
0.995099
0.837127
0.983825
0.854208
0.978279
0.780726
0.958009
0.948892
0.931534
1.09269
1.08255
0.969222
0.949639
1.08916
1.01617
0.817525
1.04466
0.970877
0.738501
1.16873
1.00729
0.85796
0.945137
1.1706
1.02379
0.956962
0.813668
0.95142
0.854788
0.990014
1.01488
0.935707
0.842877
0.837151
0.830956
0.962246
0.965466
1.02518
0.842415
1.10178
0.937515
1.0524
0.939428
0.807666
1.11233
1.07595
0.989769
0.94906
1.09101
0.982737
0.935766
0.948541
0.78172
1.14023
1.10269
0.939761
1.01215
1.14755
0.989196
0.876497
0.973455
0.936886
0.995865
1.12097
0.882239
1.07885
0.963145
1.03561
1.01332
0.95007
1.02955
0.900039
1.07721
0.871624
1.0362
0.89157
0.980717
0.993826
1.02698
0.930543
1.10465
1.12188
1.21017
1.20331
0.955718
1.12968
0.852011
0.928306
1.15601
1.18934
0.915213
1.16964
0.917637
0.964487
0.967566
0.852751
1.12817
1.08055
1.22012
0.950355
1.13349
1.02407
0.956288
1.11044
0.936957
0.8561
0.960949
0.982953
1.01957
0.978205
1.15971
0.887419
0.900108
0.779327
1.03874
0.8426
0.991851
1.05649
0.904475
0.98815
0.980803
0.99339
0.895048
1.09367
0.985188
0.971019
1.05185
0.834561
0.917731
1.04693
0.93623
1.14033
0.985663
1.14504
1.12939
0.835637
1.09003
0.995082
1.07145
1.05503
1.11119
0.889443
0.902859
0.93423
0.956358
1.00557
0.977399
1.19091
0.849836
1.0756
1.16099
1.07715
1.02917
0.87081
0.979732
0.997533
0.781876
1.06652
0.979653
0.998575
0.99908
1.0132
0.963002
0.939875
0.988605
0.936913
0.9205
1.03113
0.949702
1.1769
0.962566
1.01456
1.02154
0.883682
1.09182
1.14675
1.05561
0.926868
1.04483
0.751043
0.933183
0.910931
1.00167
1.01631
0.918966
1.05674
0.980409
0.947532
0.903771
0.856766
1.06452
1.18352
1.12303
0.984028
1.11027
1.05038
0.930273
0.901962
1.32014
1.1575
0.998627
0.934534
0.955281
0.954459
1.00817
1.14308
0.98298
0.904104
0.902797
0.982461
1.01658
0.974853
1.00344
0.917036
1.05306
0.872362
1.10982
1.00511
1.14902
1.09468
0.873793
1.08173
0.925447
0.92431
0.941613
1.27946
0.926257
0.95089
0.867443
0.865937
1.02447
1.05186
0.99754
0.878906
0.997611
1.04334
1.11994
1.00664
1.26362
0.876935
0.923564
0.849124
0.991633
0.936651
1.1895
1.0147
0.89348
1.00583
0.971207
0.938339
0.88116
1.10443
1.11591
0.945602
1.21831
0.921428
0.813884
0.948099
0.86985
1.09744
1.00988
0.877308
0.946635
1.06494
1.08535
1.07521
1.16766
0.977947
0.982503
1.09087
1.17754
1.22081
0.920905
1.09366
1.08375
1.02787
0.998204
1.10153
1.03892
0.902039
0.963309
0.980403
1.0628
0.920034
1.10451
0.976043
0.844923
1.08725
1.00179
1.02751
1.02028
0.952552
1.01573
1.05556
1.02796
0.86162
0.869113
0.872291
1.10946
1.04677
0.892502
0.911748
0.990828
0.993922
0.905903
1.02418
1.05223
1.03003
0.924566
0.913878
0.94497
0.94118
1.06799
1.01992
1.07387
1.10173
1.04182
0.855858
0.841578
1.01387
1.25464
0.990659
1.03417
0.910814
0.954578
0.914202
0.922966
1.02154
1.03364
0.987303
0.829012
1.16845
1.0046
1.00268
1.07202
1.00558
1.04714
1.09209
1.11194
1.05592
1.1004
0.904453
0.914744
0.973836
0.856986
1.01794
0.862531
0.935007
1.03672
1.11309
0.919733
0.993381
1.08771
0.923171
1.07105
0.97868
1.15349
0.973693
0.976408
1.07913
0.744765
0.957781
1.04113
0.913374
1.02853
0.921393
1.19379
1.13926
1.03573
0.987924
0.950913
1.16767
1.15183
1.06272
0.936154
1.2022
1.01072
1.035
1.00016
0.973759
0.953978
0.989513
0.989269
1.1724
1.05692
0.923455
1.01612
1.02465
0.89067
0.973336
0.857827
1.16758
0.919598
0.85531
1.06985
1.04271
1.0513
1.0198
1.19853
1.13397
0.983147
0.942924
0.945534
1.03622
0.801989
0.965155
1.06102
0.970581
1.02558
1.14423
0.910911
0.913316
1.06626
1.04067
0.954572
1.02205
1.02784
0.908112
0.91513
1.14376
0.811632
1.07068
1.20242
0.972175
1.16748
1.06568
0.956764
1.07491
1.04981
1.03321
0.905984
1.05005
0.889226
0.977824
0.958714
0.90501
0.973962
1.10299
1.07902
0.935036
0.729005
1.09581
1.06872
1.0498
0.883476
1.03373
1.18426
0.941225
0.9702
1.09989
0.911291
0.992438
1.15417
0.952416
0.938114
0.940692
1.03226
1.01396
1.19418
0.880612
1.17101
0.905914
0.896121
0.981162
0.918593
0.997003
0.896224
1.06641
1.00107
1.08011
1.10316
0.939183
0.962482
0.92999
1.02495
1.04806
0.885512
0.998906
1.06224
1.05968
1.0575
0.985628
0.966237
1.0183
0.94993
0.864455
0.909302
0.995116
0.998901
0.922192
1.18091
1.02559
0.906152
1.00052
0.987711
0.904923
0.752277
0.995229
1.07183
0.871509
1.06189
1.29517
0.984324
0.861898
0.937698
0.915302
1.04915
0.847278
1.06331
1.01043
1.04328
1.02141
1.16959
0.913888
0.82281
1.0208
0.89894
1.08506
0.947189
0.926125
1.06166
0.935298
0.824956
0.954832
0.929016
1.02946
1.00729
1.19138
1.17489
0.944024
1.11505
0.80493
1.15356
0.955992
1.1807
1.15035
1.04976
0.902041
1.19561
0.93839
1.03402
0.990651
0.974404
0.998531
0.929821
0.911729
0.922364
1.09797
0.907249
0.904169
0.944802
1.00368
1.12622
1.15641
0.877952
1.05733
0.922384
1.05041
0.896241
1.08038
0.878643
0.915084
1.21427
1.20831
1.04476
1.15081
0.849534
1.05138
0.889427
1.08002
0.948682
0.891158
0.863469
0.930452
1.35019
0.939759
0.951464
1.15313
1.05506
0.944774
1.03561
1.03446
1.33346
1.11469
0.91673
0.921119
0.94062
1.08278
1.0183
1.08305
1.13638
0.987019
1.06237
1.03128
1.08543
0.878371
1.02952
0.784392
0.998942
1.08948
0.894828
0.950815
1.1705
1.06087
1.00248
0.99926
0.953728
1.20926
1.00882
1.02627
0.918594
1.18381
1.00214
1.03808
0.970348
0.77019
1.18566
0.949029
0.896537
0.983306
1.22188
1.13313
1.0006
0.930024
0.854205
1.06587
1.16004
0.832325
0.939148
1.05527
0.998954
1.00521
0.958854
1.09091
0.995063
1.16736
1.04063
1.05105
0.998911
1.08405
0.85961
1.08632
1.03012
0.88303
0.979978
1.03651
1.24433
1.11681
0.898352
0.942957
1.14852
1.17727
0.975809
0.890605
1.32272
1.00966
1.08031
0.981273
0.908975
1.03005
0.992657
0.99849
0.906067
0.953302
1.22257
1.0883
0.800539
0.988521
0.976855
1.00102
1.12684
0.99555
1.0318
1.04104
1.00675
0.993748
0.973062
0.945945
0.964776
1.10898
0.96117
1.00989
1.01981
1.01625
0.872553
0.901531
0.921462
0.900373
1.02112
1.09898
1.18838
1.18518
0.979799
1.09556
0.932319
0.938056
0.85985
1.0185
0.973468
1.01004
0.971447
1.10407
1.01365
0.970395
1.00395
0.959194
1.0288
1.08759
1.04271
1.1621
1.13095
0.834715
1.11052
0.972471
0.951662
0.989701
1.17361
0.920097
1.18514
1.03635
1.05898
0.89828
1.00157
0.945537
1.0421
1.24369
0.760872
1.0782
0.952992
0.903479
1.01081
1.08573
1.21571
1.10938
1.04351
1.11651
1.02876
1.06812
0.914641
1.06367
0.980061
0.904927
1.2091
1.14585
1.11568
1.07056
0.897714
0.985694
1.00537
0.985869
1.02599
0.99065
0.968418
0.972426
0.981153
0.871337
1.00521
1.01549
1.11062
1.06861
1.01491
0.931326
1.28411
0.967044
0.942966
1.11056
0.971799
1.03274
0.959264
0.962751
0.857102
1.0727
0.858056
1.18261
1.15369
0.847921
1.06981
1.05158
0.907344
0.851819
1.02548
0.943704
0.901001
0.884201
0.988512
0.858061
1.0749
1.05026
1.02694
1.03095
0.965612
1.07098
0.864683
0.780292
1.07752
1.03158
0.822333
1.07857
1.06786
1.06877
0.978696
0.888794
1.09279
1.11033
1.04457
1.29734
1.02115
0.842935
0.994737
1.0014
0.914819
0.943626
0.955733
1.00263
1.01292
1.06605
0.962036
0.964231
0.937258
1.05166
1.04579
1.28371
1.02293
0.95975
0.949431
0.95577
0.961634
1.01951
0.934998
1.11224
0.959021
1.15449
0.788843
1.12798
1.00245
1.0015
1.04777
1.16262
1.14556
0.826861
0.987702
1.18465
0.993441
1.08438
1.10921
0.927796
0.964436
1.06015
0.895096
1.03051
1.04821
1.05514
0.990575
1.13755
1.09998
0.981308
1.04719
1.02844
0.92876
0.883681
0.953398
0.957568
0.857104
1.01335
1.28926
0.919892
1.04399
1.11902
0.781057
0.931728
0.820727
0.915248
1.06134
0.969583
1.11032
0.810882
1.06925
0.926112
1.11555
0.841528
1.0255
0.997524
0.859057
0.951808
1.00377
1.17594
0.935339
0.95659
0.901871
1.02152
1.09462
0.970121
1.19281
1.00313
1.04064
0.985755
0.92546
1.10701
0.949984
0.871249
0.854327
0.960941
0.942989
1.01303
0.993263
1.14045
0.977996
0.901313
1.11539
1.07539
0.89782
1.0243
1.09907
1.11584
0.819953
0.941538
0.933022
0.955542
0.976921
0.891188
0.841601
1.0772
0.945397
1.02284
0.965388
1.07335
1.06958
0.881289
1.07576
1.0064
1.01581
1.2173
1.12188
0.96537
1.27902
1.09903
1.12753
0.814432
1.01196
0.935169
0.907158
0.938113
0.906618
1.01705
0.80831
1.01478
0.992929
0.933234
0.833334
1.03489
1.19739
1.1843
0.853408
1.03007
0.875377
0.942426
1.06045
0.960079
1.00339
0.904057
1.02861
1.04731
0.836133
0.973353
1.08582
0.834686
1.08803
1.05926
0.837588
1.0417
1.11029
1.0596
1.01738
1.06187
1.01139
0.877804
1.08868
1.0411
0.780062
0.906384
1.15839
0.954464
0.953316
1.01559
1.02184
0.956297
0.97332
1.04676
1.02606
1.03814
0.964186
1.00252
0.923224
0.982967
0.962483
1.01038
0.96016
0.926675
1.02222
1.05006
1.02667
1.02116
1.03729
0.977988
0.959707
0.976389
1.0602
0.996258
1.0124
1.07439
0.893735
1.00028
0.936341
1.03948
0.859957
0.979633
1.05484
0.888014
0.879608
0.963495
0.931447
0.998838
1.02251
0.87064
0.969175
0.968547
1.08432
0.923713
0.99975
0.870463
0.94877
1.10744
1.18226
0.967148
0.93277
0.996358
1.15789
1.22347
1.08945
1.08648
1.04381
0.919093
0.857261
1.09604
0.959947
1.16342
0.991726
0.927265
1.01841
0.967065
0.8958
0.956054
1.0863
1.0369
1.14699
0.979872
0.95304
1.11404
0.994615
1.10052
0.945629
0.930702
1.08551
1.11686
0.901982
1.0618
1.07058
1.26984
1.04812
0.974341
0.942682
0.854111
1.11542
1.1533
0.938161
1.07032
0.857735
0.852717
0.915359
0.90163
1.00468
1.17341
1.12043
1.14848
0.836237
0.936685
0.998875
0.986025
0.969777
0.960289
1.18713
1.01865
1.04833
1.03494
0.789766
0.872325
0.937891
1.0032
1.02683
0.986033
1.01249
