1.02727
-0.826657
-0.3732
0.575547
2.13674
0.316645
2.05197
-2.90396
-1.25358
14.8396
10.464
-1.53009
-2.05818
0.0225688
0.263955
-1.18708
-1.21416
0.801264
3.25211
-3.11391
1.74485
-3.23364
0.791593
-11.8114
0.874638
-6.25782
8.95861
0.24152
0.83197
0.628955
-0.669627
-3.41592
-0.186356
-0.770855
0.0295219
-2.72574
8.62684
0.923698
-5.92444
-2.77943
0.725902
-1.50844
-0.196439
-37.8782
-0.0532298
-2.23075
347.6
-0.423515
-4.3642
-2.62478
0.699905
-0.363102
0.00786108
-0.0519765
0.408162
2.25414
1.35969
-0.344016
-2.87294
-1.42928
0.883413
1.23483
-3.07589
-4.74816
0.49566
0.530484
-0.0756629
-0.638991
-0.75023
-1.74934
-0.0855271
-1.93966
0.797188
-1.48232
0.956291
-0.195995
0.408301
-0.388671
1.83289
2.17525
0.8725
-0.732509
-1.15601
0.561904
-0.877124
-1.02652
2.09376
0.893068
0.445667
3.6605
-1.65602
-2.49237
5.02547
18.8434
-1.74672
1.06981
-0.738584
-2.36897
3.16028
-0.779045
0.294514
0.282631
0.485147
-0.543112
-0.388532
-1.87735
0.169837
-20.7613
-0.591728
0.196252
1.7509
3.97327
0.0932964
0.276595
-1.19971
2.22861
-7.48402
-2.41776
-0.237404
-0.0396519
0.313007
0.191086
1.05523
0.023387
0.589403
0.148843
-0.670813
-4.13227
-0.167778
2.39362
-0.124976
-0.423967
-17.3829
-0.534797
-0.352644
-0.252387
2.2758
0.870637
-49.6793
-0.116265
0.0419206
-0.751606
-0.677649
2.78947
-2.56699
-3.23037
-1.38848
-0.836625
-0.366364
-0.833906
9.764
-1.03448
-1.01535
0.0806675
53.387
-1.99747
0.73484
0.323498
-1.00245
0.35932
24.8541
-0.805832
0.830267
0.865128
1.39974
-1.57706
-0.544618
-0.342093
-0.773223
-1.57707
0.712872
0.190298
-4.06851
-2.98382
-0.849737
-4.11317
-0.515603
7.0588
0.38568
3.98593
10.9648
-2.32235
0.791422
0.466477
-0.027227
3.54795
-0.711536
-1.33802
2.3556
1.38171
-42.6657
0.0275939
0.213945
-109.096
0.535623
-3.96039
0.546432
1.50706
-0.0584976
-1.20459
0.314481
3.73903
0.652772
1.26836
-1.7323
0.894281
-0.0634073
1.5074
-0.157865
-0.233667
4.03795
-0.365732
1.50348
-1.22247
-5.55563
-0.563315
0.31892
-1.74797
0.140476
-2.11969
-3.95267
0.999546
4.86906
0.32122
3.56077
4.66526
-0.64467
-0.541602
25.6977
-26.4351
0.835117
0.678952
2.1177
-1.42024
-0.620162
15.4974
-0.592511
-3.90897
-42.6357
-0.464879
2.07836
-15.7925
-0.310448
-3.13824
0.155957
1.88996
-1.87946
-0.0935195
-0.555621
0.114001
-1.86964
0.859502
-0.155322
-0.752505
-2.48293
0.859991
5.87342
-73.7305
3.09114
0.271011
-4.38711
-0.0311191
-5.55391
-2.18885
-1.51745
0.121625
0.133984
1.99935
1.78261
-3.52265
1.01928
-2.29778
-3.73489
21.8883
-0.467967
0.865127
-0.58628
-0.0474339
-2.98411
0.894505
-3.5586
0.972115
-5.08757
-0.946009
0.397961
-1.15368
1.42596
1.78305
-0.291055
8.81116
-1.24273
-1.46492
1.97461
0.759414
-0.346503
0.623669
-0.73087
5.00605
-0.712867
0.418008
-0.0483037
-4.58146
-3.93159
156.978
2.37128
-3.38176
1.87706
-1.66047
-0.900811
1.77069
0.181689
-1.47414
-1.14941
-0.273966
-0.371117
0.349707
0.647529
-0.151315
1.28164
0.505826
-0.629731
1.67178
0.0529296
-0.407485
-0.156358
7.1014
-6.62793
4.24603
-0.527647
-0.476207
0.537422
3.44018
-5.05576
-1.31935
-182.998
-1.12344
-2.22616
-0.729427
-0.34257
-0.115278
-6.83007
0.981243
2.10642
0.114912
-0.46215
-3.44464
-8.98952
-6.49542
-1.3551
-0.943647
-1.37815
-0.243139
1.33045
31.6018
0.189165
4.97016
-0.308429
-16.3403
1.55038
1.32966
3.96944
3.39484
-1.06108
13.5413
-2.79841
-1.30576
-1.00464
0.136844
1.09916
1.39595
3.2697
-0.911416
0.494485
12.5529
2.0153
0.321138
-1.35688
1.387
0.254462
0.034329
0.819265
1.47802
-1.47878
-2.234
0.393691
3.63365
-324.062
4.35723
-0.142338
-0.220985
1.03532
-12.0579
-1.03617
-1.02175
-2.04479
-1.19354
-0.0201531
0.781259
0.174501
0.727005
-0.336859
-0.128496
0.142617
-2.63886
-0.282614
0.497695
5.30543
-0.330056
-2.26744
2.5223
2.04579
-0.0936871
2.0704
-4.96634
-1.66837
-1.82866
0.547146
0.436661
-2.66112
-0.0417948
-0.147569
-0.902833
-0.662595
-4.28739
-1.64516
0.504059
0.733954
-0.149029
-0.0156829
-0.34071
-24.5788
1.17325
-3.06086
-0.296873
0.330599
3.94253
-0.227338
-0.365503
-0.114678
-5.04884
0.766357
0.918896
-7.40431
0.627014
0.213001
-0.898593
0.375949
-0.459866
-0.0865195
1.06492
-0.37183
0.404812
0.18609
-0.168912
2.10549
-0.458796
-1.60508
-0.23705
8.41426
0.753498
-0.680299
0.627099
0.287524
28.1953
1.08316
-0.977817
-6.9968
1.28888
-4.84863
-19.009
-0.270598
1.38814
0.0052867
0.2872
-2.25694
-1.26531
17.0126
-0.640321
1.42283
-2.59733
-1.16963
1.0338
5.87603
-10.4122
0.134463
1.59275
-0.154519
-0.850692
-0.338821
-5.13764
1.16936
-0.84234
-28.4981
0.0660704
-2.12106
0.758708
0.157695
5.46037
0.704601
-0.375856
21.3674
0.66522
-3.55368
-0.676735
1.08168
0.667402
-0.788978
0.0208092
1.74785
-2.15782
-0.215956
-1.57309
-0.111032
0.820816
1.47222
-2.85055
-0.302591
-1.90389
0.681158
0.784228
0.882006
-0.510421
2.20763
0.169505
-0.0834596
-1.36621
1.49067
-19.1142
-1.15186
2.09867
-1.16687
0.453581
1.52063
-0.0599472
0.607182
2.7171
-22.741
3.79648
0.784566
3.96264
0.73167
-0.918631
0.064885
1.64011
0.0642822
0.0645786
-0.0551041
-5.9069
0.631441
-1.55022
-1.41819
-0.205009
0.138795
-0.515683
5.61183
-2.96971
0.100311
-0.469891
-0.281616
-1.85098
18.8786
0.758443
6.6531
2.57574
-0.804093
-0.846977
-0.288343
-0.0569703
-0.28665
-2.92284
-442.214
-5.74378
1.14259
0.629016
-0.65288
-0.379986
0.480996
1.80265
0.499127
-1.4372
1.56149
12.6728
-1.9212
0.867315
6.99986
1.68103
-0.288905
0.559131
-0.431259
0.997348
-0.705927
1.55149
-0.152825
-0.141433
-0.350679
0.237996
-0.392926
-0.929715
-0.31077
0.191825
-0.496421
4.54356
-3.94
0.703628
-0.612619
1.16244
-0.589157
-0.188884
2.8803
2.06144
0.519466
-0.0929707
-0.0558245
0.840749
5.59656
-1.31082
-1.84925
4.82781
-53.7891
96.5531
0.902918
-0.790715
-1.27243
0.274845
0.46376
0.61064
-0.109065
-1.24393
0.0114227
3.32264
2.80929
-2.03476
0.941179
-0.248576
0.451427
-17.5288
-1.06428
-0.491592
-2.09831
-0.979566
-2.92439
-1.62994
-4.09603
0.480124
0.200111
1.19389
-12.0277
-0.421554
3.47482
0.378987
-0.880938
-1.34994
7.45452
0.0699807
0.896936
-0.520908
0.486192
-0.430785
-1.67773
0.279939
-1.07376
-0.524661
0.586699
0.316922
-0.0597416
-18.156
-1.16852
7.23366
-7.28372
-0.0427298
-37.3949
-0.135605
0.678429
-0.518767
0.72383
-0.160538
-0.667501
5.40956
1.7744
0.104702
-1.31026
-4.05494
-2.88187
0.295754
-0.741593
1.30438
6.71216
-0.193834
-2.91972
-0.109438
-0.152707
7.58444
0.529763
-6.1691
-1.09865
-2.14128
-4.69901
0.867152
-1.7719
2.8748
-2.36596
2.25203
-0.819744
0.389927
1.89841
-11.1778
-0.94806
0.280848
-5.42943
-0.7255
1.63818
0.528837
-0.279737
0.955383
2.43586
-0.886803
-1.28591
2.28559
-2.59686
-3.67944
-1.91037
1.75446
-0.543271
0.418528
0.337895
0.413433
-1.62836
-0.0300149
0.700536
8.89183
0.0604012
-3.4703
-27.0653
4.97063
0.260375
0.497123
1.04915
-6.10325
-1.29078
-2.8654
5.67742
0.000156211
-0.827002
-0.346544
3.19452
-0.416763
-0.291062
0.113132
-0.455756
-13.6532
-0.83481
2.94969
1.22007
-14.2086
4.05309
-1.21301
0.439432
0.629047
-0.778073
21.9849
-0.22079
-1.15231
0.648446
11.4023
0.159039
1.45884
0.367441
2.98564
-4.19191
0.804395
7.44272
-1.82852
-1.13513
0.360025
-1.22949
1.01265
-3.90463
5.06499
0.306028
0.76393
0.429179
-2.14525
-2.41431
0.572681
0.707923
-1.26182
0.362703
-1.24953
1.99865
1.26694
-2.39193
1.23245
-1.41159
1.1219
-1.58758
1.15442
0.90587
19.8492
-1.40067
-4.24512
3.47718
8.6729
2.02597
0.563523
1.51134
-0.80241
0.194412
0.439402
1.13819
-2.30521
-0.980238
0.825592
-0.505423
-6.44097
0.99371
3.84908
-1.23118
1.41816
-0.211633
-1.14653
1.15847
0.474011
1.94833
-1.59569
0.445559
-2.45184
-4.62094
1.5166
-5.65646
1.78963
-0.186103
0.498802
-1.16683
0.0121824
-1.10293
1.19564
-0.457624
-1.04344
-0.0289882
-1.12073
0.340118
-0.115524
1.49815
-0.643117
0.947477
2.20748
-0.118202
-1.16697
1.97976
3.8951
0.14466
-0.114615
0.48575
-0.0674544
-0.677148
0.683689
21.7217
-0.0706624
0.30262
0.868165
-1.27796
0.212674
-1.06737
0.819288
-0.521756
20.1033
-0.649986
9.08224
-5.37294
2.01886
-0.64556
-0.724472
0.246271
1.10236
0.233101
1.04269
1.20096
-0.0568931
-0.235847
-0.435781
1.00868
2.85566
0.598898
0.663243
-1.24955
-9.35085
-0.657349
-0.053353
0.0755565
2.46259
3.31578
1.45413
0.00418019
-1.45763
-2.84048
-1.10504
-2.94372
-0.0534368
-0.0272252
-0.581255
2.13342
-5.05306
1.24288
-0.14166
-0.471526
-3.77291
21.5256
0.130669
1.25587
2.67048
0.08985
0.623759
2.8033
-0.310613
2.01837
-0.0019333
2.52512
-1.03976
0.0124831
-3.11434
-29.3347
-0.36488
1.39565
1.81014
-0.603667
0.0105485
-2.94833
-8.59294
-0.651639
0.516292
-1.30289
0.797633
-0.0555346
0.680995
0.368576
1.2584
-0.77483
1.92068
0.803074
-0.049011
0.90628
0.203249
1.62496
4.96667
-0.307736
0.0632945
2.39947
1.94619
-2.80951
0.0246493
-0.962831
0.163873
0.951942
0.319844
-0.962708
-0.744476
-12.6919
0.0870153
0.0458248
0.0862632
3.48655
-0.850677
3.18346
-1.08918
0.518709
-2.53658
-1.95731
-0.377605
0.36039
1.18445
-3.08764
-1.05458
-1.87312
-0.0806365
-1.39741
-0.528781
0.631593
-0.325264
-37.1338
1.3654
3.41149
-0.276093
-2.07629
-1.45081
0.707717
-0.0131824
-2.62397
1.55724
-0.7461
-0.673512
-0.473327
0.619214
-4.66238
0.0951546
0.024849
-0.813138
0.831361
0.0172265
-1.89624
11.5673
7.88824
0.421992
-1.35558
-0.156343
0.809682
0.871083
-0.75649
-0.339728
0.75165
0.506218
0.338839
0.132015
-1.97222
-0.0192163
-0.340742
13864.8
2.63022
1.19582
3.28724
-0.957322
3.0852
0.97418
0.859112
14.1882
0.966136
-0.969044
14.702
-2.04224
-0.656
0.853001
0.0453267
0.011809
0.0781227
-0.995113
-0.114358
-2.72971
-1.21509
-1.88675
-2.73653
-6.78449
0.64688
-0.909078
1.14982
0.916848
0.520883
0.274672
0.0344539
-1.35351
-2.99943
0.324661
1.35594
1.25062
1.30884
-7.19655
2.26434
1.63315
-1.07621
1.45691
0.164213
-2.32963
0.0153908
-2.49801
2.36167
-6.87269
0.20334
-6.30162
-1.26338
-0.247813
-0.101219
2.29661
-0.695348
-2.098
-0.510204
-5.29029
1.3027
0.369825
1.34498
-0.28257
0.257309
0.703171
-2.54187
-20.4994
3.15287
14.1075
0.408492
-2.99376
-1.67072
-0.40061
0.475975
2.59291
-0.0899674
2.20741
-0.168258
0.741907
-1.13366
1.92357
-7.22375
-0.256259
2.60335
-2.43663
2.95708
-0.0608636
0.0722826
-0.263657
-0.210978
-0.94562
-2.53456
0.796227
0.659574
0.621638
-0.281284
-0.173091
2.9031
-4.72918
-0.753216
0.076627
-3.59552
-0.396451
-0.503329
0.682169
-0.639428
-0.342961
1.18969
-1.51116
-0.430055
-1.43803
0.900729
5.50437
-0.59011
-0.430738
1.15151
0.216132
-0.881579
0.727377
-0.556964
1.36392
-0.385632
0.0985506
-2.94619
1.86191
1.12532
-1.44223
-269.261
-0.136087
-0.638223
1.43623
-0.212953
-0.881281
9.07231
1.31255
-0.541984
-0.170632
5.1969
-1.74405
-1.88421
6.15861
-7.31252
1.13637
0.172102
0.410972
5.35471
0.0396439
-2.61437
1.68275
0.765915
0.0405488
1.04539
0.334414
0.0817994
1.57645
0.305085
-0.24096
-4.78504
-0.397731
1.01348
-0.252787
2.51371
0.956443
-1.16999
0.796734
-0.620789
8.15941
1.04442
1.91435
2.10416
0.946849
-0.876158
4.87756
-1.83861
-0.0835336
-16.3651
-0.936037
1.0075
1.70657
1.42128
-0.805686
-0.345335
-0.20357
1.05255
1.82111
-0.0655132
0.916501
-0.490061
-0.207282
1.13155
0.735678
2.33356
-1.12242
18.8639
10.8747
1.58706
2.37153
-0.448728
2.77984
3.73688
3.01475
-0.903911
-0.804389
-0.159566
-0.434557
-3.67718
-0.338254
-3.92029
3.69983
2.16529
-4.77524
-0.0678695
-0.835895
0.890345
2.68012
-0.0683835
1.06523
0.084489
-2.26742
-0.300434
1.16183
-0.0460193
0.114801
-3.56362
1.08695
3.26409
-7.47378
-7.46209
0.115281
0.326223
1.02328
-0.674169
-0.463159
-2.87205
-0.00748107
3.48058
-0.322934
0.370198
-0.669628
0.4812
-0.887038
-3.81946
0.284152
-1.98489
-3.41438
36.4985
-0.170498
35.9282
-6.77425
-0.48654
0.597235
-1.64983
1.32292
0.470072
0.510688
-0.0887584
1.10419
0.0681069
0.527925
1.13966
0.659135
-2.38389
0.0346014
1.63664
1.34037
-10.0395
2.94644
1.03598
3.74521
-0.706469
-1.56437
0.0209911
2.94434
0.148988
-0.715861
0.741173
0.914158
-1.17011
-4.5801
-0.77136
-2.91106
-0.588505
-0.243271
-0.102847
0.177278
0.623335
1.09615
0.768093
2.42613
0.935641
-0.622526
-5.24769
-0.107248
-0.97343
4.01955
4.07882
1.3774
0.608653
-22.1766
1.67345
-0.457577
1.63633
0.314498
-2.14563
0.640484
-0.92785
1.14532
0.0246095
-0.277007
0.135098
1.03753
0.11293
-43.02
-3.62546
-14.5861
0.960349
-1.74527
0.370505
0.541106
-1.15864
1.78194
0.292688
9.20037
2.01327
2.99381
4.85343
-1.16527
6.05257
0.657261
0.652581
-1.09478
-5.4644
0.148035
-2.23332
0.933515
-3.50774
7.28536
-0.292818
-0.143168
0.976363
1.44253
-0.797827
1.09779
1.80856
-4.65057
-0.664517
-1.42268
-0.0191437
0.00490053
1.22193
3.79313
0.219926
10.1993
-1.30213
16.8338
-0.422275
-0.854268
0.0954827
-0.884856
0.40014
-1.1165
0.80792
17.8183
3.28239
-0.578731
-0.520077
0.288486
-52.0446
0.364551
-1.2192
-0.755107
-0.36961
0.615091
0.275695
-8.80462
1.07048
-136.506
-0.26277
-2.26174
-1.51393
-0.987417
2.3998
1.82422
0.577912
-3.53264
-18.033
-0.122072
2.129
-0.158247
-1.04761
-0.247916
-0.159752
-0.732577
-0.413771
-2.68817
-37.7003
2.75074
1.19967
-0.178199
-11.2579
-1.05317
-0.258763
0.685794
-1.90363
5.18409
-14.1736
0.487608
-94.1452
0.954295
0.930997
0.456527
0.80686
-2.8966
0.0879117
-1.00813
0.793746
-0.583672
41.5226
207.544
-0.489585
1.14176
0.459447
0.379599
1.38928
3.26602
-0.67989
4.08314
0.00328106
-0.583547
0.211869
0.636307
0.0352445
1.83133
0.0411646
1.53835
-0.426579
-6.35866
-0.0611729
-14.9668
0.982937
0.660645
-0.0431474
2.81487
-1.41138
0.725818
4.4079
-0.218365
-1.87612
-0.786057
-50.006
-6.51365
-1.6412
-0.124592
-0.522631
1.17707
-0.291139
0.517725
-0.198951
-6.09877
-1.14366
-11.7183
1.01788
1.04652
-0.593538
0.247315
54.489
2.46848
-3.02245
0.446808
-1.35638
0.0468966
-2.38895
-0.641934
0.0527509
4.71716
-1.17461
0.698864
-0.075393
2.27945
2.57135
0.432257
6.10221
0.352678
-0.416212
-0.991904
-0.259077
3.28398
-3.70428
-0.244197
-0.309035
0.402982
0.316552
-1.60648
0.545233
2.15092
-0.0660126
-0.370522
-0.242805
-6.5048
-0.524878
-0.493689
-0.833843
-0.768215
1.84493
-3.79985
-0.432536
-0.73336
0.428552
-1.27082
-7.81061
2.62825
1.78333
0.961838
-0.952704
1.96175
-0.026502
2.25096
0.680932
0.536538
-0.367258
-0.588303
0.20971
2.69482
-0.852125
22.9462
-0.358742
-0.10828
2.18997
-2.16173
-7.81171
-0.713282
0.444801
2.75112
1.82037
-0.156873
1.14691
13.4454
-1.43346
1.39106
-1.45978
-0.673087
2.84417
-1.76912
45.3665
-1.89651
4.64505
-4.65708
-3.59737
-0.14945
-2.97306
0.970787
-0.653751
3.80572
1.1669
1.89495
1.21731
-0.0502718
-1.25152
-0.978575
-1.03576
-5.17809
3.00868
0.39423
6.50245
14.7417
-0.28304
-0.602451
-0.0638443
-1.42772
-0.364681
-5.74008
8.99107
0.319472
-0.778357
4.26324
0.191605
-0.146612
-5.80298
1.42169
-1.20185
-0.225966
1.17814
8.30138
-2.86688
1.27036
3.64853
0.436078
-3.99673
0.71753
-0.00433079
0.965486
0.0918506
0.036606
-0.757591
-5.32018
0.713048
-0.418932
0.439052
-1.39065
-1.90126
1.74767
1.58808
-1.48328
-1.6633
-0.0294459
0.982518
0.586616
-15.6839
-0.706354
-4.98318
3.01128
0.0290581
-0.0942205
-0.056773
-0.277472
2.24248
-6.90887
-7.15332
-0.700019
-6.96054
0.0920832
-0.67967
-0.016804
0.658342
37.9074
0.240569
-1.899
-0.578144
3.23874
-0.174707
19.6196
2.12113
-0.524669
1.91845
-0.178646
1.27261
-0.846872
3.48081
0.385286
0.20567
-0.338239
-0.612163
6.81313
-2.31746
-0.361801
-1.201
0.0823378
4.43111
0.31122
55.8693
0.509388
-40.8961
4.81141
0.274757
0.0520632
-1.34467
-0.0525136
268.598
-3.23123
0.828123
0.611108
-0.0641373
8.1793
4.26792
1.14724
0.844878
6.46233
0.751426
3.4472
-0.28309
-2.10429
3.78068
-0.134035
0.507155
0.248632
-0.831039
1.5361
1.56927
0.437036
0.90673
-13.0852
1.28969
9.31495
1.06462
0.51722
-1.0354
-0.468365
-0.325066
0.920319
27.7224
0.369666
-1.5852
0.498475
0.611265
-0.0968614
0.445496
-0.132264
-1.78897
-0.112966
0.316023
2.4536
-10.4384
4.11049
0.612432
15.552
3.36953
0.167337
0.327453
0.359259
-0.0767992
-22.7442
-6.05889
-1.85463
0.449
0.440117
-0.170439
2.03057
-2.61519
-0.158175
0.0922576
0.960416
0.435761
-0.0221473
2.21622
0.791149
-0.79786
0.161929
-0.143673
-0.0358457
-0.912015
0.117336
1.17316
0.908669
-16.2123
27.3301
1.30919
-0.845482
5.03322
-6.73225
-3.65649
-3.4426
-0.0944067
-0.620644
2.00077
-0.021317
1.72337
-0.43589
-2.58669
-0.26345
-2.0542
-0.703988
7.82621
-3.92408
0.220462
-0.545982
-1.96692
0.405614
1.77589
2.63767
-0.975556
1.1663
1.46725
0.750313
0.116024
-1.49023
0.0551713
1.42912
-0.706346
0.162259
-0.0557698
-0.0279303
-4.79739
1.95622
0.01538
-1.48415
1.05223
0.633464
0.863163
-0.516178
0.992381
-460.635
9.02429
0.532405
-0.238077
-0.0860316
-2.47204
-0.0847943
4.46725
154.037
0.287908
0.419386
0.502716
-0.102664
-0.164289
-22.7916
-3.96323
-335.731
-0.527693
0.00591156
-0.595655
2.66013
8.75859
0.824225
0.995716
2.4165
-2.54286
-0.0138717
-8.23784
-6.60043
-0.234316
0.079991
-2.25864
1.09029
0.247496
0.0458686
-1.11347
7.26025
-0.463744
-0.331132
-0.0547072
-3.16303
-1.52111
0.219538
1.53674
-0.0513979
-2.24749
-3.0403
-0.30927
1.56019
0.3739
7.30144
1.61453
1.1727
-21.5208
-3.18487
1.47827
0.739432
-1.52724
-0.56782
-0.132185
0.386023
0.29302
-1.06977
-0.08587
1.1208
0.521534
0.708333
-0.371417
-0.817634
-1.04243
-1.00564
-0.0813292
2.75546
-0.976371
1.93259
-1.69862
0.0787061
-0.0243011
1.27088
-0.43407
0.266975
0.357182
-0.161647
1.10698
3.02929
-18.4393
5.37795
0.962671
-1.18708
-0.99515
-0.421148
1.65592
0.906057
-0.000305071
0.251929
-5.62691
1.30744
0.694707
1.70003
0.18368
1.31107
0.44217
-3.16619
2.64127
0.483322
23.433
6.61998
-1.56653
0.0105576
0.584412
0.724629
0.101749
-0.972956
-0.442366
1.63362
-0.398095
-11.7523
5.3604
0.387636
0.0521683
-0.339804
-0.880253
4.36853
4.54494
6.62103
-0.207933
1.17441
4.06712
-4.0306
0.689497
-2.36362
1.74225
-1.86892
0.480642
0.408681
-0.362183
2.67371
-0.225997
-0.922618
-0.560163
21.0424
1.50799
0.484315
-0.695142
-1.86117
0.296023
4.41508
-0.263977
1.14586
0.318181
0.371363
1.26032
0.857817
0.0578571
0.0525179
0.279263
-2.00963
-0.444386
0.905075
1.57442
-0.64724
-2.36626
0.494493
-107.328
1.65115
-1.93373
0.00219235
8.00069
0.241401
8.17984
0.169116
20.1538
0.617405
4.61578
-1.42881
100.026
2.10346
0.565475
4.03686
0.901635
-17.3914
-0.565808
-0.166083
-0.45345
3.38766
6.76799
-0.774378
-0.30672
-4.19278
-0.770991
0.428028
-1.03721
-0.472586
3.02514
-0.540101
0.488979
0.26406
0.85615
0.178942
-0.115297
-0.285879
-0.278507
4.66242
-0.656979
0.13676
1.77169
-4.29895
-1.47062
2.00612
0.150805
1.33319
1.09969
2.63915
0.0704442
-5.70699
-2.24966
-2.68181
-2.77934
-0.250664
-1.14748
3.07109
-0.188847
1.17245
1.57545
-0.587059
0.0759175
-0.6677
-0.166861
0.550038
2.75878
2.93256
-0.253483
0.227586
4.90394
-3.43216
-6.99623
-0.598054
-0.862579
0.690622
2.3342
3.58485
-0.233188
-0.385648
-0.0681772
-0.11272
0.165804
-0.764092
8.79305
0.518332
6.90044
7.8301
-0.165215
-0.614834
1.52833
-0.543032
0.278614
1.42903
0.120155
7.34883
-1.06473
1.27201
11.4672
-0.36813
-2.18674
0.0178119
-9.05876
-0.201418
1.3364
0.643272
-0.425446
-2.05203
0.82121
1.6802
1.11918
1.73103
2.60005
-1.02487
-0.360785
-0.103377
-1.39722
-1.67989
-2.56926
-220.811
-1.05619
-1.24247
8.31208
-0.376235
0.637074
0.509437
-0.974542
10.3851
-2.93864
0.348148
19.2368
0.361654
0.0954862
0.761761
0.706458
0.512083
-2.57727
-18.5721
-0.0660356
0.0732371
5.68481
1.52234
-0.480017
-0.00985516
1.03591
-0.015163
-0.453957
-0.750671
-1.26208
1.52241
-2.20621
0.814393
8.43346
-1.85047
-1.45631
0.584746
0.0416069
0.352779
1.82797
-2.97486
0.163231
-0.121822
3.55418
2.14326
-2.02145
-25.3665
-0.798023
4.23223
0.462303
3.96334
1.4372
0.201182
-0.677892
-0.295569
3.57476
-0.278904
-0.053975
1.13129
0.809917
1.52648
-0.16002
0.640073
-1.75874
-1.02519
-0.343853
0.631707
2.92497
1.89555
0.814682
22.5103
-0.0537001
1.65908
-0.503397
-0.964016
-4.26901
1.04145
-4.69924
1.22486
-0.363242
-0.187272
1.29706
-1.05364
-2.12776
-1.08717
0.49629
-1.83266
0.245778
-4.30526
-2.90346
-1.08577
0.996603
-9.36545
-0.182416
-0.177967
14.3763
-1.41069
-0.605185
-1.96319
0.362275
11.4128
1.10408
0.382016
-0.956734
-2.61337
0.172232
5.89118
-0.0671246
-2.84339
1.49849
-0.188602
1.32135
-6.20707
-1.09555
0.0312782
-6.61666
1.53099
0.179363
3.94159
3.20035
0.186105
0.157732
0.888537
0.717954
0.103494
0.273649
2.22243
8.59317
0.512866
-1.6517
-0.303479
-4.76359
-0.902862
-0.140156
0.347544
1.79397
-0.600485
2.24645
-10.8239
-3.58041
-1.87843
0.0763371
47.997
0.272205
0.599469
-1.15907
1.06102
1.02066
0.293576
-0.354608
0.568779
0.85757
0.911764
0.998953
22.172
0.828254
-8.68444
0.168141
-1.8183
-4.38832
-0.261284
-3.38228
-0.19261
0.418044
2.92611
1.02896
1.44799
-10.4093
-1.30899
-1.92132
0.675042
-1.89443
0.878106
-0.258395
3.45299
-0.173749
-1.30037
-0.941965
-3.32947
0.160493
0.623178
0.0243487
-0.661162
-0.878629
-0.0666973
1.33103
0.294863
3.95449
0.939975
-0.62208
0.0227291
-1.78616
0.285796
0.436057
-0.123943
-1.58079
-1.02185
1.40365
0.113439
-1.25674
-17.4489
-1.73486
-3.63827
-0.150765
3.84525
4.26733
0.351099
-4.90519
0.950599
7.77826
1.44888
-5.16406
-2.29004
-9.87405
-1.69298
0.921588
-1.19436
1.77055
1.98553
-3.19854
0.515277
3.92851
-0.28569
-0.87572
0.410329
-16.6351
-0.467755
1.88701
-18.3384
0.397074
-3.24618
0.372401
-0.626646
14.5586
-54.1097
2.96291
-0.724488
1.47149
160.795
16.3396
0.882947
-0.0148097
-14.2294
-0.970227
-0.0480958
-2.99009
0.657584
-1.18877
3.48178
2.31926
-0.55963
1.43812
-4.09434
0.235674
-0.168379
-3.58878
0.544851
-0.182741
0.4745
0.131676
-0.847147
0.758365
0.358898
0.937317
-0.491608
1.56662
0.444938
0.160964
0.213451
-3.56663
-0.882412
0.147852
1.29767
-0.615563
-0.351045
-0.81221
-2.43518
5.38255
0.0416604
-2.25141
-0.760561
-0.800679
1.87917
-2.63174
-0.286368
-3.91682
-6.77077
0.460287
-0.426557
-0.141133
1.43307
-135.039
-9.79817
-1.97811
1.47961
0.0348098
22.4386
4.65266
1.54901
1.39039
-0.000400608
-0.564676
0.759718
0.0643373
-1.39071
-0.0562232
0.0858682
-0.173576
-2.02832
-0.0751703
-1.92119
2.49502
0.164216
0.45699
-3.16282
5.8997
1.01919
1.64356
0.746871
-0.499465
0.432583
5.79683
1.44632
-0.582442
-0.143762
0.0991415
0.0458134
-23.3004
-0.946914
-0.43359
-0.453924
2.86267
1.52636
-1.20738
-0.51602
0.042237
-44.5704
0.144363
0.339094
-0.264182
-1.1549
0.484434
1.40434
0.589789
-2.2027
0.383507
1.03777
0.9735
-6.24964
-2.27975
1.82623
-0.166823
1.57677
1.0441
1.23132
-5.25424
-0.0801699
11.9275
9.52035
-0.0809901
6.94922
-6.0855
-1.13156
-0.996244
0.377767
-0.0685335
-0.618267
0.0793412
-1.21297
0.0262159
0.443363
-19.8692
-2.08187
0.0504556
1.34956
-1.63998
-1.23532
-0.385102
-1.77864
-4.66595
-0.463388
0.47536
2.67987
-3.94307
-0.481024
1.07301
-0.606904
0.523354
-1.89283
36.4946
-3.51771
-1.2246
1.88651
12.511
-0.0937552
-0.385973
-6.5763
0.669008
3.04503
1.08726
3.79592
-3.40957
-0.220218
4.24014
-1.45237
-2.64951
-1.97765
0.595611
-1.09906
2.46889
0.894965
11.5205
-2.45226
7.28675
6.3313
8.37754
-0.366106
0.387891
-5.12823
0.00299786
0.0632146
-1.15593
4.89387
-2.319
0.491523
2.38757
8.67056
0.166073
1.92934
-0.101052
-0.488955
-1.6974
-2.07204
2.04389
0.24764
1.20976
1.05859
0.350436
-0.922107
-0.268678
0.433791
-0.273535
-0.308788
0.698308
-1.12419
-0.224986
0.0603
-1.98539
-0.188815
-0.0570794
1.78587
-1.89707
1.24456
0.124574
0.125833
1.0634
0.157903
0.152135
-6.3783
-0.123925
0.106433
0.806476
-2.93312
-1.42866
-0.557394
0.17928
0.935644
0.577209
1.7562
-5.67605
-0.32115
-1.23004
-1.00229
-1.15988
0.998356
-0.0855883
-0.553191
-0.578057
-0.410365
-3.308
0.991112
0.0026829
-1.93248
-0.645067
-0.374278
-1.39293
-0.335353
-3.17486
-0.230876
-0.460859
1.78419
0.356839
0.987221
-7.07717
-0.678399
-0.154128
6.96309
0.376799
17.4228
0.0722641
1.31208
0.756377
1.39407
1.46216
0.342036
1.10349
0.0182336
0.612072
49.3038
0.334629
0.295264
-2.96592
1.74639
-0.313865
-0.140754
1.41649
0.23719
-0.857101
1.12128
0.0690039
-3.2829
0.599131
0.18332
-4.00801
-0.437307
8.20625
-0.437296
0.637839
-35.919
-0.740718
-2.41964
3.33177
-2.27036
-1.37763
-0.655615
2.19377
0.785417
-0.33957
-0.982419
-0.332278
0.343467
-3.0974
-0.278467
-0.815706
-0.533575
0.746748
-0.930753
2.58951
0.0615914
9.50322
-0.170059
5.15287
-1.84154
0.853197
-1.17759
-0.224955
-2.50646
14.3584
1.62527
1.38019
6.53332
-1.28817
-1.678
0.0702642
2.45603
-0.387256
-2.91176
-0.0611476
1.74345
1.22519
-0.346041
-1.01574
-2.19582
-1.25845
0.664885
-1.17369
-0.494171
-5.13209
-0.0315543
-0.304085
-4.97013
-1.99877
7.88259
-1.06004
6.67514
0.159723
-3.37379
0.33383
-2.71574
1.65895
1.83042
-0.240124
-0.90154
-3.4413
1.96801
-0.331057
0.039446
-2.17651
0.21596
-0.0366018
0.0383991
1.49579
1.42083
1.56244
-1.33242
-23.7772
0.464769
-0.672519
-0.356672
0.388482
-1.22696
0.342636
-8.96904
-0.526955
-0.523797
-1.56069
0.0351905
1.04571
0.949221
-0.534193
5.24863
0.294387
-80.8608
0.0895242
-0.397019
-5.4489
-0.971
1.60013
0.0288469
-0.519999
-0.42392
-7.12117
-0.321274
-0.670821
-2.05279
-2.30123
-0.427853
4.11318
-3.27974
-0.179576
1.4912
-0.474473
0.254326
3.52916
-0.367404
0.981491
0.421216
0.19811
1.42574
0.0713406
4.16812
2.64524
0.312283
4.36935
0.898711
4.82677
1.46351
-1.79316
-0.189524
-0.0492653
3.02363
0.000384366
0.404603
-3.49188
3.57788
-0.804233
-0.875221
0.377325
-1.07764
0.624184
-0.0556147
-14.5182
2.26974
1.39244
0.818566
7.11828
0.336126
-0.726888
1.85002
-0.347949
-2.76931
0.596576
-0.559822
0.999755
-2.34948
-3.50775
-316.443
0.597995
-4.98148
-5.40708
4.48391
-1.02729
2.28342
2.6687
-0.382364
0.287254
-3.20002
0.110124
0.0747813
-0.0537496
9.79565
0.898012
-14.2227
2.44259
-0.493063
-0.00647002
1.18353
-2.86179
-0.993791
0.617467
0.812788
1.71756
8.97161
-0.0973322
1.1498
-0.240807
23.5522
0.591258
0.162655
-0.480752
0.00577787
-0.779504
-0.0464396
-1.51777
-0.043913
-1.4184
0.524139
-0.564051
-0.622376
0.289817
2.87734
-0.0925522
1.31357
-0.574608
162.621
10.0096
0.0484244
0.0314992
1.38017
-10.4365
9.91148
-0.119641
16.8835
1.54009
-3.87384
2.42712
-0.345948
0.157342
0.368204
5.5965
-2.11604
-0.360614
0.866327
1.97114
36.8089
0.375195
-0.353255
-0.578674
1.8699
10.2171
-0.159162
-6.16369
-0.51778
-0.921383
-0.0116978
3.04955
0.496491
-1.02647
0.0359767
0.960898
-0.0476838
1.21435
-7.90292
-0.895723
0.345568
0.873348
2.07597
0.243301
1.83159
-0.125144
1.2595
1.48884
0.531997
0.943629
-1.56204
-1.7897
0.912282
-5.31564
0.341318
-0.497605
-0.318108
0.671197
0.543251
-4.64928
3.9443
-5.15377
-0.277541
2.81516
-0.981325
0.831444
0.094236
-3.0095
0.166158
-0.451948
-0.437442
-0.25021
1.24466
0.0182528
0.861769
-0.640027
-1.64437
0.949793
-1.846
-0.166593
-0.750257
0.127271
-0.675825
-0.394767
0.391125
-1.3119
0.203725
1.7085
-1.3016
-1.28548
0.396644
3.75002
0.742559
-1.45886
1.44681
0.778083
0.654372
-3.45871
-3.87083
0.723376
-0.134471
-0.297214
1.40189
-0.331067
3.76907
-2.76002
-7.33204
0.620787
-0.000272006
-0.510407
-1.52483
-236.688
0.265134
0.986478
1.64917
-1.01715
-0.295481
-0.95691
-0.814254
-1.21473
-1.32534
217.733
5.53887
-11.7455
-1.40663
4.37283
-0.247153
1.7472
0.0139593
0.439745
-15.5399
3.64254
-0.121471
-5.72729
-0.848569
-16.1734
0.448579
1.27702
0.601392
-0.411965
1.87625
-1.87857
-0.343135
1.51139
0.856303
-0.0328817
9.58269
-1.85067
0.335031
0.482897
1.22732
96.9942
0.979892
0.423391
-9.61767
-37.2949
4.02838
0.161302
0.383636
-1.65759
7.12704
-0.0542209
1.27838
-0.456735
-0.744485
0.863062
1.88205
-15.7949
2.35834
0.785818
-3.50675
-1.67226
0.584485
-0.418395
-12.3334
-0.525358
-0.31448
3.66586
3.3246
-0.0759477
4.40392
0.218556
-0.644783
0.603023
-2.13034
0.430723
-0.796809
1.9722
-0.714543
-0.00236075
-1.37487
0.938689
-6.5542
-1.07528
0.979326
0.76716
0.403058
-0.550347
-2.6893
7.12379
0.386689
-1.34005
1.07059
0.676364
1.60523
3.00526
1.74736
3.06225
-2.65831
3.78365
0.130093
-13.3163
-0.0869055
0.173782
1.65476
-158.454
4.19485
0.922709
1.05951
0.205385
-0.516699
4.4057
-3.54002
-0.30941
3.33784
-0.309576
0.169532
-0.271044
1.01083
-1.53577
-0.155887
0.165767
1.43934
0.767176
18.3706
0.926757
0.938814
-0.139365
53.2025
4.59004
-0.53577
-7.24713
-0.894014
-1.37263
-0.830367
0.0644556
-0.29271
0.871703
-0.133571
0.178583
-2.9663
-2.12003
0.417084
4.49624
-0.324253
2.52848
-6.62097
0.180904
-0.216675
-3.27832
2.07632
0.0861074
-1.23364
0.539621
-1.84943
-0.198463
-0.00770549
-0.286975
-0.642009
-0.972174
-2.63625
0.10439
0.522078
0.804055
2.0932
-0.925661
-0.28577
0.334372
0.212407
0.202672
0.267202
-0.388196
2.85967
-3.09184
0.0412015
2.41337
1.04349
-0.308379
-0.580608
-1.781
1.19437
0.698055
1.29606
0.202668
0.486432
-1.25973
-0.530697
0.347584
-0.611846
0.728987
-0.364242
-3.43378
-8.07019
5.85372
-1.17115
0.372437
-0.165769
0.0319978
-0.404374
-2.40508
0.826937
-2.33143
0.477114
0.331599
0.485168
1.43154
0.549068
-0.786088
-28.7425
-0.800451
-0.22043
-2.41529
0.578881
-0.600097
3.32819
0.00114257
-5.88988
-0.555726
-2.12944
-0.0191886
0.321577
-5.84545
-1.01513
-3.12818
0.904098
0.88285
-0.0823982
1.77248
-3.10006
-0.407315
-36.8816
0.613875
-0.818434
-1.27222
-0.23421
-2.02563
1.23225
-6.98201
-0.295189
-40.2714
-1.46952
0.25078
-8.18957
0.433006
-0.149759
2.21783
2.79329
11.5816
1.39767
1.10326
-0.471217
3.29652
-0.065195
0.513141
0.0594419
-0.656419
0.812828
60.4569
-0.931582
1.9171
-5.32676
1.55862
4.8215
0.183681
-0.144131
12.1206
-0.395554
0.497593
0.136639
0.182268
0.959795
1.61939
76.6941
-0.203252
0.418532
-1.43719
0.791435
-0.779694
-4.31222
-0.519706
-2.60468
-0.255436
-0.186914
3.94467
0.20873
1.79803
-2.19979
-1.36439
0.968065
-0.892987
-1.85039
-0.547602
-1.1519
10.6561
11.3042
0.417265
1.38269
-2.52985
0.86579
-0.666677
4.14713
2.19003
0.0810859
0.45457
-0.22277
0.941474
2.54715
-0.148445
0.373637
1.59923
0.908319
-2.32881
0.383535
3.43621
0.307437
0.73163
1.14461
-0.386159
-1.36593
1.75554
-0.504875
0.872584
-80.0286
0.592699
0.344656
1.26251
1.71958
1.94567
-0.19351
-0.250557
1.19238
0.452898
-45.2232
-5.54775
12.1236
-0.257086
-0.346098
-2.61425
-0.0939225
0.502812
0.271738
0.815304
8.33429
-0.958328
-7.65863
9.05172
0.223816
0.418237
0.231343
-27.0281
-5.6122
0.935579
1.37813
-4.7525
1.88965
0.347637
6.95813
1.62079
0.891247
-0.433269
-2.18182
0.146294
-0.917332
-0.436182
8.26467
-0.00791638
4.11406
-1.12394
4.41157
0.472899
-0.493043
0.0267809
-0.534049
-0.16332
0.497643
0.554303
2.01087
7.88227
-0.540894
-1.54756
0.401822
-5.16887
1.58676
-1.17433
0.981831
-3.85712
-1.93989
-7.76177
-0.109389
-0.1321
2.61983
-3.60897
23.6123
-0.386749
-1.91467
-1.39641
-0.922392
-0.249003
-0.121098
4.85154
-1.08391
-2.05415
-0.0181622
-0.0742008
-1.32173
1.37636
3.60329
0.460151
0.964794
-0.686696
-1.4468
1.85353
-2.20853
0.38728
-1.85384
-0.319351
0.162752
1.25132
1.65417
0.701727
0.330241
-0.870162
-0.935382
-0.89429
-0.160606
-3.84816
0.58218
0.182968
1.43138
-0.713807
-0.476089
-2.52518
0.76187
12.3021
-0.669861
15.6945
-0.142641
0.0285172
-0.944361
0.26716
-0.026196
2.05278
1.15068
0.413153
0.593356
0.0503336
-0.566078
-63.3232
-34.9376
1.27287
2.27809
1.34773
-3.57842
-0.856959
-0.231122
0.533528
0.446688
-0.666361
0.655093
-2.39996
0.742827
-0.904923
1.38185
-1.62374
-0.847764
1.6351
1.30139
3.3743
-0.766992
-2.49921
-3.63167
2.60618
-1.26033
0.0754075
18.3496
-0.422654
-0.724636
0.891501
0.106529
0.811981
0.232352
-0.0614703
-1.50374
-1.19633
1.2835
-0.744324
-0.187824
-1.19552
-2.3607
-0.500759
0.844845
11.6529
1.6413
4.76005
13.0262
0.927302
2.65534
0.851396
-0.149686
0.155448
-1.80847
-0.914183
0.220481
0.717661
2.86936
0.97028
-0.176012
6.15593
-0.00755433
3.53936
0.963363
1.3753
-6.84372
-10.8821
0.115642
2.04794
-1.95644
0.318103
1.01583
0.329349
0.675077
0.171839
0.81806
16.109
-0.546252
-4.502
0.572137
-3.74215
-1.41176
-2.29129
-0.656206
-1.91591
-2.37081
2.07387
-1.70801
0.557038
-6.70045
-0.850843
2.44957
0.00226181
-0.102343
0.51528
-0.804832
-1.06921
-1.30198
1.02603
1.53306
12.1813
-0.232982
-1.97062
1.66913
-0.123241
0.595615
0.100156
0.567227
0.606759
-0.156969
3.374
0.0867928
-0.234509
0.963578
0.340446
0.186258
-0.118581
-2.8779
-10.3438
-3.28724
-1.7837
1.10668
-0.866491
0.0172301
-0.934786
-0.264149
0.130043
5.17179
-2.79502
-0.707292
2.1098
-3.66086
1.27741
11.4311
-0.768038
-6.18351
1.04586
-4.1801
2.41086
0.935901
56.8102
-0.578027
-5.54133
2.25941
0.339216
0.130175
-6.55637
0.723713
0.912378
1.93807
-1.77294
-0.193523
0.757346
1.59256
-1.69357
1.71396
-0.501335
4.28997
89.2647
-1.08649
-3.40706
-0.0580976
0.123056
-1.89453
0.763441
27.6869
-11.2864
-0.281952
-1.30409
1.00144
0.789317
-1.06149
17.6096
-0.187194
0.234843
0.0954432
-0.901943
1.70695
0.120027
114.721
3.47716
6.72185
1.65159
0.271331
4.97262
0.417798
0.362523
0.515532
-0.463777
-0.10356
1.10717
-2.05709
-1.8537
-2.93552
0.823207
1.28017
0.377051
1.22146
-3.03631
-0.826818
-2.97577
-0.226461
-0.561903
3.7961
-0.485092
-2.49152
0.993666
-1.03121
1.29023
-6.69705
-0.164471
6.02803
0.470635
-0.641965
0.712445
-0.0706653
-0.573586
-1.12648
1.0533
-3.06209
0.0260969
4.2072
-0.64098
24.4034
1.67977
0.473419
6.09483
4.47002
-0.422366
-0.335306
2.73048
-4.8939
0.976944
-0.372901
0.623556
2.94022
-4.60131
-0.0157444
-0.600166
0.460302
-6.42189
0.917632
-2.42777
-17.3517
-2.01809
0.231534
1.85114
-1.22024
5.04544
1.1216
-0.374843
-0.807518
-0.158922
0.134409
1.56621
0.937644
-0.124119
-0.0247062
-5.3081
4.53126
0.271046
0.755353
3.78973
0.344601
-3.70181
-1.14488
-1.93147
0.70715
-5.06651
-1.0454
-0.0873106
1.40057
-23.2936
-0.318427
-1.31443
-0.938437
9.57959
-1.63711
1.96127
0.474818
0.110514
-0.231078
-1.5351
-0.388264
4.36728
-0.452483
0.658144
1.65699
0.525896
-1.1179
-2.67046
1.65256
0.26355
3.74833
-0.442113
-4.33278
-0.24268
-0.267241
3.48221
-0.10467
-1.67386
0.924805
-0.986516
0.531261
-21.8303
-0.92722
-0.505421
-0.278275
1.17057
-14.3467
-1.8609
1.3248
1.00811
-7.51839
-0.538155
-1.00425
-2.84544
-26.8162
5.99124
-1.08053
-1.06704
0.725152
1.34736
-27.8784
0.582534
-0.184093
-24.1019
-0.351919
-6.51248
-1.21828
0.995682
-0.726872
5.45099
-0.855936
0.0187838
19.8463
-0.466734
-3.80624
0.255647
-0.50775
2.22861
1.18401
0.0352007
0.153637
-0.882775
-1.15039
-1.05368
1.78883
-0.610578
10.5566
1916.91
1.47933
-2.15478
3.64861
-2.21684
-0.856314
-0.457357
0.997279
0.916992
0.482168
-0.988089
0.562751
-0.494559
1.71395
-5.92872
1.71299
65.6853
0.770221
-4.88948
1.6784
-0.167956
-0.0599971
-1.09981
4.61605
-0.681345
-0.143817
-1.77147
3.89878
-48.8912
0.888929
4.45625
-0.98159
-0.237251
-0.0369145
-2.63146
-1.84929
0.336238
-0.897792
0.738012
-1.09009
-0.0381086
1.80419
1.06967
0.0638185
-0.995291
209.794
5.32407
1.02848
1.32537
-0.815504
-0.106406
-0.052365
-0.288116
-1.58074
0.0810555
0.389297
0.307951
1.38349
-0.404567
-0.389542
1.44178
0.037544
0.0677767
-0.117326
0.919073
4.88878
-9.27003
7.99555
0.0149476
-0.358193
-1.18687
-0.399206
-2.2659
-1.89605
2.16429
-1.90866
-4.21976
0.184035
-0.976184
1.35309
0.736162
9.91997
-3.22427
-0.75383
0.321743
2.23827
-5.24185
-1.74157
-0.29908
-0.541333
0.375816
-3.40786
-26.0545
-0.424558
2.27167
-7.24368
1.38481
-171.789
0.481812
15.0547
-1.41105
2.49974
-100.985
0.162663
3.91831
-0.903012
21.3056
1.43449
-1.04573
-0.26804
-0.309762
-0.456785
-0.417829
-0.490063
-0.263085
-1.67649
1.1066
0.114412
1.43923
-0.556021
-2.26004
-0.388812
2.37047
0.171844
8.44399
-0.313201
-0.0431384
-0.397162
-1.71905
0.392624
1.53261
-2.05472
2.92972
6.2699
1.83022
181.755
-0.527496
-0.011347
3.05488
-0.207159
-1.65008
0.424051
-13.6194
0.483478
-0.799834
-0.75096
-0.516133
0.623216
-0.96473
-0.992198
-5.96414
11.3352
-0.238679
1.52989
5.13294
-4.09054
2.35663
-0.894237
1.9667
0.120432
-39.4434
-3.61606
-8.84847
1.33424
-1.00538
-0.792107
1.3372
3.30014
5.13285
1.65624
0.029351
1.40261
0.150632
-1.80781
0.890688
-1.21639
-0.683328
-0.350604
-2.00375
0.677902
-0.367957
0.0203111
-3.46429
-0.484837
-0.127196
-13.0292
-3.76131
-1.73214
3.5419
-0.950495
-0.578174
0.142116
-10.9556
5.48663
0.38906
-3.56597
0.395972
0.145443
1.4096
5.30718
-1.82485
6.41128
-1.16053
6.56712
-2.91988
-1.90386
-1.06015
-2.94614
1.31408
-0.744242
-0.000664579
0.220396
21.8701
-1.72296
-1.85971
-0.419815
-0.0300845
-0.875319
-7.19377
0.369552
1.4624
-23.1985
-2.03426
-0.184125
-0.220977
0.290877
-0.204988
0.346374
-1.91179
-0.637614
1.96935
1.87463
-2.14074
4.2084
-0.484639
4.90258
-0.950519
-0.567729
0.835644
7.81055
2.44586
2.21531
-0.53617
-1.15012
-0.0487821
0.292001
11.2242
5.30823
22.7243
12.4725
-1.6732
1.74591
-0.218374
1.56255
-0.246043
-3.24733
2.72773
0.644478
3.58787
-0.965825
-0.818116
0.359527
-0.0300672
-1.13559
0.63619
-0.0634098
-1.48694
753.757
-0.464807
9.60291
-0.0770122
0.626886
0.052799
1.90653
2.58302
-1.16539
0.58531
0.144774
-5.16808
-0.257834
2.45019
0.829914
-0.0210961
3.65171
5.56648
-3.19506
0.900473
1.43433
-1.83843
0.448254
-6.18535
0.65753
1.38116
-1.62874
0.921463
-0.433385
-1.64398
0.27316
-1.70599
10.4087
-20.1166
0.233772
-0.535145
1.15954
-0.0285025
2.27442
-0.371975
-1.00547
-0.596924
-3.6156
13.1572
-2.33254
-1.54437
-0.140937
0.751775
4.84111
1.36771
0.0889883
-1.98997
-0.322681
-0.512229
0.247054
7.21856
-5.26647
3.86222
-2.02276
-1.20985
-2.38564
0.941023
-1.76106
2.03293
-3.73362
-2.13836
-18.5512
-0.352067
-0.91406
-2.48242
-0.328781
0.423683
-0.282746
0.610653
-1.28003
0.233311
3.82159
-0.665042
0.654475
-1.56342
0.174625
0.0300485
-0.129743
8.35881
3.3058
0.30665
-0.549131
0.440924
-0.184949
2.82428
0.557268
0.967488
-23.2304
2.11982
-3.64725
-0.57639
2.56245
-1.39098
1.70878
1.41301
-2.87622
0.247307
0.926761
-0.442449
8.93987
-0.863737
0.0536084
-1.97324
5.02001
-1.99519
-8.12112
-1.78654
-0.946118
0.492031
-0.716589
2.44701
1.22086
-1.26361
0.102212
-5.05502
-0.482621
2.13245
-0.502875
-1.27459
1.03922
0.470536
-0.300788
-0.123648
-0.276716
1.24466
-2.26675
-2.26764
0.0493094
-6.19285
2.43214
1.81407
4.10428
-9.6476
-0.896614
1.90429
-0.32472
6.97427
0.225637
-2.3691
3.23518
0.149586
-2.87535
-0.0303028
0.0788676
-0.0839559
-0.280191
-0.726637
-1.88098
-0.912927
-0.0121905
1.77653
1.49953
1.27802
0.0999458
-0.454966
2.76539
0.328666
1.1772
-0.262984
4.03968
0.469283
0.35864
-0.296714
4.61036
0.2666
-1.11214
-0.638038
-5.77169
-1.24572
-5.18248
0.755396
0.0215914
-0.610467
1.43305
-0.953158
-0.698801
0.55306
5.51413
0.568888
-2.11382
-11.5211
-0.770834
22.6467
-0.0288309
0.049042
-0.711425
-0.176858
-4.27204
-0.559757
1.88385
-1.09375
-0.399167
-0.0131598
2.24333
-2.22223
-1.42634
-0.38698
-1.38433
0.212592
0.76303
-0.490041
1.08185
-0.110188
-44.3389
-2.66025
4.59106
1.18626
-0.110591
3.94234
1.77358
-0.342017
1.44433
-0.0159705
-5.9067
-0.443435
-0.879798
3.45298
0.902284
137.829
3.23047
4.85926
0.552326
0.507631
-1.41726
2.14858
-1.03202
16.5386
-0.0168893
-7.07641
0.240499
31.0712
0.300625
0.613362
-0.124674
-4.21216
-1.78015
2.32357
0.000416985
-0.471039
-0.324536
0.140006
0.966639
3.89786
-0.360563
-0.531883
-0.9039
0.695358
15.1626
0.730403
0.616713
0.158413
5.27827
1.04844
0.0716299
0.0160294
-0.315359
1.37877
-2.90634
0.778533
0.619434
2.34502
-19.9893
-1.72656
-1.08668
2.88227
0.140676
0.725382
-20.6781
2.69032
2.29911
-3.64379
-9.92156
-13.4798
1.79884
1.20624
-0.0889129
23.4982
-0.921149
-1.012
3.13433
-1.66753
-1.41744
-22.6289
0.170315
-3.71649
-1.28312
-0.143019
-0.00523682
-0.806274
4.76554
4.94249
47.6689
12.4428
1.22331
-1.05977
0.668538
-3.10049
-0.381523
0.235211
6.46009
-3.53693
-1.71704
-1.00073
1.50814
7.6417
-2.43696
0.0693773
10.1334
0.390575
1.96348
-0.250947
-1.06845
-2.86696
-0.477607
-1.55896
24.5433
1.15275
0.738424
-0.11484
-0.498241
0.811646
-0.0442858
0.468204
0.146703
-0.571004
-0.298383
1.33763
-0.349544
-0.269687
-0.352768
-0.572179
3.461
-5.99875
0.744067
111.95
4.11373
-7.38887
-0.0532467
4.31352
-5.55162
-0.29229
1.00504
-5.15598
-4.08039
3.59634
-1.69881
0.0397476
-1.99529
-3.88067
11.8776
0.957578
1.34538
5.32934
1.97826
0.437228
-1.02396
1.05546
-1.3156
-2.67813
3.68631
-0.31336
1.45344
0.214091
3.23296
0.75597
0.318151
0.885763
-1.52262
0.300203
2.33579
0.298261
-10.3285
0.760218
-1.22493
-5.19098
0.915186
1.22082
0.205919
0.0655905
0.397849
0.802594
0.555397
0.430522
6.35051
-2.49549
-1.49212
-1.02089
-4.00402
0.047723
1.56788
2.80695
-3.60956
0.0868244
-6.29344
5.08886
-1.0039
3.68654
-1.51234
-0.254309
1.34224
-0.0250729
1.82654
4.84307
13.0059
-0.193485
0.0123613
-1.84875
1.85341
0.5562
-1.42163
7.98878
-1.63212
-1.79037
1.11142
-6.33158
-1.77737
-0.900924
0.163172
0.971698
0.617735
0.776511
1.18631
1.13304
1.87426
-17.8782
-1.26604
-1.00934
-0.109611
-0.28842
0.987513
-1.44788
3.57495
-0.048115
0.502325
36.7606
1.0143
0.122941
-2.27455
0.628581
0.810955
-1.7186
3.42229
0.658943
-0.254289
-0.515982
1.86037
1.25626
-0.25506
0.0673689
-0.0496429
1.12194
2.35647
0.0259311
1.77373
8.61815
-2.58906
1.19539
-0.0954753
-0.912198
2.84338
0.675419
4.11972
9.25364
-3.78199
-0.186004
-1.89203
-1.63354
0.27679
-3.07267
-4.11026
-1.25634
2.18577
0.372278
-3.68403
1.94325
0.490002
-17.0594
0.59599
3.29876
-1.60045
-0.362879
1.13723
-2.70308
5.5256
1.23195
1.72114
0.69227
-3.40942
-1.7517
0.741062
-2.93636
-0.317112
0.932725
3.79879
-0.861052
-0.264578
0.44706
14.9638
-0.048843
0.610774
1.363
-0.700945
0.525597
43.6585
-0.0364423
-0.0216491
1.36445
-2.25
-1.25603
-0.350183
-0.0812323
1.37404
-1.76804
-0.473321
-0.081354
5.56385
-0.501259
0.15504
14.1091
2.98363
-0.186049
-1.68833
2.58236
-2.81971
-0.656768
-0.226364
-0.0206826
0.234284
0.47312
1.62867
-0.750514
-1.02574
-2.31956
1.06248
0.680934
5.15396
1.6922
-4.87385
2.10091
-0.710107
4.77198
63.088
-0.168399
-4.34653
-1.03973
4.34961
118.992
1.32273
0.155776
-0.695789
0.295633
-3.0495
0.223716
0.153188
0.300578
2.06671
0.195129
0.222815
0.890738
3.14982
-1.45507
1.76113
0.298071
-0.188603
-2.3655
0.247969
-3.12662
-1.94851
0.234239
1.17104
-0.0617876
-1.92461
0.839761
-2.177
-1.2037
0.415544
-0.298138
3.54008
1.24994
-0.0898164
1.6634
-2.35678
-0.28535
1.62549
-4.94695
-2.93693
0.131661
0.172249
0.148979
-6.76632
-0.0486289
-3.72983
9.38654
0.251058
-1.54458
0.487863
1.49651
3.16556
-1.79462
0.602409
0.627112
0.74194
-0.816815
-0.301211
-1.17997
0.803295
1.41514
0.458603
-108.178
-1.7357
-4.55091
-0.622372
0.0181601
-2.12891
-0.294997
2.72247
2.46627
-1.61938
-7.43057
-0.383013
-0.494632
-0.514202
-6.17902
-4.90843
-0.636529
-0.0528216
0.604072
1.58567
-0.534592
0.687628
-4.18843
-0.574464
0.811297
-2.6666
-0.890702
2.6984
-1.23919
-1.71103
-2.25657
-0.183551
-2.18816
6.24874
1.34882
1.38188
5.7003
1.39589
2.35194
0.887963
1.16565
46.9862
-0.40509
2.21708
-2.02312
-0.305051
0.524285
0.0104765
-1.33241
-0.324182
1.77314
1.29489
0.174941
2.41782
-1.46644
-1.29879
-0.194686
-0.787943
-1.99952
1.66128
3.37649
1.45544
-0.46844
13.2336
0.277395
-4.21729
-0.943506
-0.146905
11.3342
-7.25724
-0.666626
8.17482
-2.69639
0.850662
0.490987
1.42372
1.23605
0.337023
-0.501595
0.714775
0.342656
13.5583
-0.0269135
-8.34408
-0.0605139
-2.1107
-0.195401
-2.18191
0.331727
0.493243
-2.02916
-1.46801
-0.185079
0.722649
-0.395964
0.589533
0.0987465
63.197
-0.288535
-0.325792
-2.3146
-0.336603
-0.58984
2.40871
-3.71127
0.490116
-0.671023
5.25683
-12.8252
-0.813649
-0.734971
1.08309
-5.72394
-1.122
-0.879114
-1.39933
-6.4743
0.471981
0.940415
-3.8077
-2.56973
-0.246895
-1.14408
0.08739
2.51866
-0.120439
2.07091
-0.978781
0.443385
-2.49908
0.418747
-1.86689
-0.548067
1.54104
0.323907
-2.66853
3.18524
15.4884
6.69903
1.3771
-1.06584
-0.25064
0.27132
0.160211
0.958964
-1.5895
0.779208
1.59014
13.0961
-0.292192
0.228558
0.942031
-0.524617
-0.495121
-1.61361
0.635893
19.011
-3.56667
-2.04941
-0.200891
-2.01059
36.0273
3.14845
29.2602
3.0857
-1.73011
-0.617375
1.12683
2.06408
-18.1166
-57.4301
0.273469
-0.115306
2.03347
-12.4963
0.0268745
-0.966521
2.59995
-1.74381
13.5159
0.674525
-0.447466
0.782584
2.39136
0.778032
6.617
1.32033
-11.3352
-0.0372001
0.550296
-1.05949
0.0426052
-3.53735
0.11797
-0.399451
1.23134
-0.194995
-0.0916317
-3.24099
-2.37159
-0.383316
-0.703673
-3.54714
0.0477717
0.389931
-1.7964
-0.250935
-0.61729
0.288702
14.0853
1.78289
0.953671
-3.71748
1.69562
-0.83239
-0.863007
21.3954
-0.0693841
-2.76933
0.332839
1.00621
1.21194
-0.0827632
-0.56045
-22.4351
0.278429
0.974033
2.30629
1.74518
-0.707681
0.312925
59.2815
-3.30872
0.88782
1.19664
-3.25591
-0.026728
4.37048
0.217429
-0.151702
0.618896
17.0342
1.3696
8.34439
-2.33716
226.4
-0.217246
-24.6756
-0.537137
1.36207
-0.050853
4.31163
-2.40874
-0.482709
2.12729
-1.04431
17.0774
-0.634685
-4.0902
3.03277
-5.10522
-2.27792
0.969432
0.10841
1.96248
0.417909
10.1309
1.37926
-0.67703
-3.74028
-0.3831
0.385714
0.309401
13.094
-0.329059
0.476108
0.558252
-0.477006
0.889592
-0.872202
-0.745034
0.558601
3.78775
0.387498
0.0694547
3.02106
-2.29513
-1.61216
0.367067
-0.0781058
1.83842
-69.1725
1.44217
-0.42773
-0.408244
-2.02126
-0.624158
0.994867
-4.34305
12.335
1.55119
0.539633
0.314779
-0.722144
0.218608
-0.447694
-0.0269035
0.492677
1.03499
-0.226662
0.957258
2.84914
-2.56592
-0.809272
-2.51799
-0.854962
0.77317
-3.57756
-0.633091
-2.06165
-3.43213
-0.519674
-0.0870308
-0.187493
-7.55209
-1.25985
1.09005
1.79333
-0.468679
1.47598
2.22702
-1.07319
0.749323
3.48739
0.814556
-0.299999
0.0557166
2.15257
2.12789
0.179112
-0.439669
-21.6365
1.05896
-0.423667
-5.69532
-0.864214
-16.3607
-0.341171
-0.127506
-1.05121
1.79361
1.18857
1.11788
-0.884695
-1.17354
2.86927
0.249665
-6.44645
0.378506
-3.30019
0.618692
-19.6777
-1.68655
-0.093869
-0.376895
-0.0280374
0.642243
-4.15878
5.52032
-2.0881
-1.11852
0.483678
1.0029
0.60533
6.51447
-4.11287
0.255312
0.530502
0.252305
-2.4684
-0.360762
6.62596
3.04004
2.2645
-0.151937
-0.463532
-6.79267
-0.946566
0.696403
-10.5392
0.0352456
-2.73347
-0.0646964
-1.84521
-10.1651
2.76434
-0.154897
-0.0533413
-0.216125
1.30484
-1.93978
-0.629415
2.52665
0.801581
1.2695
-0.283694
-0.00274483
0.220707
0.462585
-1.20475
0.267954
-0.0276323
-0.0707829
0.290036
-0.344718
-1.47902
1.12319
0.0210128
-11.8725
0.837477
2.71608
-0.808418
150.26
-0.0838946
-0.133575
-1.89462
-1.94349
-1.32157
-3.91876
1.69481
-1.14447
9.60747
1.55539
-0.686367
-0.851499
1.58279
0.0437508
136.565
-0.872206
-0.630664
0.499244
0.682429
2.14727
0.12442
-2.52154
-0.420017
-0.795911
4.43246
0.0324024
0.622532
-36.9687
0.887335
0.0850325
-0.858448
4.64248
-63.3176
-2.39842
0.693425
-0.683275
0.140101
0.832187
-212.21
8.50939
19.5812
0.10222
3.2759
-1.50247
-0.873082
-16.0504
-8.71374
-0.0309287
-0.292051
-0.0695853
-2.80587
-7.9272
-4.22544
0.224679
-0.631023
22.9692
-1.16624
-0.496798
2.60234
-2.80625
-0.230567
-2.19719
-3.18756
1.72642
-0.128915
-0.857493
-1.40104
1.19935
-0.326612
-0.19639
0.584056
-0.446371
-0.136714
-1.52395
0.663647
-1.03331
-0.523861
-0.398487
0.42575
10.903
0.876171
-2.13221
-0.5648
-3.30249
15.7963
4.31021
-0.439453
-2.30923
2.82971
-0.497475
-1.22818
0.658578
-8.98054
-1.05183
-0.0510551
-0.238665
-0.222675
0.822915
-0.741268
3.3116
0.281498
1.19536
0.0949824
0.734129
-0.279458
-0.84734
-1.60807
-1.32811
0.0120214
-16.1174
-0.143283
2.26798
-0.243161
0.390265
-1.41711
-6.72731
-1.65156
1.17875
5.22052
-2.01219
-0.313261
10.0098
0.776315
0.0788422
0.00453384
0.700458
0.600388
0.0139686
-0.803986
0.182898
-0.530195
5.22894
1.2725
0.472855
5.47408
-2.79064
1.15475
-3.04618
3.81757
-1.31425
6.27053
-0.336828
-10.6341
-0.217506
0.837331
-1.45961
-0.584602
-0.798903
-0.289871
-0.537061
1.82083
0.493723
0.411227
9.40144
0.820864
-31.6896
-0.227464
0.243434
-1.25675
0.585515
-0.454654
-0.512079
0.959706
-2.19338
-0.0137436
-1.65334
1.07046
0.206063
2.29173
-1.70336
3.99731
-4.95444
-0.730446
1.37538
-0.709866
1.09502
-37.4648
-1.253
-0.381636
0.0961385
0.592565
1.07829
3.74475
-0.303865
-2.75337
-4.72122
-0.165764
0.269152
-7.87464
-1.66704
2.42523
-16.2392
-0.459442
2.13387
2.47512
-1.53818
6.82119
-1.58394
-0.139033
-0.928344
6.58738
-3.49146
1.1934
1.2528
-0.519089
-2.36736
0.808067
-0.771822
8.11146
0.403631
-2.42829
-0.578396
-0.741125
-1.01143
0.921002
0.607887
0.592834
-0.843946
111.01
-0.608276
0.409143
-0.188002
0.269658
9.70806
-2.99007
-0.3419
-0.101991
-0.385201
-0.143516
-11.6796
0.289016
-22.3996
0.403436
27.0693
1.85307
2.13933
0.25153
50.6951
2.34575
-0.615937
0.151011
10.1785
-1.08633
-1.8617
1.93032
-1.85621
0.568298
1.33255
0.282412
-0.341236
0.427506
-1.50269
5.25692
-31.1115
-0.289387
0.944105
2.86444
1.17452
-0.126274
-0.115605
2.41899
-1.32884
1.12118
-0.515319
-1.82191
-5.71581
0.459572
-11.4351
-2.22562
-0.231368
0.81098
-6.37926
-0.0130443
-7.41243
1.77183
-0.120362
10.5119
15.4151
0.0575083
-2.25961
-6.38604
2.40717
2.21259
0.356699
1.86328
1.67243
0.147558
11.9122
1.26031
-2.14089
1.89643
-0.0291836
-0.689489
-2.10114
0.817274
-0.493295
-2.50167
-0.818167
0.590547
0.976664
-1.42459
0.66922
0.14843
-2.19597
-0.490308
-121.628
0.023163
0.156904
-6.57413
0.575533
-0.11665
-1.76129
4.45839
-0.264707
1.56475
2.92207
1.2052
13.5094
0.892333
1.8252
0.308451
-1.23328
-0.882332
-0.113522
4.5268
0.683109
-0.801993
-0.582471
-0.258755
-0.0698108
-0.0469696
-1.68165
0.848849
-1.47098
1.369
6.3637
7.05188
5.63514
0.155636
-0.161889
-1.21789
-69.6775
-0.27068
-0.175441
-5.53449
-0.447822
-0.921076
0.988698
-0.276335
5.39358
-0.446431
0.280013
1.15415
0.107783
1.77198
1.03543
-1.26946
-4.72567
-0.853972
-7.32457
-11.1731
1.34547
-0.363434
-0.345228
-0.768173
-0.500601
-0.0446259
3.09607
-0.0748184
0.754834
0.459216
-0.134441
-0.52415
0.337884
-0.170213
3.09283
-0.259802
-0.773088
-1.22121
-0.790126
-0.529023
-0.717951
-3.41404
-1.61681
-0.921242
-1.83166
-0.206668
-1.39979
0.309926
1.68135
-2.62528
0.498836
3.35612
2.06529
0.812405
0.414358
1.23399
2.03905
5.38918
-0.177362
-4.81613
-0.786962
-1.34407
0.525112
-0.542674
-7.99352
0.0685842
12.8378
0.467569
0.494774
-0.773605
-0.470848
-16.9941
-1.52524
-37.7559
0.0149966
-0.976949
0.525032
-0.369253
5.23112
-0.112812
1.02676
0.00161146
-0.0352391
0.464227
-1.64687
-0.155234
-2.73193
-0.529408
-0.759233
0.992646
6.02647
-0.358308
0.588316
3.41496
0.0870242
0.212617
4.64231
5.03233
3.37656
2.69204
0.120904
-2.47744
-0.1237
3.93254
-0.0707955
-0.271613
-0.866882
0.961372
-0.128643
-1.25498
-0.574203
-1.28963
1.55388
-0.429398
0.177258
-0.518239
3.62598
-0.00362562
-1.08069
10.3058
-0.557975
-0.224061
1.61258
0.905241
-7.90874
-0.394124
-0.549402
-1.21277
-0.106698
1.57491
-1.93712
-2.92112
-9.01789
0.749795
-0.249689
-3.37417
0.680972
-2.60351
3.92869
1.91798
2.55342
2.45732
-0.112053
-1.19621
0.554971
-12.1677
-1.31455
-0.30439
1.07769
-0.462071
-2.96113
-0.835006
-4.92645
5.12233
5.40771
1.78152
-0.454278
-0.439485
0.743108
1.58871
-8.89717
1.29441
0.0499243
-0.316575
-0.0733155
0.455788
-3.57987
-13.3585
1.2985
11.4198
-0.320975
3.50161
0.242309
-8.71449
0.116244
0.0872512
0.964062
-12.4406
0.000725049
-0.251946
-2.01883
-0.7012
1.20487
1.21022
3.05667
-2.829
-1.98283
4.40906
1.01715
0.353193
0.28367
0.281458
0.0338292
0.742113
-17.2714
-2.38281
-1.39119
-12.8545
0.527709
-1.81039
-0.383996
-0.76573
591.547
-2.38945
0.912367
-1.26456
-1.3149
0.609626
0.290689
0.76101
-0.406524
-190.249
6.77397
0.259998
1.52386
1.04739
0.989745
-1.00975
-0.65858
0.117041
-3.90684
-0.155936
0.635745
-2.95475
1.23638
-0.0869703
0.054576
15.8884
11.2114
0.342967
-4.24701
2.1534
0.505086
9.58637
-1.97533
17.996
0.398857
1.40124
-0.200409
-0.580189
0.432669
-0.581728
-0.109106
-0.530352
1.09224
-15.913
0.497206
-0.874236
0.71633
0.433455
-0.0120799
-13.8022
-4.25347
-0.498933
-0.821496
4.36439
-0.987527
-0.691396
-0.640993
1.4178
-0.447618
-0.814421
-6.53631
0.473535
0.809036
-3.55199
-1.27911
0.184581
-0.0278747
0.536517
0.0477326
0.278556
80.7561
-1.58178
-4.2345
-6.81462
6.35017
2.49623
-0.0416824
0.140513
0.438111
-0.799557
-0.90105
1.17726
4.02901
-5.82729
-1.31627
0.535518
-1.14259
0.0898513
0.759673
-0.888547
-0.697123
-3.17287
-0.584859
1.86785
-0.732518
-2.35331
-0.0999674
-3.9027
0.0155127
4.57146
0.0467936
-0.784881
-0.53163
4.72593
0.374739
-0.832725
8.82016
0.431435
0.405595
-4.11224
-0.272664
3.35076
0.979535
2.71882
0.931947
0.787501
3.81615
12.9251
-0.432545
-2.82358
0.0970063
-0.046871
3.68566
0.159042
3.61788
2.52949
1.94055
-0.200323
-7.30422
2.00034
-0.11579
0.473066
-0.879876
-0.427327
-0.0241886
-0.630259
0.14853
0.365979
-1.65558
1.30388
3.73321
4.05072
-1.30068
-1.44598
-1.21958
-0.139711
-0.456888
-0.312032
-20.4753
-0.86384
-0.411392
0.165012
9.4278
-0.697803
1.65759
2.79085
-0.119868
-4.60531
0.185363
1.21985
-0.958868
-5.05841
0.219838
2.83454
0.483164
1.11488
-0.162294
-1.45578
3.00851
0.576622
0.397627
3.95825
16.1369
1.07457
-24.8036
1.27633
0.648391
-0.728623
-0.0712097
-216.669
-1.1577
-0.875141
-0.303936
1.6553
-12.4752
2.12787
-0.656992
0.365722
-2.5245
-0.713228
0.440155
1.30653
1.23231
-0.0641253
-0.154976
0.820165
-0.469801
-0.939359
5.5755
-0.224636
-2.70788
-0.00384717
0.271171
7.85619
0.0453121
0.594914
-1.13879
0.602681
-1.78099
-0.021303
0.373
-1.49011
-2.03971
-1.40736
3.45952
0.671341
1.15861
2.07749
-0.507367
-5.1935
1.75857
-0.650713
-1.14586
-0.0966416
0.0753441
-0.75934
0.230318
0.34333
-0.53792
-0.753493
-13.8712
-2.18571
-2.24311
1.9828
1.96226
1.1663
1.30371
1.44975
0.908969
0.977021
4.79265
-3.03012
-0.891983
0.284202
0.638242
-0.990414
0.958402
-0.737268
-3.59694
0.808658
-6.75329
-0.464303
1.46037
-5.96471
-0.0344127
-0.405376
1.85861
0.888647
-1.65398
-0.785489
-0.725625
-1.63642
-0.0671513
-0.565154
-12.6125
0.931708
0.53853
0.132288
1.39193
-0.209518
-1.43822
1.72899
-4.40959
1.56124
0.713352
0.499696
-0.760046
-1.10233
-0.553179
0.453387
27.1301
-1.9613
-0.710786
1.45288
-4.59568
2.78874
0.115606
0.403291
-0.225223
0.234794
-0.467677
-1.33088
0.246843
1.86665
0.316229
0.523002
-2.39012
-5.01725
-3.93055
-1.51604
-5.69905
-0.090867
0.0342104
0.246844
7.87921
0.0614639
-1.02013
4.13487
-3.06409
-0.139972
-1.93579
0.216836
-1.3405
-4.69693
0.430477
-0.299642
-0.77911
-0.79049
4.90632
1.57557
-0.46774
0.65096
0.306902
0.551556
0.817752
-0.724851
0.0304717
-15.9464
-1.34561
-0.124518
-1.26785
-0.600409
-0.585826
0.179847
-0.842714
6.88139
1.35218
-0.641833
-0.587374
0.112035
-0.789196
0.319868
1.90486
6.69342
0.771811
2.65605
-0.0708874
-1.66731
0.698953
0.77406
-0.839288
1.02655
-1.2699
-0.404465
-1.47139
0.639413
-1.53585
6.69773
-0.0676558
-1.49729
-0.320399
-2.29696
-0.415708
0.186246
-1.70428
-0.102348
0.634941
-0.602587
-0.0995596
-0.0861728
5.52698
0.630543
1.49889
-0.154682
0.0658764
-3.84941
-0.365031
2.31287
-6.0904
-0.346817
-6.11214
0.348017
5.39012
0.161979
0.604745
0.898606
1.02085
1.05922
-2.57902
-0.471144
-0.0514957
-4.94225
-0.340544
0.13673
-0.0681889
3.42541
-1.6536
-1.35045
0.729098
-5.92788
-0.596182
0.15822
-12.9509
-1.32295
2.71856
0.936778
213.097
-0.275227
2.46768
0.570234
0.893249
-0.976103
-0.889862
0.32968
1.66185
0.162742
-0.915046
5.84544
-1.89952
-1.59191
0.810914
-0.419781
-1.31038
8.51966
-3.22369
-4.38455
-0.825987
-0.693068
-0.00817353
-0.325531
0.111019
1.71407
-5.89865
-0.233685
0.47638
-0.650497
0.274603
0.0293236
4.07955
-1.20935
-0.818674
0.820841
1.00619
0.677343
0.756143
-8.57371
-0.123614
0.304786
-2.06986
0.379926
0.487815
1.65417
-0.18064
-1.33454
-0.247647
0.269936
-3.50516
4.52438
0.709133
0.225944
-0.886209
-0.232642
-0.677961
1.17993
0.264502
1.08647
-5.76005
3.85389
-0.407896
0.466754
4.78536
-0.0798465
1.29282
-2.9634
1.09309
-1.67901
-41.2347
73.8436
0.948206
-4.79574
1.22926
0.600224
-1.49293
-5.4871
4.45726
-1.38072
1.0668
-1.53308
-0.354386
-0.578023
-0.640312
-4.69823
0.415826
0.202719
3.80569
-0.61925
-0.506695
-0.439953
3.10727
-0.807125
-1.42527
2.84972
-0.150558
-1.7902
0.194844
-0.0442585
-1.12592
4.87877
4.08044
0.540073
0.793122
0.248297
0.385768
-11.6424
1.65122
-5.16988
3.55182
4.35064
2.54413
0.553321
-0.0189273
-0.950915
-0.588824
0.781612
-3.09933
-2.35923
-0.207487
1.39853
-4.87553
-0.678935
-0.345395
-1.32457
1.05861
0.052511
0.0808641
-1.47392
0.61594
0.200208
1.56565
-0.488605
-0.125267
-0.38761
-1.40083
-1.29286
0.502893
0.104747
0.27063
-0.257206
3.92016
-1.02603
0.965222
1.08672
-0.00897455
0.269443
1.41927
-0.952983
-10.0299
0.0923535
2.81864
1.35215
-0.42011
-0.164077
0.517556
0.094586
0.202588
-2.77461
-0.192849
-189.796
-1.2866
-0.122861
-2.85982
-1.69902
-1.04591
-1.00927
-3.19931
-1.60386
-14.8608
-1.03526
1.77652
1.54963
0.412047
-0.977582
2.59329
1.44218
0.425983
-2.8763
-1.6534
1.58186
1.78638
-1.39837
0.206956
0.0216245
159.972
0.178393
-1.10841
-5.36364
-3.8381
-0.646094
0.829802
-0.275841
4.41132
7.89667
0.45056
2.46263
-2.71317
0.778978
-0.519131
-17.0677
0.035771
-0.322554
-65.5019
0.127893
-0.279079
-2.36967
-0.828659
1.17334
0.82918
0.303724
-59.5717
2.43422
0.378854
-2.11912
10.7938
-0.807904
0.217882
-1.43534
-4.28066
0.238069
0.329295
-0.820074
0.16863
-0.75693
5.64086
-0.0963471
8.1552
-0.149749
-2.47362
-1.13874
-3.51766
0.432859
0.136053
-0.14229
6.21489
0.434795
-0.145072
-1.88479
0.827955
7.70726
-2.30754
-1.37484
11.5732
-0.274143
-0.228563
-1.60117
-0.771201
-1.37902
-0.599796
1.87697
1.77381
1.46942
-2.17435
-22.0858
-0.223622
16.6087
0.600261
-0.78589
-17.8194
5.12481
-0.0667544
9.96791
1.08959
-6.68534
0.486262
-1.55447
-0.560696
2.38948
0.400286
3.67894
-0.452619
-1.65876
-0.201506
0.699566
-2.77701
-1.65059
0.105857
-0.0575504
-0.982112
-51.3258
-4.5781
0.79371
303.994
0.0292134
-0.212528
0.912676
-0.992975
-1.17435
0.273008
-0.939656
-0.644638
-0.607952
-1.75512
-0.0430521
-0.744162
2.53121
-8.17701
0.598654
0.0708433
0.911472
-0.243555
-0.518563
-0.113852
-0.174337
-0.761647
0.406691
0.449354
-0.64794
0.766086
3.30929
-0.938198
-0.34219
-0.320265
0.0336142
-1.13333
-7.24575
-2.12865
4.31316
0.365854
-0.619916
0.357147
0.506809
0.914068
0.628659
-0.241342
0.123874
4.76813
1.93863
7.64762
8.05274
-1.19109
1.73496
-1.29598
-99.4617
-2.82817
-2.22632
-1.31318
1.58079
-10.0316
-11.0373
1.47836
-11.8183
0.759403
-0.780344
1.81172
36.1165
-0.0287424
-0.408179
-3.28817
0.149706
0.103563
3.94412
-0.538326
11.0779
-6.55448
6.02808
-5.16251
0.631827
0.805559
-6.07247
-4.48837
0.124335
3.69017
2.53506
-0.193935
0.679955
-1.1041
-0.391455
-2.15161
-1.26358
0.768002
-0.449275
0.398837
0.514611
-6.21426
3.09093
-0.722371
1.59966
2.5107
-0.94151
0.858586
-1.06275
-2.92243
-1.23218
0.674288
6.47706
-19.9922
0.60938
-0.189189
12.9446
-0.232394
-0.255322
-1.17652
0.331317
-0.00262802
11.9853
4.54873
0.826006
0.0621726
3.32974
0.758681
2.03273
0.123933
-0.527732
-14.8197
16.0529
-0.709454
-1.64508
-0.105376
-5.51781
0.77571
-0.974588
-1.06022
0.812712
-8.1576
2.22934
0.366739
-0.361596
22.5001
0.446124
1.81279
-3.65952
236.001
2.26365
-11.4281
8.06257
1.16179
-0.761727
3.21995
7.04392
1.267
1.8804
0.0335567
-1.04607
1.04996
-5.56539
1.07644
0.294551
-1.46377
-0.363071
-0.217464
0.707199
3.59631
2.86331
-0.169976
0.0800397
-6.02857
-3.58935
-22.5988
2.90527
1.52716
0.279556
-3.60934
-0.342379
-1.41087
-1.99626
-1.47628
-0.0498777
-1.10193
0.81575
-58.6269
-1.03323
0.749454
0.512102
-0.382954
1.4908
-6.4639
9.35023
-6.28965
-5.69906
-0.752792
-2.18469
-1.56317
0.347667
4.53481
-3.38349
-4.81558
-31.9942
-0.28915
-0.303088
1.99221
0.391991
-0.0221904
-0.430814
-0.189303
0.690483
-0.477498
-1.3232
0.854985
-1.71262
-1.12528
-0.929793
-7.14618
-3.68553
-0.466253
8.92596
-4.94951
1.14748
0.277977
-0.163879
-0.383987
0.514169
-0.066513
2.69262
1.47331
-3.81012
-0.0808677
0.664939
-0.501249
-1.10716
0.0965015
0.782326
-2.32387
0.273621
-2.03046
0.835475
-0.179155
-0.120833
0.829763
-0.197718
-0.325963
2.47467
-0.231243
-3.69537
-0.197806
0.584618
24.7935
-3.53815
-0.500597
0.240066
0.901891
2.21059
-6.08284
-1.71111
0.799235
-8.4983
0.106248
3.39092
-16.1488
0.769838
-1.63199
-1.81514
-0.109739
2.35789
-1.50504
-8.78192
2.06982
12.5403
-0.311877
5.40165
0.66132
-0.959935
3.80031
6.1954
0.993196
-0.705036
2.18796
1.11593
-0.318456
-2.66338
-0.454335
0.717089
-0.658261
-11.1946
-2.42558
1.08521
2.28482
-1.28851
-0.170595
-2.89726
1.27989
0.833525
-0.972683
1.41767
1.83625
-0.00802767
-1.57577
-1.73938
-6.58068
-0.539174
1.39895
-0.863586
-6.31133
0.0412462
0.983069
-0.594592
0.637037
2.28057
-0.893728
-0.128583
1.20764
-31.4383
-1.15835
-2.67182
-0.0609145
-0.403204
2.56422
-2.00273
0.849482
-0.239603
0.136534
0.969878
0.197758
-0.588282
-3.72326
-3.62996
3.42498
-2.17539
0.260503
-0.934656
0.42813
-1.16436
-0.963345
1.20853
14.9855
0.107161
0.689625
-0.0425585
0.728748
0.335979
1.65766
-1.41377
0.362397
1.41719
6.05937
0.646327
-1.99645
-3.856
1.39341
0.821524
-0.00830656
0.874489
0.187006
-0.462877
11.6526
1.36577
3.56492
-1.17965
-16.3869
-1.20141
3.74376
-0.0345675
0.759875
56.9151
0.759667
-0.558563
0.660421
-3.3983
-3.94324
-0.612383
-0.412733
0.153198
-1.91621
1.69969
22.9326
0.0646411
10.1332
1.0755
3.33012
-0.629892
-0.243609
2.4359
-0.0507417
-0.040782
-2.07262
0.03831
-0.979486
3.60149
8.99494
0.296659
-0.294684
-4.41917
8.8853
-18.96
1.13618
-0.121847
-2.01919
-0.88418
2.5007
-3.97924
0.41834
-2.38763
-21.1832
-1.90601
-0.919165
1.29206
-0.602895
-4.56475
-5.37917
-0.885788
1.18989
1.14948
-6.08357
2.27485
-0.642996
-0.75072
2.18788
1.94616
0.570532
3.59268
-0.406371
0.438237
-0.353795
1.24568
-0.778975
-0.918149
3.3127
-0.566629
130.353
3.43127
-1.71163
-3.91895
-0.880195
-3.63104
-0.982757
0.230815
-1.17147
-5.6819
1.34309
1.61179
5.03419
0.72162
-8.87306
0.0601912
-5.86454
-8.87716
0.702516
-1.35226
-0.754705
-0.698736
-0.678105
31.6862
0.0174262
-0.622508
3.69858
0.55542
4.23597
-0.859122
-0.123641
0.358468
1.43751
0.0263593
-22.4814
-0.600317
1.7172
-0.0822251
1.65478
-0.984897
-7.0053
1.72071
0.486632
0.387782
1.56362
-0.261526
-2.58865
-3.33579
-4.67589
-0.274639
-0.794313
-0.697352
-0.100965
-6.15921
3.0235
-0.714638
-4.41326
-0.754686
3.22453
3.78047
0.820452
-1.30803
-1.49596
-2.587
-4.62857
-1.64582
0.886465
-1.04143
0.725677
1.84829
0.0626619
0.607657
0.0704632
0.504834
1.08817
0.121083
0.503303
4.62423
-0.0775277
-0.567798
-0.371702
-3.67771
-1.14035
-0.692085
0.351991
-2.36153
1.6036
-0.647629
11.4869
-1.64516
0.625154
-1.6969
0.694776
-2.17427
-1.89609
-3.36058
-1.24132
7.83634
-1.4195
-0.334535
3.50695
-3.44351
0.0130162
0.738381
7.1135
1.00595
-0.99849
0.607848
-6.96532
0.114748
-0.252863
3.96632
0.780754
1.03553
-12.6633
18.9699
-0.722938
0.14589
-0.0663596
0.13189
1.45936
-0.812568
-0.227128
-1.0495
-0.782177
0.353372
0.604999
-1.17333
-1.12104
2.70187
-1.70755
0.654468
-23.4627
-2.73806
0.958697
-8.62787
1.87531
0.17954
-2.2878
3.23741
-3.886
-0.0101127
-0.335359
4.1759
19.6131
4.56005
-5.8762
1.88467
0.0309368
-6.28503
-2.24153
2.75838
0.542064
-1.57233
0.995461
-0.0744296
5.15598
-1.34244
-1.63835
0.539622
6.29266
0.283409
-7.41781
5.79877
-0.317887
0.477343
-2.077
-0.899514
-4.59338
0.212038
-0.874122
-2.87766
39.688
-1.50661
-0.760753
-1.00285
-3.22103
-3.54063
0.865468
-0.541946
-0.454815
-0.252208
-6.74947
-2.7118
0.737653
-166.622
0.488814
-3.855
-1.33764
-3.21726
-0.208848
0.256758
2.28869
0.402583
-96.3584
-3.4598
11.9615
-0.516985
0.98583
-1.0148
-9.23475
-0.20709
0.747956
-0.898504
-0.869371
-0.732945
-0.139689
-0.850081
-4.62344
-3.35817
0.300192
2.48349
-3.7615
1.70328
-0.928854
-0.175002
-2.68347
0.761974
-3.50921
-0.80053
0.116861
-0.598641
-2.5026
-4.74942
1.13663
-1.03202
-1.53413
-0.148504
4.10343
-4.2284
-0.384957
0.05688
0.797501
0.644778
-1.89973
-0.230622
-0.363886
-11.8857
0.0184165
0.196018
3.21972
-0.972963
-4.93408
-0.149857
0.437473
0.603072
0.28006
3.3073
-0.99185
-0.188496
0.97597
-0.260041
2.13292
-2.23319
0.935795
0.0663462
2.02138
0.401919
-0.247889
-0.372921
-2.00794
-2.52955
0.399844
-1.47655
5.52236
-13.6541
0.948036
0.950543
1.51901
-0.684663
-12.0551
-4.54963
-11.4069
1.22815
3.46311
2.24581
-0.1482
-0.690052
-1.43836
256.468
10.6686
1.25442
-0.121102
-0.779667
-0.168196
-6.08495
1.12448
-0.235032
-5.52284
-1.04197
2.45961
1.52343
-0.216739
-1.01669
2.32524
121.827
-0.747098
0.476306
-6.04461
1.33131
-0.984227
-3.24379
-1.40576
-0.991653
-0.381639
1.25704
-0.573541
-0.725496
7.53553
2.77158
-1.4158
1.18124
-1.83424
1.27145
-0.532989
-0.0914421
-0.188561
-0.0992558
-5.3086
1.11636
-0.0539436
-1.34452
1.12071
1.77548
-5.27617
-0.338197
0.00289312
3.94953
2.92219
0.971212
-0.395415
-4.86895
-12.8734
18.4961
-0.0668345
-1.74482
2.66261
0.458349
0.783111
3.44196
0.0614126
-2.91546
9.37666
1.85062
-2.45124
-0.939691
-1.55507
0.162467
-3.51754
1.56311
-3.90121
0.513355
0.233188
-1.73733
2.69876
-3.80582
1.56011
1.1321
0.393132
0.00561671
0.3124
-4.80942
1.09404
1.95197
-0.935008
0.405706
0.602548
0.30678
1.80644
1.28231
-0.0718859
-1.00737
1.67752
-2.19734
2.47654
-0.641853
-3.41891
1.45358
2.76397
-0.283238
15.0894
-0.428979
3.07091
1.77745
0.339393
2.8641
-1.08215
-0.874444
0.528852
1.09451
-0.78492
0.403748
0.464451
0.00542587
-1.36352
15.3466
1.10275
-0.0953582
0.136283
-0.62121
1.11925
-0.191226
23.3854
0.68558
0.0803974
-0.137403
29.6932
-1.0633
0.343631
1.48187
-1.00706
0.429896
1.09263
-0.906954
0.131991
-4.51981
-0.682072
0.0180973
0.314194
-0.978371
6.18531
-14.365
0.743261
0.321365
0.184055
-1.53028
-9.5564e-05
1.91499
2.31406
-1.02122
-0.266625
0.179595
-7.42067
-0.42143
0.520882
-0.779378
-31.9313
-0.846178
-1.63558
0.822616
15.8573
-0.711475
-0.689236
-0.0368712
0.0675871
1.08269
0.382152
-0.0189431
0.00401934
-2.58754
-0.809528
0.977951
-0.721373
-1.1009
7.31426
-1.36855
0.333136
4.07451
0.374993
5.99172
3.57479
-0.460801
2.14491
1.34271
-0.670394
-0.135759
0.0199811
-1.41554
-1.02829
-1.77988
-0.727468
0.841646
-1.81231
-0.164167
0.38889
0.204822
-0.232
-0.790469
0.626415
6.97713
7.6979
-26.6812
-1.28043
4.08689
1.73152
-6.48171
-0.356219
-2.05607
-2.70629
0.0931693
1.86139
0.740413
-0.770401
0.433673
-1.03694
1.46255
-0.483806
0.0534935
2.17913
3.61106
2.0809
-1.02767
-12.4946
-0.260701
-1.51679
-2.63066
0.992915
-4.66739
-1.24754
-1.41214
-2.04367
0.542222
0.234257
1.33172
0.606796
1.53641
3.77244
-0.377609
4.38528
0.443248
0.601153
-1.8303
-0.659164
0.270393
1.32431
-9.28038
9.48718
3.07592
1.04767
0.865994
0.607375
1.56082
16.7506
-2.72321
-0.241231
5.72222
-0.283015
-0.729246
-0.220154
0.321226
0.141507
0.983223
7.76928
-0.0653294
0.446819
2.79962
-1.53789
0.0636892
-0.725421
32.1977
-0.261133
-2.64076
12.753
3.42293
0.909003
-2.68375
0.613113
-1.10203
7.83786
0.556651
-0.986273
11.6518
-1.10189
0.686511
2.7499
-1.79788
1.43608
-0.747069
2.12965
-0.110796
0.218491
-0.453948
0.346029
-0.723246
4.16413
-2.93047
2.00896
-0.431618
0.323012
2.08174
-0.841871
3.40144
0.597792
-0.445237
-0.688737
3.95518
-1.81206
0.237714
0.125259
-1.01227
-0.774567
-0.491844
0.381691
0.617996
-0.349343
2.5759
1.03662
0.323711
-0.492875
-6.05263
-0.802076
-1.53011
0.601862
3.73779
-0.0150967
1.21549
-6.05748
0.406405
0.083365
4.15008
1.09405
0.756981
0.230932
-1.99707
-0.166266
-0.0962083
-39.1781
2.94802
6.92375
-9.07554
0.256505
-0.478426
-3.75802
1.83368
-4.22638
-7.32195
2.63716
4.05649
-0.660399
1.06458
-1.84863
-9.05964
0.135263
-5.73078
-0.707675
-0.0250651
0.249565
-0.0295343
0.290666
17.8048
-1.70523
-1.24138
1.9303
-1.52749
2.20464
-12.5969
0.835097
0.154389
0.109785
-0.0349999
0.302958
0.321496
0.206489
5.02035
-0.47406
0.896031
-0.938564
-0.445184
-0.251531
5.57568
0.534556
-1.0919
-1.38972
0.55525
-1.432
1.76626
1.76742
0.273844
0.595512
3.40134
0.690727
0.507175
-0.17124
0.441029
-0.162634
0.971709
-2.62649
-0.643532
1.65913
0.491524
0.0157335
6.62955
-0.654142
0.425343
3.11741
-1.1402
-1.24343
-1.22605
2.56117
-2.03092
-14.2438
0.0507823
-0.376527
0.309467
0.563808
-1.40884
0.0798258
2.93696
-0.380175
0.0982017
-2.82151
4.9445
0.884151
4.84707
0.794924
4.19298
0.0888314
-6.95246
1.43486
2.71076
0.0923745
2.64218
1.32845
-1.12218
-68.7177
0.246179
6.53169
0.147965
-0.799772
-0.123821
-23.9789
-1.06768
-0.802921
-0.939796
-0.287962
-0.449213
-4.36064
0.814373
-0.101884
-1.75847
2.85192
-1.10992
-0.587419
0.0727019
-0.00162579
1.06584
3.39348
-0.174581
-0.131072
-6.71581
-0.27046
-1.97028
0.635446
0.363914
-0.802628
0.239902
0.51521
-1.50922
20.8417
-7.03024
0.695951
0.731622
10.7879
0.131756
3.47154
11.3228
7.50382
0.163269
-0.165692
1.60953
-1.37229
1.22836
-0.0454758
-1.06347
0.127706
-0.431744
0.0851346
-0.421884
-3.33755
-0.362098
-6.98699
-0.515938
0.0733008
3.54704
-0.0588978
0.299481
-2.66685
9.33451
-1.75997
0.487182
1.03554
-5.30894
0.279583
0.217172
0.311481
0.533877
-12.1806
-95.0871
0.904149
0.0355081
-5.45717
42.0233
-1.8026
0.715555
-0.587396
4.93758
1.00326
0.334848
2.13973
-2.0867
-0.397122
-0.210511
-0.282429
-0.361555
-8.99449
-0.850352
1.07849
0.142498
0.0419918
-0.031069
-1.36784
0.500354
-35.7814
-0.87499
0.329441
0.362724
0.39086
-0.0223472
0.712265
-0.566658
2.89144
-0.508503
-1.06614
2.24021
0.99571
-1.01046
1.35789
-1.59674
0.935434
0.00194775
-0.327251
1.13621
-1.89366
3.5031
-1.09447
7.0706
-26.209
-1.8982
-0.0795659
0.974447
-1.5998
3.29435
0.206965
-1.39214
1.71518
1.81642
-0.602705
-1.00218
1.64402
0.166724
0.396776
35.3873
2.53965
0.171406
10.1983
0.512987
0.625373
0.012293
1.33117
-79.7972
-1.35483
-1.82548
-1.21562
0.0669837
0.727367
0.186767
0.464721
0.052996
0.187376
5.19603
-0.687779
0.203663
0.0904927
-0.087943
-0.471723
-5.02992
3.57268
-0.457506
-4.36958
-60.0086
-0.128764
3.82171
1.46919
-0.552044
0.761787
0.282562
7.95971
-1.18145
-0.607363
0.314065
0.811093
-0.536217
1.03223
4.702
-0.124686
-1.05747
0.968762
0.165254
0.788703
2.52565
-0.469035
-0.383529
-0.748719
-0.239991
0.120589
-15.1009
-1.73945
-2.63581
-0.294171
-1.87314
-0.320629
-0.608491
2.63526
-0.113597
1.69
0.806025
-1.7309
0.247794
0.0362812
-0.900777
0.577119
0.692052
-1.2593
1.47639
0.296885
-0.00116576
1.09028
0.0826739
-4.36776
0.0442275
1.15138
-1.23444
-1.54253
-11.4105
-1.44567
-0.470532
-1.15492
-0.151462
-0.873613
1.22224
-0.83584
-4.32896
-0.485676
-3.45148
-0.0544287
-0.566878
-0.835075
-0.224862
-7.66487
1.89407
0.984883
-0.648616
-1.04882
-1.67898
0.719102
0.65668
0.655937
1.16229
4.45918
1.09502
0.260509
0.413423
0.111878
-0.282474
-1.39091
-4.53638
59.7072
-0.305623
0.890141
2.33712
-0.908701
-5.04255
2.87937
0.667731
-0.315707
-8.08572
-0.222663
-1.16147
0.383086
-0.277775
0.704006
0.183307
0.314144
-0.0420691
-1.53803
-0.339448
58.364
-0.101724
1.1014
0.313165
-7.57746
0.503044
1.77826
-1.85315
-0.614369
-0.371595
0.231471
-1.73113
1.23767
17.2559
2.04978
1.62563
4.53651
0.283915
-1.87006
-1.73268
-1.19443
4.63646
-0.423268
1.18542
-2.34574
-0.168745
4.06296
0.317605
0.570426
0.894363
0.0215273
-2.81024
1.42823
1.07032
-0.370105
0.676306
0.0143133
0.936123
0.844919
-0.147704
-16.4567
-4.55109
-1.27071
-2.1483
-0.0197631
-23.1376
-0.588408
-1.24495
4.50706
0.925902
-2.06768
-0.984905
-1.22013
-1.56575
0.678923
5.99433
-2.66261
-0.201679
0.142137
0.435193
1.85167
0.224312
-1.52916
3.69769
-1.01099
-8.17968
-2.28059
1.15728
0.572114
1.05237
1.5176
-2.47542
-1.36529
-1.62726
1.46818
14.3527
-1.06855
1.2344
-1.71596
-9.0021
-0.736864
-0.13634
3.02364
-0.55161
-1.51456
0.203455
1.50465
2.7902
-0.78906
-0.294584
-6.66185
0.337201
0.561577
-0.632943
-2.75392
-0.868492
-1.07013
-2.38413
-4.20631
-2.06974
-0.734473
26.4088
-0.950235
1.09076
-0.522202
-0.237834
5.91461
0.0880773
-0.292115
-0.690471
1.39912
-0.474105
-0.125553
-0.120034
0.89816
0.222194
-1.01993
-0.0162064
-2.28771
0.454192
-53.1277
1.16677
-0.0814761
0.455792
-0.67072
0.590595
-0.365469
3.74979
1.37377
1.09862
1.21044
-0.636653
-0.238199
-203.277
7.58068
-0.43969
-3.64956
0.120688
0.617023
249.695
-0.664262
-0.0845849
1.96034
0.720455
0.311488
2.83488
15.74
-1.945
-0.0655776
2.17069
-0.393506
-0.00202816
2.11697
-5.97474
0.0711628
1.09222
-0.527934
-4.19199
-3.75959
-2.4139
1.04339
0.737357
0.266215
0.748093
1.25891
0.789106
-1.18715
-0.311935
-0.179504
0.420322
-52.1635
0.543353
0.0331415
-1.07792
0.31283
0.40929
1.32356
0.799395
-75.2919
-1.17293
1.67008
0.76738
-0.955666
-0.924331
1.42793
6.987
1.41084
3.39301
-4.57891
-1.80515
0.470871
-0.493862
-6.13121
-0.0647543
1.50914
1.89786
0.422904
-0.874773
0.299169
-8.93827
0.929047
1.83343
1.59302
-0.596637
0.0170103
5.35269
-0.0144763
-63.756
-0.668204
-1.23751
-4.99182
0.967723
3.1761
0.891172
1.14173
2.31977
-4.82186
1.00442
-0.513827
-0.544676
-5.53137
0.392772
0.128681
0.193907
0.272645
8.38308
-1.20906
-7.67974
-0.318973
0.0811817
0.839741
-0.0677825
-0.441787
0.123519
-2.28471
0.863245
-1.28194
-9.45137
0.927591
5.269
0.784732
0.17826
15.0699
-0.0873859
0.0722116
-9.64521
2.23123
-0.722369
4.31102
0.580943
-0.114614
59.6181
-2.13476
0.35353
11.0731
0.216213
0.847284
0.534752
0.734328
-0.882179
0.66199
-1.53425
1.73714
0.197599
0.2446
-2.49707
-0.123379
0.558417
1.14737
-1.39662
-1.03781
4.63392
-2.11389
-1.24338
2.99525
-0.539267
-0.0447428
0.134641
-2.82168
-11.0974
-0.941847
-1.67019
0.0540025
0.718294
1.00933
-0.390587
-0.439768
-16.5602
-0.375765
-2.52998
-0.21146
0.665975
3.03839
0.273689
0.215846
-0.304614
-3.70027
-3.05663
1.16244
1.99351
-0.320858
-2.97466
0.543593
0.351907
-0.578865
0.261633
0.175784
0.201675
0.824855
0.910002
1.49881
1.42391
1.35546
-1.1782
1.56798
-6.53377
-2.00858
-2.6966
0.373843
8.69193
-2.28488
-2.54812
1.18149
-17.0966
0.269885
1.84169
4.23219
-0.0281427
0.259876
0.653063
-0.338707
-0.259394
2.85941
0.0656404
0.300467
-2.05578
-0.486184
0.383595
-3.57293
19.0697
0.707788
0.461254
0.236171
1.41272
-3.3191
-10.4694
-2.05459
0.832046
0.401148
-2.73854
0.557459
0.417664
0.108864
-1.56903
-0.30376
11.349
0.0148011
0.409718
-0.199032
1.82316
-1.34295
9.78002
0.149183
3.11295
-4.07461
1.5253
-1.34509
-1.04541
1.32448
-4.91202
-0.0364469
-1.02817
-0.335601
-0.93445
1.94251
-0.502167
-0.188172
1.41744
-0.414225
-0.0881872
-0.913188
5.31838
-0.0114896
0.366924
1.77499
-1.50093
0.930255
0.0421409
-2.5785
0.448432
0.279994
0.728635
-26.9027
-0.817121
-2.54801
-0.0163391
-1.8649
-0.719824
0.255762
22.2584
-24.3742
1.76728
7.22569
1.86176
-0.464644
0.440325
-1.01354
0.992768
-0.202984
0.370344
0.887145
-0.142638
0.374913
0.675117
-0.783093
0.185236
0.597623
-0.225159
-0.4554
11.1663
-0.0386082
-0.223519
1.92893
4.23597
-58.869
-0.517812
-1.76943
0.421239
8.46509
-0.047795
-0.450442
0.0123761
-4.51119
-2.31823
9.24874
-0.00926763
4.80934
-3.1198
0.305513
-0.173806
-0.570667
-0.582976
0.94554
8.4769
-0.306769
5.46497
-0.131604
-2.30636
-0.213534
1.69869
0.361406
0.373023
-1.31582
0.309766
0.0270996
-4.9994
0.74309
0.130425
-0.678146
-0.825541
-0.786589
1.46122
2.8284
2.91091
3.39224
-1.1636
0.33518
0.204569
0.0317723
0.288902
1.66175
-2.1973
-1.54156
0.549971
0.681885
-1.64199
0.220885
-0.330635
2.60617
0.742769
-0.0215902
-3.28187
5.18151
-0.279236
0.057014
0.122842
-1.03318
-0.710065
-0.623278
0.629213
-0.08995
1.15217
-0.856281
-1.68363
0.139944
0.243998
1.81942
-0.57691
-1.38017
0.285877
3.99092
1.20372
-0.444305
-2.54284
-7.25744
0.685371
0.0329718
-0.435188
-1.8185
0.774882
0.198815
46.7918
-1.30103
-0.189605
0.197246
0.539597
2.56302
-0.209371
-0.00613165
0.0688246
1.55932
0.227883
-1.46927
0.244384
-2.62283
-7.28269
0.170146
14.5406
1.25831
4.03002
0.0444211
-4.47798
0.199206
0.6582
-0.506846
0.205118
5.20471
-0.151844
0.336031
-0.00436707
-0.524804
-5.27438
2.81337
0.543109
4.62352
-5.95599
-2.07962
8.108
0.0500714
1.7571
-4.16456
0.0498321
-9.21476
-1.48033
-0.893109
-0.407506
2.29893
0.0819008
0.523075
3.442
0.108967
-1.443
2.56215
-6.39785
0.3264
-0.0131894
-0.60049
0.245034
1.26536
0.0438748
-0.928404
-0.938258
-1.56984
8.25457
-1.82709
0.516605
0.681684
16.4036
-2.88887
-1.94264
2.16636
0.0243226
1.16868
0.360073
1.07735
0.73597
25.7354
-0.977283
-0.84292
3.02498
1.85595
-0.0915511
4.91203
-3.26948
0.989158
1.0737
133.422
-0.0802847
-1.60322
-1.21462
27.7124
2.44929
0.934947
-5.03948
0.404762
-3.33317
0.657058
1.32779
-0.0146199
0.488859
0.0195814
0.340046
-1.98422
0.71012
-2.43512
-0.217361
4.53984
-1.01608
-0.681725
0.553906
0.375705
2.23846
-0.638102
3.20497
0.48905
-0.581357
0.087186
-0.0262489
2.15695
1.84947
4.64531
-2.47114
-14.0373
0.427198
0.716844
-2.29712
30.5788
-5.393
1.12795
27.4696
-1.15779
-1.91204
0.405624
-1.31495
2.05139
-2.1453
1.5929
1.25779
-0.210465
2.87521
-4.21819
0.0255765
1.36414
-0.667257
-1.49197
-0.279252
-7.79165
3.55733
0.54891
-0.0568242
0.607782
0.99811
0.976796
1.68763
0.50419
0.529685
-0.0523287
0.548149
1.23322
4.08757
-2.85217
1.10384
-0.298161
-0.249789
0.465643
-8.54944
-1.50587
-0.0121732
-0.0948092
-20.1162
-29.6134
-0.41633
0.194711
10.7732
0.00667129
0.312158
0.131969
0.0644982
3.22038
-0.576497
0.502247
-21.9555
-5.27439
-0.954799
-0.477795
-0.287724
0.480656
1.2085
1.88824
-0.913774
-8.99869
-2.78885
0.157124
-2.78837
-0.611979
-6.10313
1.22196
0.245811
2.00005
-0.110856
-13.4797
1.87161
1.74778
-0.369037
0.270847
-2.94602
-1.49537
0.196248
1.51384
0.995542
-1.19344
7.77779
3.82504
1.19201
-1.15283
0.866416
2.51364
-0.119203
1.2724
-0.977425
0.28586
-0.269068
0.629025
-1.68847
-11.7395
-0.154363
-1.02031
3.30531
-0.10294
-1.06691
0.928766
3.41914
1.70093
11.7842
-2.08097
0.843468
-0.056266
-0.122471
0.191751
-0.841163
0.135431
0.434191
-9.38072
0.970189
-0.504778
2.26723
-0.331529
0.648548
-4.06102
1.80645
0.0794486
0.167311
8.77703
-0.661565
-4.03633
0.187447
3.54565
-0.98209
0.0757103
2.14504
4.28029
-1.00849
-0.118963
-3.00234
-0.419896
-0.736618
0.998605
-1.56699
0.0849523
0.150786
1.39107
-0.419636
1.34055
-0.959015
0.364088
-0.725304
2.09169
1.75487
0.439041
-0.671591
-0.431715
-1.45623
-0.125164
-0.0439293
-3.35381
-0.014373
0.753434
3.58809
-1.53909
6.71681
0.185881
-0.412982
-1.48533
-1.11458
-0.196561
1.26644
2.48851
-1.42028
0.0211888
0.0409825
0.545048
3.01984
59.6824
2.4648
-3.05537
-0.0624578
-1.87878
0.342083
-0.870097
0.00797709
1.05113
1.67122
-0.509021
-0.613328
7.65274
0.442858
8.20245
1.7118
-0.958649
4.01674
-0.538756
3.47274
-2.05243
-27.6357
1.16267
-1.85918
1.58004
-9.77319
0.940042
2.11132
-0.0119291
0.227261
-27.9428
7.81898
7.54337
-0.0984443
-4.19107
1.8476
-2.31865
-0.0516864
7.71633
0.887865
-1.20768
-0.0688198
0.616447
-0.115408
-0.170688
-0.792507
0.457915
-1.04408
-3.88134
-0.546925
0.304367
-1.04406
0.297881
28.3685
-0.473869
0.478277
0.810017
-0.100535
0.575776
0.987783
-0.744127
-2.70468
7.0897
0.828923
-7.26302
0.244114
1.60852
-2.73584
0.576159
0.613726
-4.11034
-0.846689
-1.64883
46.8808
-0.373542
-17.0724
0.747855
-4.43623
-1.45809
-3.55306
-0.712251
-3.48315
-4.07063
-0.624522
-0.928222
-1.27057
-0.544468
1.94128
-9.34152
14.748
7.36157
-0.435539
-1.89506
0.264421
-0.141895
-0.844604
-1.07676
5.45297
1.55794
1.2198
-1.01892
2.88236
1.03534
-1.02791
-0.0252334
-0.104018
0.210824
-0.380332
-0.908801
0.608548
-0.610262
-0.157238
-0.38669
1.06765
1.12619
-6.58062
1.61044
-0.593333
-0.525114
0.588729
-2.85603
-3.38106
-0.771129
-0.790994
1.41833
-12.1444
-0.413185
-1.24202
-0.0576651
2.89971
-0.488452
-1.27514
0.962638
-0.429225
-3.35107
-12.3863
-2.20148
-6.30572
0.248419
-1.45827
-1.29034
-0.0477819
0.483974
-0.372503
-1.43936
-2.83395
0.869898
-0.4289
-0.837939
-0.912715
-0.850825
0.90256
-0.641338
4.65086
-1.85699
2.06932
-0.933486
0.524932
-0.840619
0.721419
0.58096
4.39178
-0.0054837
-0.206222
1.11577
-2.98095
-0.0447989
6.13109
0.759767
-0.505209
0.487797
-0.166368
-0.133896
-6.72886
4.60004
-1.28255
-5.25303
-0.445125
-0.681439
0.743983
-0.639601
0.626242
0.745206
0.113415
-0.138693
1.15525
-0.80833
-7.2054
-0.753979
1.07261
-1.74812
-0.798858
-7.22711
-0.505849
6.41613
-17.4796
-49.1582
-2.93119
-3.10918
-0.715842
18.1221
0.530142
-0.465741
-0.775718
-1.05
1.70346
0.769887
0.376922
1.86919
-3.59509
-163.263
0.94365
-0.943388
0.608108
1.92616
-2.39872
1.13772
0.345985
0.426238
-5.05821
-2.76523
-0.309199
6.33978
1.78453
1.35745
1.52867
-0.763511
3.73573
-1.31959
-4.62041
-0.0607117
0.209581
-0.0212421
0.0243709
0.477979
-0.974131
0.959396
-0.871816
-3.05793
6.90868
-2.8236
10.9367
0.24498
-59.5326
2.74512
-0.255164
0.828378
1.58989
-2.45895
-4.90032
1.6065
0.140591
-0.414023
7.17627
0.00574077
3.61773
-2.4899
8.18053
-0.479368
-0.279349
2.95002
1.16829
-0.876647
-2.64212
-0.0810853
0.909294
2.48881
-8.13882
-0.243244
0.29151
-0.572791
0.912811
-2.13244
-1.05284
-0.791115
-0.787182
0.089753
1.70676
-0.0712779
-2.09295
0.073129
3.04799
-1.10191
1.68449
1.33379
-2.44028
8.57752
0.454686
-0.758876
6.57211
2.38012
-0.361603
-1.04304
-0.686488
-5.73157
185.464
-0.267652
0.353051
-1.10938
12.2678
-3.01726
0.230237
2.13619
0.363111
-0.963271
0.479205
-0.308813
-1.00032
-0.754096
-0.674013
1.35627
0.968363
-0.852507
1.37805
-0.982186
-2.23861
2.06493
8.99459
-0.684324
-3.59023
2.41701
0.441139
0.47381
0.521742
10.8922
1.01478
0.988162
-1.33439
3.78893
-0.300395
0.157863
-0.336166
-0.709572
-1.29589
0.0293389
1.31749
0.647881
-0.312748
-1.53842
-0.206899
-32.072
0.232827
-0.832715
-1.18611
-0.418026
1.46963
1.14807
-0.385231
0.363855
-1.08187
0.236791
-24.3274
-34.8956
0.838784
1.01326
-1.21556
2.48386
-0.18687
-0.100039
-5.28697
3.69348
-0.586786
0.13581
9.84976
2.2908
-46.4176
-0.744006
16.8923
-1.97157
0.90772
6.83109
-2.18774
-14.9736
-0.517699
0.109677
-3.47828
1.3839
-6.51177
2.2182
0.698685
-3.01269
-0.519954
-11.0942
-1.07651
-3.94943
0.705463
-4.39351
-1.11641
1.902
1.49616
-1.6436
-0.470554
-0.537843
-0.0910739
1.84119
0.584758
0.402955
-0.0704656
0.383149
-3.23821
-0.531214
-0.261608
-7.92847
-0.369208
-0.142147
-0.23187
0.857627
-1.19916
0.0871784
0.734856
2.96316
0.247423
-0.116692
2.01169
-1.15306
-0.778809
-3.12128
0.249524
-14.6975
-3.17973
-0.722931
-2.48089
-0.388636
0.676798
-4.09739
-2.15316
-9.1329
8.86276
0.265184
-3.54119
0.461034
2.3013
-2.59271
-0.301265
2.29084
-0.147277
-4.26734
-0.378044
-3.47656
-0.581179
0.409351
-4.61083
-1.78806
-2.95313
-0.566974
0.38872
-0.0959064
2.36258
2.39619
-0.875991
-3.00475
0.823958
0.237726
-27.9033
2.75535
2.65497
-0.264332
2.4998
0.349239
4.34776
-1.19266
19.6298
2.89628
0.659303
-0.93556
-0.22254
1.95565
-1.13212
-2.75058
0.293775
-0.0362958
-1.47593
0.536032
1.83457
-5.44802
-0.0774724
1.71457
-0.345556
-0.260775
0.380796
-0.651948
-1.52199
0.212984
706.986
0.123324
0.0945871
3.3433
-1.0214
-0.800418
-0.776837
-14.7662
0.734824
-0.159568
0.539519
-0.604624
0.317847
-3.45579
-2.4211
-0.418402
0.631586
-0.590472
-3.638
-0.901858
0.372267
2.63201
1.8097
0.194815
2.39435
0.137922
0.170833
-0.774818
0.453768
-0.71225
0.401549
26.522
1.04433
0.209023
0.018234
1.33852
0.548506
-0.299444
-0.323511
-1.05312
6.61078
2.17652
22.4439
-0.759189
-0.231815
-2.22024
-1.30074
0.127543
2.50567
0.198903
-0.608932
-0.792408
0.427674
3.20686
0.870435
-3.66278
-1.03354
-0.566429
-219.108
-1.67439
1.93014
1.1933
-4.14638
3.21967
1.42486
0.351455
-5.23281
-1.25673
-0.313304
5.51911
-194.083
-0.282465
-2.08583
-6.39344
-0.0116352
-0.0471313
0.0235447
-4.77162
0.22312
-10.6012
-1.24756
-0.685319
-0.246986
-1.86541
0.173202
1.11692
-0.490331
0.407318
-0.145769
0.746556
0.459075
1.61018
-1.18736
-0.10994
6.20472
-0.234447
2.42178
0.836737
-1.80776
-0.59351
0.437887
1.46972
-0.320559
23.4808
0.426074
-1.35566
4.58897
-0.810235
-2.38856
-0.541654
4.20366
-1.5015
1.48508
-3.25721
-12.8563
0.230583
2.22406
0.849681
-0.0634512
-8.03991
0.132779
-0.327768
0.867435
-1.30389
-4.56867
-1.58376
-10.6299
0.278652
-0.181406
-0.799742
1.19469
0.150516
0.966582
-0.481761
0.975289
-1.64829
1.33957
0.512691
-5.40506
2.97699
0.143286
-0.523401
0.947613
0.438449
-4.87435
3.75988
1.42847
-0.304006
-7.20848
-0.460349
0.452927
1.14814
1.06694
-0.213532
1.31663
-0.0842487
0.765972
1.94757
-0.0285542
0.78173
0.425411
0.921895
-0.616393
2.20043
2.63009
0.154489
2.15456
1.62789
1.46728
142.061
-0.643555
0.103715
-6.6013
2.00605
-1.41018
-0.138462
1.10571
2.35391
3.08876
-1.31513
-0.122162
-2.2776
12.4214
-0.465928
0.0278729
-0.574207
1.0899
-3.0171
-1.30508
-2.64527
2.15073
0.460057
-0.937569
-0.032346
-23.0032
0.554866
-3.00605
0.671276
-1.69576
-1.158
-3.4675
1.37676
0.106204
-1.8471
-0.872184
10.5217
-0.364193
12.7542
-0.00927374
-3.76031
-0.637315
0.522321
-0.260395
19.7431
-0.562048
19.7579
1.754
-13.7464
-0.212962
-2.33763
-2.50484
2.37417
0.584814
-0.577823
-11.6751
1.53213
-2.8048
-0.907934
-0.296605
0.784561
-0.478573
-0.676152
-1.28583
0.0804331
1.71124
10.9049
1.09873
0.438601
-0.414033
-0.0557196
-0.998626
1.00892
2.76236
-3.59301
0.118549
0.137254
0.554624
0.593919
-9.82996
-0.815358
16.2978
-2.90477
0.822862
-0.81318
-1.13294
-0.223053
-27.7712
19.3112
-5.66595
-2.49252
3.63006
-0.437767
-0.431555
-0.801024
-0.167599
0.690496
-1.67095
1.96188
-0.0959288
0.0197339
0.314455
3.81511
2.57761
-0.929656
0.0464842
-0.937481
-5.27646
-0.0165996
3.26845
-0.440843
5.02256
0.0955358
4.25448
-1.95663
1.64516
0.633692
-0.736443
2.05511
-1.05323
-11.0592
-0.188651
4.85373
-0.897343
0.51107
6.2225
3.74691
-1.90141
-2.35931
11.8917
-7.03202
-0.323525
-2.71443
0.19131
-0.623897
2.62235
-0.991306
-3.49716
-0.333218
0.0059671
2.71406
-4.06011
-0.720842
0.308266
2.48671
-1.25432
0.556879
-10.4508
-0.738904
-3.18956
-0.182791
-1.41727
-3.68964
0.231154
0.309714
-1.02144
-0.00490112
-26.7364
1.19194
0.981684
3.57126
-0.911847
0.741324
-0.370321
-0.832197
5.21883
0.69467
-0.308024
-30.7377
-3.56555
0.282722
0.453915
-0.830568
-2.5134
-36.5899
-0.748485
0.216268
1.20427
-0.847728
2.28918
0.626315
-1.36071
0.123968
1.87088
-0.802767
-1.76145
-36.7853
0.257238
1.23603
-0.730059
1.90632
-0.0496948
-0.183449
-11.1408
1.36664
-1.12046
-0.47462
0.409978
0.193567
-3.21908
0.17738
-1.74911
1.51694
-0.544942
-7.45583
12.1638
3.33535
0.0690207
0.529376
-1.07281
-1.63427
0.971264
0.732865
-0.156585
1.6569
-0.0453611
2.04245
29.2177
-0.350154
25.0722
-2.62057
-1.34697
-0.235694
-0.397562
2.02148
0.960001
0.331518
0.950928
0.496446
0.693767
-0.25872
3.04221
6.12878
-2.96143
-8.29129
-2.61978
-0.771126
-42.9882
4.31815
-25.0599
0.133918
3.09475
-0.541469
0.525219
1.82092
0.072098
-0.107572
-0.129288
0.339427
-0.712123
0.20784
-1.72072
6.60635
-0.460061
-1.83931
0.79483
-13.708
0.39521
-0.602179
0.837238
1.73874
-1.25708
1.02636
-0.526032
1.06541
-0.433997
-1.2166
-6.40982
-0.0915374
-0.177884
-0.0689827
-1.89888
7.22436
-1.04663
-4.2672
-2.26979
-0.100343
0.705426
-0.0235383
0.16583
-0.932444
-1.67585
-3.15561
-0.901798
-0.797048
-0.384195
9.77422
10.4224
15.1901
0.150129
-3.33028
1.43521
-0.450708
-0.953658
1.8297
0.845554
-14.9445
-1.21992
-3.99407
0.428834
3.17854
-0.319194
1.13634
-0.220637
0.700474
0.771702
0.920848
1.57943
64.4119
-2.20627
10.9723
-1.2172
-0.090038
0.916454
0.0487195
-0.506525
-1.21033
0.377037
-0.567151
-0.168838
-4.24812
1.12623
0.762906
2.66796
-0.854707
1.22427
0.953603
-0.0527588
3.5874
-0.359832
-0.539243
-1.88217
0.148292
-5.18916
3.12908
-0.464885
-0.197849
-0.0534807
0.533723
-3.45291
0.112646
-1.47964
1.77904
-0.806443
0.543779
-1.94873
0.662501
-1.52016
0.847585
0.0383803
0.826452
0.730157
-0.661172
-0.119461
0.178696
-0.632076
0.034083
0.738795
-6.37672
-5.35124
-1.49838
0.586467
0.824908
-0.326881
-0.844451
-0.0776894
0.499208
1.58413
0.627763
2.40198
2.36889
0.716448
-1.25963
3.40907
-1.58076
0.973283
6.28342
8.05761
-3.12199
-2.50287
-0.0415115
-14.1382
-0.646724
0.67129
0.687463
19.0594
-2.74544
4.97494
0.00325213
-3.09843
-0.288265
-0.726713
-0.557129
0.17455
0.277964
5.5085
-0.930326
-0.625793
7.97495
-0.357934
2.78531
39.8723
1.29655
0.972643
-0.880154
1.25702
-1.63479
0.0235416
12.6023
4.15054
0.979237
0.868576
0.0659952
1.22348
2.32393
0.294685
0.708957
-0.285044
4.17956
-1.18234
1.76837
1.16935
2.57528
3.18032
0.146416
3.65365
-0.213782
-3.88031
-71.7143
-2.3693
4.13656
-0.923754
-0.579241
-1.63229
-0.393908
-0.0393925
0.490421
-2.37318
5.65514
0.613867
2.29155
0.281749
4.0672
-0.243814
6.1747
-2.02344
3.44956
0.777631
1.44207
1.82063
-1.4404
-2.30683
-0.152815
-1.44115
1.72006
1.28275
-3.13327
-6.1424
-0.895775
-0.340098
0.400722
31.5613
0.380789
-0.205488
3.7344
3.81163
-1.11532
-1.94476
-0.143712
-1.46821
-3.33895
4.84644
-0.86214
-0.234556
-0.312324
-2.89437
2.58546
-6.40772
-0.571572
0.854041
0.515921
-0.497018
0.8431
0.51899
1.99733
1.31834
0.126574
-10.439
0.349013
-0.0649437
-0.551335
0.230972
-0.0475307
3.32162
1.12035
0.213508
0.848948
1.57676
-4.03896
-0.187167
-1.78126
-1.31444
88.1766
0.00473101
1.94734
-2.09764
0.925297
-0.816102
1.71469
1.44015
-4.62051
1.68375
0.82192
-3.67279
-1.85801
0.487595
0.489459
1.00347
-0.551272
-7.26825
1.59766
0.689571
0.39758
-1.43955
-1.60176
1.76915
5.39704
53.4388
-0.163845
-0.76178
-1.61814
-0.594197
0.317886
2.25356
1.32872
-1.49975
0.649232
-5.18032
-4.91873
-0.186019
1.86821
0.0218514
-0.163236
-0.4217
2.98385
1.98842
0.605699
-2.17975
-2.56338
-0.108304
1.39018
2.55593
-7.72077
-1.01566
0.192018
-1.32754
-0.854419
0.634067
-0.953923
0.939969
-0.124002
0.509011
7.77816
-28.5318
-0.597607
2.46459
-0.0265561
27.8586
0.407106
-14.3684
0.288413
-8.5771
-2.03816
0.144547
0.17134
4.98069
0.703529
0.326046
1.05813
0.087762
-0.205405
0.277706
-0.0338941
0.0450061
1.20667
14.7193
-1.31772
-0.206379
0.182065
-9.90581
0.375072
-1.28072
3.18026
-0.799413
0.396676
0.230319
0.614146
0.439568
-0.793731
1.45377
-0.721945
-43.9094
86.7291
-0.65703
0.246311
-0.835373
0.615556
-0.102622
-1.0933
0.406838
0.384
-0.539198
0.791286
-3.67559
-0.547748
-1.86019
-0.0309081
-5.31628
0.695996
0.593017
8.31899
-7.68823
0.317403
-0.271419
1.53334
1.06816
-0.244708
-31.2449
-5.3836
8.46264
2.30683
-1.27595
-0.768532
-1.00588
-0.67198
0.481159
-2.34739
2.09361
-0.95894
-5.32261
-2.00478
-39.0068
4.5114
0.180966
-0.407498
-0.385429
-2.38339
1.92238
0.851559
-0.310997
0.0995063
-0.0793185
-1.56508
-1.47518
-0.959558
-2.37869
0.839635
-7.4526
-0.418406
-6.1026
-1.64371
-1.22035
-3.76266
-1.79329
2.86067
-0.281952
0.361411
-0.82674
0.497691
0.172417
-3.34218
0.300045
-0.691468
-41.5388
-122.263
-1.09434
1.01944
1.01227
0.0800532
-0.171279
10.5107
1.767
7.01528
0.508615
-0.269212
0.338433
-0.519177
0.237366
0.142717
2.57181
1.26282
-0.195317
2.49944
-3.09353
-1.71761
-0.99292
2.30124
-0.171614
-11.1953
-0.895266
-5.1663
-1.09721
-1.02371
-31.4246
1.18077
-1.45175
-2.15993
-0.557209
-17.1642
-1.07869
0.306991
-0.310967
1.44277
-2.25143
0.435189
0.461509
-0.279514
-0.546202
-0.0511304
0.941991
-0.949559
2.86369
-0.763041
2.66866
-0.52524
-2.27249
-0.0985821
3.52417
0.502626
34.8287
-1.33174
-0.0670159
-0.825702
3.09549
0.232257
0.439951
-0.297551
-0.615235
-0.809687
1.85043
1.20992
0.167086
-0.315583
-0.0310685
0.524444
0.761232
-0.195306
0.336259
0.955916
-0.564622
-0.0375155
-0.061948
-6.61937
1.14585
-2.8201
-1.43742
0.0901176
3.20926
-0.415358
-7.89627
-2.39393
-2.78209
-0.474788
-1.53365
17.3716
-0.221418
0.869602
1.48963
56.0559
4.64747
0.913669
-5.69816
0.524718
11.4033
5.4336
0.275202
-1.75293
-0.388246
-113.193
-12.8207
-5.9291
-0.243709
0.997251
1.31946
-2.1668
-1.84391
-2.95415
-0.415653
-0.0241173
-0.605016
-0.392041
43.2992
0.324316
-0.0145473
0.30704
3.00223
0.474471
-26.802
-9.45098
-2.62199
-2.45547
1.21381
0.809806
1.20065
-0.258318
0.00873684
4.47758
4.02834
33.7263
-1.70574
-1.90501
0.185746
-1.98343
0.226965
0.459871
-0.151044
-0.143838
0.0681885
1.00688
-1.17724
0.434052
3.67102
-0.336801
1.03525
2.9228
-24.671
-0.586078
3.06133
-0.812133
0.68755
2.32729
-1.33899
16.7541
0.0848667
-1.38107
2.89199
-2.19334
-4.68869
0.36619
-3.22088
1.37979
-0.449203
0.441211
-1.38074
-0.581141
0.774241
1.86949
1.78191
-1.71234
0.227728
0.505527
-3.32483
-1.5777
-0.106044
0.779269
-0.614868
0.396493
-0.107316
0.0989015
1.4422
-1.07672
0.741495
0.823733
0.172372
0.567599
1.22638
0.301133
-0.952114
3.52398
0.804149
