3.14268           0
3.10297   0.0397107
3.10144    0.022978
3.11872   0.0237229
3.12076   0.0184884
3.13007   0.0177358
3.12458   0.0159618
3.12409   0.0138323
3.13372   0.0155441
3.12439   0.0167425
3.12129   0.0154592
3.1246   0.0144962
3.13207    0.015282
3.1363   0.0147679
3.1349   0.0138195
3.13684   0.0130728
3.13667   0.0122811
3.13518   0.0116736
3.14053   0.0122685
3.14304   0.0119074
3.14338   0.0113311
3.14441   0.0108529
3.14581   0.0104644
3.14597   0.0100202
3.14601  0.00961114
3.14677  0.00926463
3.14897  0.00918225
3.15101  0.00908093
3.14904  0.00897955
3.15105  0.00890412
3.14958  0.00873607
3.14866  0.00850861
3.14724  0.00836845
3.14775  0.00813455
3.14773  0.00789873
3.14537  0.00803067
3.14523  0.00781186
3.14578  0.00762323
3.14512  0.00745428
3.14579  0.00729558
3.14547  0.00712242
3.14403  0.00709836
3.14293  0.00701732
3.14235  0.00688086
3.14318   0.0067771
3.14381  0.00665786
3.1429  0.00657727
3.14191  0.00651409
3.14236  0.00639503
3.14212   0.0062704
3.14153  0.00617386
3.14172  0.00605676
3.14234   0.0059737
3.14233  0.00586203
3.14201  0.00576358
3.14279  0.00571331
3.14218  0.00564527
3.14056  0.00577834
3.13952  0.00577517
3.13991  0.00569164
3.13921  0.00564074
3.13757  0.00578778
3.13734  0.00569952
3.13945  0.00599273
3.13942  0.00589991
3.13939  0.00580988
3.13855  0.00578388
3.13938   0.0057581
3.13924  0.00567588
3.13905  0.00559742
3.13915  0.00551905
3.13837  0.00549728
3.13816  0.00542552
3.13799  0.00535444
3.13815  0.00528484
3.13785  0.00522352
3.13749  0.00516753
3.13728  0.00510517
3.13692  0.00505286
3.13665  0.00499697
3.13659  0.00493518
3.13722   0.0049144
3.13694  0.00486268
3.1373  0.00481825
3.13783  0.00478976
3.13722  0.00477202
3.13735  0.00471852
3.13705  0.00467391
3.13728  0.00462656
3.13759  0.00458564
3.13782  0.00454055
3.13776  0.00449125
3.1375  0.00445046
3.1379    0.004421
3.13768  0.00437963
3.13754  0.00433628
3.13831  0.00436007
3.13799  0.00432677
3.13816  0.00428612
3.13859  0.00426427
3.13842  0.00422501
3.13889  0.00420901
3.13886  0.00416802
3.13992  0.00426112
3.14015  0.00422686
3.14018  0.00418689
3.14072  0.00418257
3.14098  0.00415168
3.14183  0.00420032
3.14254  0.00422154
3.14172  0.00426125
3.14171  0.00422305
3.14209  0.00420277
3.14167  0.00418658
3.14147  0.00415504
3.14204  0.00415844
3.14221   0.0041263
3.14173  0.00411982
3.14164  0.00408589
3.14225  0.00409618
3.1423  0.00406258
3.14233  0.00402927
3.14176  0.00403794
3.14191  0.00400811
3.14181  0.00397708
3.14163  0.00394966
3.14151  0.00392014
3.14186  0.00390471
3.14167  0.00387885
3.14143  0.00385663
3.14112  0.00383934
3.14098  0.00381273
3.1408  0.00378818
3.14066  0.00376226
3.13994  0.00380407
3.1399  0.00377615
3.13992  0.00374853
3.14025  0.00373604
3.14001  0.00371675
3.13975  0.00369923
3.13979  0.00367304
3.14036  0.00369123
3.1404  0.00366563
3.14083  0.00366559
3.14089  0.00364067
3.14102  0.00361779
3.14082  0.00359856
3.14123  0.00359803
3.14131  0.00357468
3.14103  0.00356204
3.14116  0.00354098
3.14144  0.00352872
3.14158  0.00350804
3.14164   0.0034858
3.14141  0.00347104
3.14097  0.00347599
3.14051  0.00348495
3.14005  0.00349353
3.13999  0.00347187
3.14026  0.00346016
3.14017  0.00343967
3.14008  0.00341957
3.1402  0.00340074
3.14031   0.0033816
3.14001  0.00337445
3.14016  0.00335732
3.14003  0.00333953
3.13993  0.00332104
3.13961   0.0033173
3.13973  0.00329992
3.13968  0.00328093
3.13959  0.00326315
3.13964  0.00324475
3.13982   0.0032311
3.13969  0.00321553
3.13966  0.00319731
3.13953  0.00318183
3.13954  0.00316391
3.13948   0.0031466
3.13931  0.00313381
3.13974  0.00314585
3.13984  0.00312997
3.13974  0.00311425
3.13976  0.00309732
3.13928  0.00311719
3.13932  0.00310067
3.13956  0.00309275
3.13947  0.00307737
3.13919  0.00307366
3.13893  0.00306849
3.13904   0.0030542
3.13912  0.00303926
3.1391  0.00302351
3.13926  0.00301211
3.13923  0.00299684
3.13889  0.00300079
3.13894  0.00298588
3.13871   0.0029794
3.13853  0.00296947
3.13838   0.0029584
3.13831  0.00294458
3.13858  0.00294192
3.13868   0.0029293
3.13878  0.00291645
3.13865  0.00290505
3.13853  0.00289324
3.1386  0.00287997
3.13858  0.00286613
3.13866  0.00285355
3.13848   0.0028458
3.13832  0.00283695
3.13814  0.00282894
3.13807  0.00281646
3.138  0.00280427
3.13796  0.00279145
3.13793  0.00277872
3.13795  0.00276601
3.13838  0.00278656
3.13822  0.00277859
3.1382  0.00276602
3.138  0.00276055
3.13812  0.00275059
3.13828  0.00274285
3.13823  0.00273105
3.13795  0.00273271
3.1375  0.00275753
3.13758  0.00274651
3.13787  0.00274925
3.13792  0.00273783
3.13808  0.00273031
3.13819   0.0027207
3.13824  0.00270935
3.13832  0.00269898
3.13842  0.00268933
3.13861  0.00268433
3.13843  0.00267889
3.13837  0.00266817
3.13837  0.00265693
3.1384  0.00264597
3.1384  0.00263493
3.13848  0.00262531
3.13829  0.00262158
3.13828  0.00261078
3.13855  0.00261401
3.13857  0.00260336
3.13849  0.00259396
3.13866  0.00258894
3.13887  0.00258738
3.139  0.00258001
3.13905  0.00257029
3.13917  0.00256264
3.13906  0.00255483
3.13919  0.00254805
3.13947  0.00255383
3.13967   0.0025516
3.1397  0.00254176
3.13973  0.00253208
3.14004  0.00254092
3.14005  0.00253109
3.14012  0.00252246
3.14014  0.00251288
3.14009  0.00250382
3.1401   0.0024943
3.14005  0.00248541
3.14019  0.00247997
3.14039  0.00247839
3.14015     0.00248
3.14032  0.00247658
3.14049  0.00247287
3.14041  0.00246479
3.14034  0.00245693
3.1401  0.00245896
3.14007   0.0024501
3.13991  0.00244667
3.13982  0.00243954
3.1399  0.00243196
3.13993  0.00242335
3.14013  0.00242315
3.1402   0.0024154
3.1404  0.00241512
3.14045  0.00240712
3.14057  0.00240153
3.14052  0.00239355
3.14062  0.00238708
3.1409  0.00239541
3.14108  0.00239405
3.14097   0.0023884
3.14112  0.00238493
3.14093  0.00238406
3.14088  0.00237654
3.14104  0.00237407
3.14089  0.00237064
3.14113   0.0023742
3.14135  0.00237626
3.14145  0.00237049
3.14156  0.00236488
3.14159  0.00235708
3.14149  0.00235127
3.14159  0.00234578
3.14138  0.00234729
3.14141   0.0023396
3.1414  0.00233186
3.14136  0.00232443
3.14139  0.00231697
3.14146   0.0023104
3.14154   0.0023043
3.14167  0.00230032
3.14164  0.00229306
3.14159  0.00228626
3.14163  0.00227935
3.14167  0.00227228
3.14179  0.00226808
3.1416  0.00226834
3.14161  0.00226113
3.14136  0.00226812
3.14134    0.002261
3.14129  0.00225445
3.14139   0.0022495
3.14138  0.00224246
3.14148   0.0022375
3.14143    0.002231
3.14128  0.00222883
3.14145  0.00222799
3.14145   0.0022211
3.14148  0.00221444
3.14157  0.00220937
3.14166  0.00220458
3.14204  0.00223078
3.14186  0.00223096
3.1418  0.00222526
3.1419  0.00222109
3.14198  0.00221585
3.14196  0.00220932
3.14178  0.00220996
3.14178  0.00220336
3.14181  0.00219696
3.14177   0.0021908
3.14163  0.00218841
3.14155  0.00218328
3.14141  0.00218161
3.14139  0.00217533
3.14137  0.00216907
3.14136  0.00216274
3.14125  0.00215916
3.14119  0.00215384
3.1412  0.00214766
3.14109  0.00214426
3.14118  0.00213977
3.14113  0.00213416
3.14111  0.00212812
3.14124   0.0021256
3.1413   0.0021205
3.14121  0.00211635
3.14115  0.00211132
3.14102  0.00210897
3.14076  0.00212007
3.1407  0.00211484
3.14078  0.00211031
3.1409  0.00210823
3.14102  0.00210534
3.14102  0.00209951
3.14085  0.00210053
3.1409   0.0020953
3.14078  0.00209295
3.1409   0.0020906
3.14078  0.00208856
3.14073  0.00208331
3.14069  0.00207805
3.1408  0.00207524
3.14079  0.00206969
3.14052  0.00208048
3.14059  0.00207606
3.14063  0.00207085
3.14069  0.00206613
3.14056  0.00206476
3.14081  0.00207459
3.14089  0.00207043
3.14081  0.00206642
3.14074  0.00206228
3.14087  0.00206124
3.14102  0.00206147
3.14096  0.00205701
3.14111  0.00205702
3.14124  0.00205608
3.14115  0.00205311
3.14123  0.00204962
3.14127  0.00204465
3.14117  0.00204156
3.14111  0.00203748
3.14123  0.00203584
3.14121   0.0020307
3.1412  0.00202552
3.14122  0.00202043
3.14127  0.00201592
3.14118  0.00201258
3.14131  0.00201132
3.14134  0.00200654
3.14136  0.00200157
3.14136  0.00199655
3.14121  0.00199661
3.14116  0.00199226
3.14109  0.00198863
3.14111  0.00198374
3.14112  0.00197887
3.14115  0.00197422
3.14097  0.00197727
3.14094  0.00197265
3.14107  0.00197208
3.14098  0.00196954
3.14099  0.00196478
3.1409  0.00196221
3.14075   0.0019628
3.1407  0.00195884
3.14083  0.00195831
3.14095   0.0019573
3.14097  0.00195276
3.14103  0.00194889
3.14094  0.00194602
3.14096  0.00194141
3.14099  0.00193703
3.14113  0.00193741
3.141  0.00193665
3.141  0.00193207
3.14104  0.00192788
3.14087  0.00193072
3.14098  0.00192912
3.14106  0.00192646
3.141  0.00192297
3.14093  0.00191977
3.14106  0.00191964
3.14127  0.00192746
3.14129  0.00192309
3.1412  0.00192109
3.14114  0.00191736
3.14127  0.00191732
3.14119  0.00191476
3.14124  0.00191109
3.14129  0.00190747
3.14145  0.00190931
3.14127  0.00191294
3.14131  0.00190887
3.14126  0.00190504
3.14132  0.00190174
3.1414  0.00189889
3.14141  0.00189463
3.14135  0.00189106
3.1415  0.00189257
3.14149  0.00188839
3.14147  0.00188426
3.14148  0.00188011
3.14157   0.0018781
3.14156    0.001874
3.14141  0.00187569
3.14136  0.00187235
3.14124   0.0018718
3.1414  0.00187437
3.14136  0.00187063
3.14143  0.00186771
3.14132  0.00186666
3.14132  0.00186261
3.14129  0.00185876
3.14109   0.0018654
3.14114  0.00186218
3.14113  0.00185821
3.14105  0.00185587
3.14116  0.00185521
3.14113  0.00185154
3.14111  0.00184766
3.14108  0.00184403
3.14125  0.00184828
3.14122  0.00184465
3.14136  0.00184571
3.14145  0.00184414
3.14157  0.00184446
3.14155  0.00184077
3.14156  0.00183693
3.1416  0.00183361
3.14165  0.00183054
3.14162  0.00182707
3.14176  0.00182894
3.14179  0.00182532
3.14165  0.00182701
3.14168  0.00182347
3.14165  0.00181997
3.14158  0.00181732
3.14173  0.00181932
3.14184  0.00181918
3.14186  0.00181555
3.1419  0.00181217
3.14194  0.00180904
3.14207  0.00181023
3.14207  0.00180656
3.14205  0.00180294
3.14209  0.00179954
3.1422  0.00179964
3.14222  0.00179611
3.1422  0.00179258
3.14221  0.00178898
3.1423  0.00178767
3.14237  0.00178553
3.1424  0.00178221
3.14246  0.00177967
3.14248  0.00177624
3.1425  0.00177281
3.14241   0.0017715
3.14228  0.00177272
3.14233   0.0017699
3.14226  0.00176763
3.14245  0.00177444
3.14252  0.00177219
3.14243  0.00177111
3.14247  0.00176823
3.14253  0.00176572
3.14239  0.00176773
3.14247  0.00176616
3.14263  0.00177012
3.14254  0.00176909
3.14258  0.00176621
3.1426  0.00176284
3.14259  0.00175947
3.14257  0.00175618
3.14255  0.00175289
3.14262  0.00175082
3.14239  0.00176256
3.14242  0.00175945
3.14233  0.00175841
3.14239  0.00175611
3.14243  0.00175313
3.14242  0.00174983
3.1424  0.00174664
3.14249  0.00174559
3.14248  0.00174232
3.14245  0.00173928
3.14234  0.00173975
3.14217  0.00174451
3.14215  0.00174143
3.14211  0.00173844
3.14199  0.00173962
3.14197  0.00173648
3.14197  0.00173326
3.14198  0.00173008
3.14209  0.00173014
3.14208  0.00172701
3.14218    0.001727
3.14206  0.00172786
3.14204  0.00172483
3.14202  0.00172186
3.14196  0.00171946
3.14196  0.00171635
3.14207  0.00171682
3.14209  0.00171391
3.14209   0.0017108
3.14217  0.00170957
3.14224  0.00170809
3.14216  0.00170731
3.14216  0.00170424
3.14209  0.00170284
3.14206  0.00170008
3.14201  0.00169762
3.14185   0.0017021
3.14172  0.00170436
3.1416  0.00170564
3.14158  0.00170271
3.14155  0.00169984
3.14162   0.0016981
3.14162  0.00169509
3.1416  0.00169222
3.14159  0.00168926
3.14154  0.00168697
3.14152  0.00168409
3.14146  0.00168231
3.14146  0.00167937
3.14149  0.00167667
3.14151  0.00167387
3.1416  0.00167358
3.14161  0.00167069
3.14167  0.00166883
3.14158  0.00166845
3.14151  0.00166699
3.1415  0.00166413
3.1414   0.0016643
3.14137  0.00166176
3.14126  0.00166264
3.14124  0.00165989
3.14122  0.00165712
3.14114  0.00165621
3.14122  0.00165529
3.14136  0.00165849
3.14137  0.00165568
3.14131  0.00165373
3.14132  0.00165097
3.1413  0.00164834
3.14123  0.00164719
3.14119  0.00164485
3.14111  0.00164411
3.14113  0.00164153
3.1411  0.00163906
3.14104  0.00163767
3.14103  0.00163494
3.14111  0.00163407
3.14109  0.00163144
3.14114   0.0016296
3.14121  0.00162835
3.14118  0.00162596
3.14117  0.00162333
3.14115  0.00162073
3.14115  0.00161807
3.14112  0.00161554
3.1411  0.00161309
3.14111  0.00161052
3.14113  0.00160793
3.14113  0.00160531
3.14115  0.00160281
3.14116  0.00160024
3.14119   0.0015979
3.1413  0.00159879
3.1413  0.00159619
3.14137  0.00159512
3.14137  0.00159254
3.14143  0.00159108
3.14138  0.00158927
3.14142  0.00158736
3.14139  0.00158507
3.14141  0.00158257
3.14148  0.00158189
3.14145  0.00157968
3.14147  0.00157734
3.1415  0.00157511
3.14139  0.00157694
3.14142  0.00157472
3.14137  0.00157289
3.14132  0.00157114
3.14133  0.00156869
3.14141  0.00156792
3.14138  0.00156573
3.14133  0.00156394
3.1414  0.00156303
3.1414  0.00156058
3.14149   0.0015606
3.14158  0.00156099
3.14145  0.00156423
3.14144  0.00156184
3.14141  0.00155962
3.14137  0.00155787
3.14131  0.00155641
3.14128  0.00155438
3.14137  0.00155472
3.14133  0.00155286
3.14125  0.00155239
3.14123  0.00155014
3.14109  0.00155368
3.14117  0.00155306
3.14123  0.00155183
3.14109  0.00155595
3.14108  0.00155361
3.14104  0.00155155
3.141  0.00154989
3.14108  0.00154962
3.14111  0.00154753
3.14123  0.00155031
3.14128  0.00154862
3.14117   0.0015498
3.14121  0.00154795
3.14121  0.00154562
3.14123  0.00154347
3.14123  0.00154115
3.14124  0.00153887
3.14122  0.00153673
3.14132  0.00153745
3.1414  0.00153723
3.14142  0.00153518
3.14143  0.00153291
3.14142  0.00153073
3.14145  0.00152888
3.14143  0.00152681
3.14144  0.00152461
3.14149  0.00152319
3.14144  0.00152175
3.14151  0.00152117
3.14152  0.00151894
3.14154  0.00151686
3.14149  0.00151552
3.14148  0.00151331
3.14144  0.00151156
3.14148  0.00150971
3.14145  0.00150786
3.14154  0.00150834
3.14154  0.00150615
3.14154  0.00150397
3.1415  0.00150242
3.14157  0.00150205
3.14153  0.00150036
3.14142  0.00150281
3.14138  0.00150108
3.14142  0.00149941
3.14154  0.00150246
3.14147  0.00150214
3.14136  0.00150392
3.14133  0.00150215
3.14127  0.00150094
3.14124  0.00149926
3.14129  0.00149802
3.14124  0.00149653
3.14121  0.00149489
3.14118  0.00149292
3.14124  0.00149177
3.14123  0.00148968
3.14122  0.00148762
3.14126  0.00148618
3.14129  0.00148439
3.14131  0.00148237
3.14132  0.00148033
3.14128  0.00147872
3.14134  0.00147762
3.14138  0.00147629
3.1414   0.0014743
3.14144  0.00147295
3.14138  0.00147217
3.14133  0.00147092
3.14136   0.0014692
3.14139  0.00146749
3.14145  0.00146649
3.14144   0.0014645
3.14146  0.00146259
3.14151  0.00146147
3.14152  0.00145949
3.14152  0.00145749
3.1415  0.00145556
3.1415  0.00145357
3.14147  0.00145188
3.14145  0.00144997
3.14144  0.00144804
3.14153  0.00144902
3.1416  0.00144887
3.14161  0.00144692
3.14152  0.00144763
3.14157  0.00144624
3.14157  0.00144428
3.14145  0.00144762
3.14133  0.00145014
3.14133  0.00144818
3.14129  0.00144691
3.14127  0.00144507
3.14125  0.00144324
3.1412  0.00144219
3.14125  0.00144123
3.1412  0.00144022
3.14119  0.00143835
3.14125  0.00143789
3.14127  0.00143602
3.14131  0.00143468
3.14128  0.00143294
3.14125  0.00143145
3.1412  0.00143042
3.14115  0.00142951
3.14113   0.0014277
3.14113  0.00142581
3.1411  0.00142424
3.14106  0.00142303
3.141  0.00142234
3.141  0.00142048
3.14104  0.00141936
3.14101  0.00141781
3.14101  0.00141596
3.14099  0.00141424
3.1409  0.00141533
3.14081  0.00141659
3.14081  0.00141475
3.14076   0.0014138
3.14077  0.00141201
3.14086   0.0014131
3.14079  0.00141303
3.14086  0.00141284
3.14092  0.00141212
3.14088  0.00141085
3.14092   0.0014096
3.14087  0.00140845
3.14087  0.00140666
3.14082  0.00140566
3.14084  0.00140401
3.14089  0.00140309
3.14087  0.00140139
3.14084   0.0013999
3.14092  0.00140025
3.141  0.00140064
3.14099  0.00139886
3.14101  0.00139724
3.1411  0.00139791
3.14112  0.00139629
3.14113  0.00139456
3.14113   0.0013928
3.14122  0.00139378
3.14126  0.00139269
3.14125  0.00139101
3.14122  0.00138948
3.14122  0.00138774
3.14118  0.00138658
3.14117  0.00138495
3.14115  0.00138328
3.14118  0.00138178
3.14122  0.00138087
3.14123  0.00137917
3.1413  0.00137936
3.14136  0.00137883
3.14132  0.00137781
3.1413  0.00137617
3.14134  0.00137483
3.14134  0.00137313
3.1414  0.00137279
3.14129  0.00137525
3.14128  0.00137359
3.14129  0.00137194
3.14129  0.00137027
3.14136  0.00137023
3.14139   0.0013691
3.14145  0.00136873
3.1415  0.00136773
3.14165  0.00137486
3.14167  0.00137326
3.14166   0.0013716
3.14158  0.00137207
3.14151  0.00137239
3.14158  0.00137241
3.14162  0.00137135
3.14167   0.0013708
3.14171  0.00136956
3.14175  0.00136857
3.14174  0.00136695
3.14176  0.00136545
3.14179  0.00136409
3.14178  0.00136251
3.14182  0.00136165
3.14182  0.00136002
3.1419  0.00136075
3.14184  0.00136069
3.14198  0.00136626
3.14197  0.00136465
3.14204  0.00136504
3.14203  0.00136351
3.14201    0.001362
3.14203  0.00136057
3.14197  0.00136032
3.142  0.00135906
3.14196  0.00135821
3.14205  0.00135992
3.14204  0.00135834
3.14199  0.00135755
3.14194  0.00135705
3.14201  0.00135712
3.14201  0.00135554
3.14203  0.00135409
3.1421  0.00135415
3.1421  0.00135256
3.14208  0.00135115
3.14206  0.00134967
3.14203  0.00134853
3.14207  0.00134767
3.14209  0.00134627
3.14213  0.00134522
3.14217  0.00134423
3.1422   0.0013429
3.14225  0.00134245
3.14234  0.00134354
3.14238  0.00134271
3.14234  0.00134167
3.14231   0.0013406
3.1423  0.00133907
3.14228  0.00133763
3.1423  0.00133616
3.14231  0.00133467
3.14227  0.00133376
3.14225  0.00133229
3.1423  0.00133153
3.14232  0.00133017
3.14231  0.00132871
3.14232  0.00132724
3.14237  0.00132655
3.14239   0.0013253
3.14236  0.00132413
3.14229  0.00132478
3.14225  0.00132372
3.14221  0.00132281
3.14219  0.00132152
3.14216  0.00132027
3.14214  0.00131909
3.14216  0.00131788
3.14216   0.0013164
3.14207  0.00131747
3.14211  0.00131634
3.14209  0.00131498
3.1421  0.00131356
3.14209  0.00131213
3.14212  0.00131114
3.14206    0.001311
3.14212  0.00131067
3.14211  0.00130926
3.14218  0.00130965
3.14217  0.00130821
3.14222  0.00130794
3.14218  0.00130734
3.14222   0.0013067
3.14224  0.00130539
3.14227  0.00130415
3.1423  0.00130317
3.1423  0.00130173
3.14232   0.0013004
3.14228  0.00129961
3.14233  0.00129919
3.14234  0.00129779
3.14237  0.00129684
3.1424  0.00129558
3.14233  0.00129572
3.14232  0.00129437
3.14236  0.00129363
3.14237  0.00129228
3.14241  0.00129142
3.14239  0.00129013
3.1424  0.00128873
3.14238  0.00128749
3.14238  0.00128609
3.1423  0.00128675
3.14229   0.0012854
3.1423  0.00128402
3.14223  0.00128433
3.14219  0.00128352
3.14223  0.00128273
3.14221  0.00128158
3.14228  0.00128236
3.1423  0.00128111
3.14228  0.00127988
3.14225  0.00127895
3.14229  0.00127853
3.14233  0.00127772
3.14229  0.00127696
3.14235  0.00127696
3.14238    0.001276
3.14238  0.00127465
3.14237  0.00127333
3.14233  0.00127258
3.14233  0.00127123
3.14229  0.00127049
3.14227  0.00126932
3.14227  0.00126799
3.14228  0.00126665
3.14227  0.00126531
3.14231  0.00126472
3.14232  0.00126338
3.14235  0.00126251
3.14229  0.00126265
3.14234  0.00126227
3.14229  0.00126202
3.14221   0.0012629
3.14223  0.00126177
3.14221   0.0012607
3.14224  0.00125977
3.14229  0.00125948
3.14227  0.00125829
3.14221  0.00125847
3.14225  0.00125781
3.14231  0.00125777
3.14234  0.00125682
3.14236  0.00125563
3.14238  0.00125465
3.14239  0.00125335
3.14236  0.00125224
3.14235  0.00125109
3.14228  0.00125142
3.14223  0.00125117
3.14224  0.00124994
3.14223  0.00124874
3.14227  0.00124828
3.14214  0.00125382
3.14213  0.00125266
3.1421  0.00125172
3.14208   0.0012506
3.14211  0.00124973
3.14209  0.00124853
3.14208  0.00124728
3.14206  0.00124631
3.14206  0.00124504
3.14208  0.00124395
3.1421  0.00124277
3.14213  0.00124202
3.14216  0.00124118
3.14218  0.00124002
3.1422  0.00123887
3.14218  0.00123774
3.1422  0.00123662
3.14219  0.00123542
3.14218  0.00123421
3.1422  0.00123312
3.1422  0.00123189
3.14218  0.00123074
3.14222  0.00123003
3.1423  0.00123122
3.14232  0.00123014
3.14231  0.00122892
3.14235  0.00122818
3.14236  0.00122707
3.14237   0.0012259
