0.0830609           0
0.0831564 9.54883e-05
0.0833265 0.000178775
0.0834413 0.000170766
0.0834543 0.000132914
0.0833826 0.000130051
0.0834064 0.000112463
0.0834532 0.000108036
0.0834218 0.000100314
0.0834014 9.20172e-05
0.083415  8.4342e-05
0.0834198 7.71383e-05
0.0834111 7.14818e-05
0.0834213 6.69573e-05
0.0834085 6.36299e-05
0.0834286 6.28262e-05
0.0834257 5.90848e-05
0.083414 5.69274e-05
0.0834143 5.38485e-05
0.0834168 5.11474e-05
0.0834034 5.04668e-05
0.0834083 4.83715e-05
0.0833922 4.89651e-05
0.0833766 4.93959e-05
0.0833845 4.80323e-05
0.0833799 4.63757e-05
0.0833839 4.48011e-05
0.0833977 4.53257e-05
0.0833924 4.40478e-05
0.0833847 4.32537e-05
0.0833719 4.37403e-05
0.083376 4.25496e-05
0.0833699 4.16954e-05
0.0833741 4.06704e-05
0.08337 3.97054e-05
0.083358 4.03982e-05
0.0833559 3.93504e-05
0.0833553 3.83045e-05
0.0833533 3.73673e-05
0.0833602 3.70681e-05
0.0833624 3.62229e-05
0.0833597 3.54571e-05
0.0833538 3.51153e-05
0.0833494 3.45829e-05
0.0833482 3.38269e-05
0.0833469 3.31108e-05
0.0833478 3.24104e-05
0.0833476 3.17287e-05
0.0833572  3.2547e-05
0.0833563 3.19025e-05
0.0833581 3.13181e-05
0.0833536 3.10281e-05
0.0833558 3.05148e-05
0.0833522 3.01595e-05
0.083359 3.03807e-05
0.0833509 3.09313e-05
0.08335 3.03965e-05
0.0833487 2.98933e-05
0.0833527 2.96484e-05
0.0833551 2.92469e-05
0.083349  2.9401e-05
0.0833476 2.89578e-05
0.0833401 2.94695e-05
0.0833369 2.91771e-05
0.0833344 2.88359e-05
0.083334 2.83978e-05
0.0833316 2.80759e-05
0.0833307 2.76748e-05
0.0833396 2.86792e-05
0.0833395 2.82667e-05
0.0833468 2.88096e-05
0.0833471  2.8409e-05
0.0833454 2.80713e-05
0.0833442 2.77163e-05
0.0833433 2.73585e-05
0.0833465 2.71825e-05
0.0833452 2.68554e-05
0.0833474 2.65991e-05
0.0833459 2.63018e-05
0.0833431 2.61272e-05
0.0833467 2.60596e-05
0.0833478 2.57601e-05
0.0833482  2.5451e-05
0.0833482 2.51463e-05
0.0833496 2.48885e-05
0.0833481 2.46476e-05
0.0833439 2.47166e-05
0.0833444 2.44399e-05
0.0833453 2.41786e-05
0.0833435 2.39736e-05
0.0833462 2.38619e-05
0.0833477 2.36476e-05
0.0833478 2.33923e-05
0.0833504 2.32858e-05
0.083352 2.30922e-05
0.0833516 2.28532e-05
0.0833496 2.27011e-05
0.0833482 2.25145e-05
0.0833497 2.23392e-05
0.083347 2.22864e-05
0.0833468 2.20653e-05
0.0833492 2.19753e-05
0.083348 2.17923e-05
0.0833469 2.16106e-05
0.0833463 2.14122e-05
0.0833457 2.12166e-05
0.0833462 2.10227e-05
0.0833451 2.08546e-05
0.0833453 2.06628e-05
0.083348 2.06512e-05
0.0833482 2.04661e-05
0.0833497 2.03364e-05
0.0833473 2.02985e-05
0.0833486 2.01647e-05
0.0833472 2.00412e-05
0.0833476 1.98728e-05
0.0833431 2.02204e-05
0.0833455  2.0195e-05
0.0833451 2.00282e-05
0.0833438 1.99093e-05
0.0833417 1.98507e-05
0.0833401 1.97518e-05
0.0833396 1.95968e-05
0.0833388 1.94543e-05
0.0833402 1.93443e-05
0.0833357 1.97016e-05
0.0833374  1.9618e-05
0.0833403 1.96875e-05
0.0833374 1.97539e-05
0.0833369 1.96069e-05
0.0833354  1.9516e-05
0.0833321 1.96452e-05
0.083332 1.94975e-05
0.0833311 1.93729e-05
0.0833321 1.92566e-05
0.0833303 1.91974e-05
0.0833304 1.90568e-05
0.0833317 1.89651e-05
0.0833259 1.97004e-05
0.0833263 1.95637e-05
0.0833271 1.94394e-05
0.0833245 1.94674e-05
0.083323 1.93882e-05
0.083323 1.92531e-05
0.0833227 1.91225e-05
0.0833237 1.90174e-05
0.0833236 1.88878e-05
0.0833276 1.91822e-05
0.0833257 1.91498e-05
0.0833245 1.90569e-05
0.0833231 1.89826e-05
0.0833244 1.88972e-05
0.0833226 1.88567e-05
0.0833219 1.87457e-05
0.0833221 1.86258e-05
0.0833203 1.86025e-05
0.0833215 1.85271e-05
0.0833229 1.84585e-05
0.0833239  1.8373e-05
0.083326   1.837e-05
0.0833246 1.83039e-05
0.0833251 1.81972e-05
0.0833272 1.82062e-05
0.0833286 1.81457e-05
0.0833268 1.81224e-05
0.0833262 1.80245e-05
0.0833249 1.79622e-05
0.0833253 1.78595e-05
0.0833269 1.78268e-05
0.0833254 1.77872e-05
0.0833243 1.77123e-05
0.0833248 1.76153e-05
0.0833256 1.75306e-05
0.0833264  1.7448e-05
0.0833261 1.73502e-05
0.0833262 1.72514e-05
0.0833259 1.71563e-05
0.083324 1.71574e-05
0.0833242 1.70618e-05
0.0833233 1.69892e-05
0.083325 1.69854e-05
0.0833241 1.69192e-05
0.0833217 1.69863e-05
0.0833225 1.69088e-05
0.0833237  1.6865e-05
0.0833241 1.67775e-05
0.0833255 1.67516e-05
0.0833252 1.66651e-05
0.0833264 1.66159e-05
0.0833277 1.65785e-05
0.0833288 1.65308e-05
0.0833291 1.64468e-05
0.083327 1.64951e-05
0.0833292 1.65641e-05
0.0833302 1.65091e-05
0.083329 1.64693e-05
0.0833297 1.63989e-05
0.0833306 1.63396e-05
0.083329 1.63343e-05
0.0833298 1.62754e-05
0.0833288 1.62273e-05
0.0833291 1.61489e-05
0.0833282 1.60898e-05
0.0833274 1.60354e-05
0.0833253  1.6094e-05
0.0833256 1.60186e-05
0.0833244 1.59839e-05
0.0833238 1.59178e-05
0.0833254 1.59257e-05
0.0833241 1.59039e-05
0.0833249 1.58464e-05
0.0833249 1.57715e-05
0.0833243 1.57086e-05
0.0833253  1.5668e-05
0.083325 1.55977e-05
0.0833248 1.55267e-05
0.0833233 1.55335e-05
0.0833228  1.5468e-05
0.0833232 1.54016e-05
0.0833229 1.53349e-05
0.0833218 1.53052e-05
0.0833216 1.52371e-05
0.0833224 1.51879e-05
0.0833253 1.54049e-05
0.0833238 1.54064e-05
0.0833243 1.53435e-05
0.0833232 1.53107e-05
0.0833248 1.53202e-05
0.0833238 1.52802e-05
0.0833231 1.52318e-05
0.083322 1.52052e-05
0.083324  1.5269e-05
0.0833242 1.52054e-05
0.0833247 1.51469e-05
0.0833249 1.50839e-05
0.0833255 1.50308e-05
0.0833239 1.50497e-05
0.0833237 1.49881e-05
0.0833225 1.49699e-05
0.0833231  1.4919e-05
0.0833236 1.48645e-05
0.0833235 1.48032e-05
0.083324 1.47501e-05
0.0833234 1.46996e-05
0.0833221 1.47025e-05
0.0833219 1.46438e-05
0.0833217 1.45851e-05
0.0833216 1.45273e-05
0.0833213 1.44708e-05
0.0833223  1.4449e-05
0.0833228 1.43984e-05
0.0833229 1.43417e-05
0.0833244 1.43606e-05
0.0833239 1.43134e-05
0.0833232 1.42704e-05
0.0833217 1.43036e-05
0.0833208 1.42739e-05
0.0833203 1.42263e-05
0.0833215 1.42208e-05
0.0833196 1.42989e-05
0.08332 1.42519e-05
0.0833198  1.4199e-05
0.083319 1.41664e-05
0.0833179 1.41572e-05
0.083317 1.41315e-05
0.0833167 1.40829e-05
0.083317 1.40347e-05
0.0833171 1.39825e-05
0.0833167 1.39359e-05
0.083315 1.39877e-05
0.0833164 1.40035e-05
0.083316 1.39587e-05
0.0833153 1.39219e-05
0.0833141 1.39305e-05
0.0833143 1.38823e-05
0.0833159 1.39184e-05
0.0833162 1.38711e-05
0.0833151 1.38629e-05
0.0833158 1.38296e-05
0.0833149 1.38079e-05
0.0833153 1.37644e-05
0.0833148 1.37256e-05
0.0833142 1.36892e-05
0.0833133 1.36673e-05
0.0833121 1.36725e-05
0.0833126  1.3633e-05
0.0833115 1.36298e-05
0.0833122 1.36005e-05
0.0833149 1.38237e-05
0.0833151  1.3777e-05
0.0833161  1.3766e-05
0.0833164 1.37222e-05
0.0833164 1.36753e-05
0.0833149  1.3716e-05
0.0833128 1.38336e-05
0.0833135 1.38042e-05
0.0833126 1.37834e-05
0.0833112 1.38077e-05
0.0833107 1.37731e-05
0.0833106 1.37273e-05
0.0833121 1.37701e-05
0.0833115 1.37404e-05
0.0833116 1.36954e-05
0.0833119 1.36546e-05
0.0833119 1.36098e-05
0.0833123 1.35711e-05
0.0833114 1.35565e-05
0.083311 1.35167e-05
0.0833125 1.35486e-05
0.0833116 1.35349e-05
0.0833125 1.35234e-05
0.0833131 1.34931e-05
0.0833134 1.34533e-05
0.0833133 1.34109e-05
0.083313 1.33713e-05
0.0833124 1.33428e-05
0.0833122 1.33017e-05
0.083313 1.32806e-05
0.0833136 1.32565e-05
0.0833133 1.32191e-05
0.0833135 1.31786e-05
0.0833126 1.31676e-05
0.0833121 1.31367e-05
0.0833114 1.31144e-05
0.0833097 1.31739e-05
0.0833098 1.31335e-05
0.0833094 1.30992e-05
0.0833099 1.30674e-05
0.0833092  1.3043e-05
0.0833086 1.30205e-05
0.0833081 1.29884e-05
0.0833077 1.29567e-05
0.0833076  1.2918e-05
0.0833076 1.28793e-05
0.0833088 1.28996e-05
0.083309 1.28622e-05
0.0833091 1.28241e-05
0.0833089 1.27875e-05
0.083308  1.2778e-05
0.0833085 1.27483e-05
0.0833084 1.27109e-05
0.0833073 1.27199e-05
0.0833087 1.27545e-05
0.0833085 1.27184e-05
0.0833083 1.26833e-05
0.0833089 1.26597e-05
0.0833084 1.26311e-05
0.0833106 1.27788e-05
0.0833098 1.27695e-05
0.0833098  1.2733e-05
0.0833102 1.27021e-05
0.0833081 1.28322e-05
0.083308 1.27965e-05
0.0833087 1.27812e-05
0.0833085 1.27463e-05
0.0833092 1.27254e-05
0.0833096 1.26988e-05
0.0833103 1.26827e-05
0.083309 1.27177e-05
0.0833085 1.26903e-05
0.0833086 1.26551e-05
0.0833087 1.26215e-05
0.0833087  1.2587e-05
0.0833087 1.25524e-05
0.0833092 1.25294e-05
0.0833088 1.25007e-05
0.0833098 1.25028e-05
0.0833106 1.24922e-05
0.0833102 1.24639e-05
0.0833106 1.24359e-05
0.0833105 1.24026e-05
0.0833102  1.2373e-05
0.0833105 1.23452e-05
0.0833095 1.23572e-05
0.0833096  1.2325e-05
0.0833098 1.22935e-05
0.0833094 1.22673e-05
0.0833102 1.22631e-05
0.0833107 1.22405e-05
0.08331 1.22278e-05
0.0833088 1.22556e-05
0.0833089 1.22235e-05
0.0833089 1.21916e-05
0.083309 1.21601e-05
0.0833087 1.21319e-05
0.083309 1.21045e-05
0.0833086 1.20797e-05
0.0833097 1.21018e-05
0.0833095  1.2073e-05
0.0833083 1.20992e-05
0.083308 1.20734e-05
0.0833079 1.20431e-05
0.0833083 1.20205e-05
0.0833074 1.20233e-05
0.0833076  1.1994e-05
0.0833071 1.19729e-05
0.0833072 1.19435e-05
0.0833067 1.19245e-05
0.0833081 1.19682e-05
0.0833088 1.19622e-05
0.0833087 1.19325e-05
0.083308 1.19249e-05
0.0833096 1.19952e-05
0.0833092 1.19697e-05
0.0833093 1.19404e-05
0.0833096 1.19148e-05
0.08331 1.18904e-05
0.0833083 1.19858e-05
0.083309  1.1978e-05
0.0833089 1.19488e-05
0.0833096 1.19354e-05
0.0833094 1.19077e-05
0.0833106 1.19366e-05
0.0833114 1.19369e-05
0.0833105 1.19393e-05
0.0833114 1.19446e-05
0.0833114 1.19159e-05
0.0833126 1.19411e-05
0.083313 1.19203e-05
0.0833115 1.19813e-05
0.0833109 1.19693e-05
0.0833115 1.19565e-05
0.0833115 1.19283e-05
0.0833116 1.19015e-05
0.0833122 1.18851e-05
0.0833123 1.18583e-05
0.0833117 1.18496e-05
0.0833117 1.18221e-05
0.0833122 1.18024e-05
0.0833116 1.17888e-05
0.0833114 1.17628e-05
0.0833122 1.17618e-05
0.083313  1.1764e-05
0.0833134 1.17441e-05
0.0833138 1.17215e-05
0.0833137 1.16947e-05
0.0833129 1.16962e-05
0.0833132 1.16731e-05
0.0833137 1.16587e-05
0.0833128 1.16723e-05
0.0833132 1.16528e-05
0.0833132 1.16264e-05
0.0833131 1.16006e-05
0.0833136 1.15844e-05
0.0833129 1.15798e-05
0.0833127 1.15545e-05
0.083313 1.15315e-05
0.0833133 1.15104e-05
0.0833125 1.15171e-05
0.0833123 1.14921e-05
0.0833122 1.14674e-05
0.0833119  1.1447e-05
0.0833119 1.14219e-05
0.0833126  1.1415e-05
0.0833127 1.13906e-05
0.0833135 1.13962e-05
0.0833137 1.13728e-05
0.0833135 1.13506e-05
0.0833132  1.1328e-05
0.0833135  1.1306e-05
0.0833128  1.1302e-05
0.083313 1.12796e-05
0.0833123 1.12759e-05
0.0833124 1.12517e-05
0.0833119 1.12366e-05
0.0833113  1.1233e-05
0.0833113 1.12089e-05
0.08331 1.12542e-05
0.0833095 1.12426e-05
0.0833108 1.12998e-05
0.0833114 1.12906e-05
0.0833117 1.12698e-05
0.083312 1.12518e-05
0.0833117  1.1234e-05
0.0833118 1.12117e-05
0.0833123 1.11973e-05
0.0833124  1.1174e-05
0.0833121 1.11547e-05
0.0833117 1.11382e-05
0.0833111 1.11294e-05
0.0833111 1.11063e-05
0.0833107 1.10885e-05
0.0833113   1.108e-05
0.0833107 1.10734e-05
0.0833111 1.10594e-05
0.0833105 1.10538e-05
0.0833105 1.10311e-05
0.0833108 1.10114e-05
0.0833112 1.09993e-05
0.0833123 1.10304e-05
0.0833124  1.1008e-05
0.0833119  1.0994e-05
0.083312 1.09717e-05
0.0833123 1.09554e-05
0.0833119 1.09415e-05
0.0833118 1.09197e-05
0.0833117 1.08991e-05
0.083312 1.08832e-05
0.0833128 1.08907e-05
0.0833127 1.08696e-05
