0.501438           0
0.500841 0.000596754
0.501149 0.000462409
0.50089 0.000417136
0.5006 0.000434645
0.500454 0.000383628
0.500281  0.00036724
0.500256 0.000319015
0.500059 0.000343785
0.500114 0.000312457
0.499991 0.000308342
0.499981 0.000281657
0.499849 0.000290741
0.49995 0.000287609
0.49992 0.000269488
0.499886 0.000254347
0.499823 0.000247202
0.499846 0.000234264
0.499912 0.000231086
0.499899 0.000219589
0.499929 0.000211044
0.499986 0.000209151
0.499989 0.000199868
0.499965 0.000192849
0.5  0.00018819
0.500015 0.000181411
0.499997 0.000175409
0.499941 0.000178116
0.499956 0.000172468
0.499978 0.000168148
0.499898 0.000181391
0.49989 0.000175806
0.499905 0.000171049
0.499932 0.000168168
0.499916 0.000164102
0.499903 0.000160044
0.499911 0.000155866
0.499889 0.000153195
0.499887 0.000149227
0.499849 0.000150469
0.499841 0.000146942
0.499838 0.000143453
0.499812 0.000142404
0.499834 0.000140811
0.499834 0.000137648
0.499821 0.000135225
0.49982 0.000132326
0.499833   0.0001302
0.499818 0.000128352
0.499818 0.000125759
0.499867 0.000132533
0.49986 0.000130141
0.499872 0.000128236
0.499851 0.000127637
0.499847 0.000125334
0.499868 0.000124811
0.499875  0.00012278
0.499865 0.000121029
0.49989 0.000121514
0.499891 0.000119478
0.499898 0.000117701
0.499926 0.000119031
0.499937 0.000117653
0.499942 0.000115909
0.499938  0.00011419
0.499938 0.000112448
0.499933 0.000110859
0.499941 0.000109459
0.49995  0.00010824
0.499936   0.0001076
0.499959 0.000108622
0.499966 0.000107346
0.499976 0.000106299
0.499972 0.000104924
0.499965  0.00010375
0.499966 0.000102378
0.499983 0.000102519
0.500012 0.000105327
0.500011 0.000103994
0.500008 0.000102718
0.500015 0.000101634
0.500023 0.000100735
0.500006 0.000100895
0.500003 9.97565e-05
0.499999 9.86431e-05
0.500004 9.75957e-05
0.500009 9.66034e-05
0.500005 9.55866e-05
0.500011 9.47265e-05
0.500008 9.37244e-05
0.500007 9.26923e-05
0.500004 9.17191e-05
0.499993 9.14221e-05
0.499996 9.04872e-05
0.5 8.96252e-05
0.499997 8.87374e-05
0.499992 8.79433e-05
0.500003 8.76411e-05
0.500026 8.99927e-05
0.500018 8.95312e-05
0.500008 8.92072e-05
0.500001  8.8557e-05
0.499998 8.77611e-05
0.499987 8.75809e-05
0.499994 8.70486e-05
0.499986 8.66092e-05
0.499988 8.58139e-05
0.499978 8.55976e-05
0.499958 8.71488e-05
0.499961 8.64132e-05
0.499955 8.58586e-05
0.499956 8.50993e-05
0.499956 8.43451e-05
0.499958 8.36372e-05
0.499956  8.2921e-05
0.499967 8.29027e-05
0.499962 8.23544e-05
0.499975 8.26264e-05
0.499975 8.19295e-05
0.499976 8.12477e-05
0.499976  8.0577e-05
0.499967 8.04869e-05
0.499974 8.01117e-05
0.499974 7.94684e-05
0.499961 7.99248e-05
0.499962 7.92951e-05
0.499961 7.86775e-05
0.499959 7.80902e-05
0.499956 7.75532e-05
0.499953 7.70091e-05
0.499954 7.64245e-05
0.499964 7.64961e-05
0.499961 7.59626e-05
0.499954 7.57219e-05
0.499954 7.51605e-05
0.499949 7.47429e-05
0.499945 7.42941e-05
0.49994 7.39259e-05
0.499932 7.38231e-05
0.49993 7.33241e-05
0.499924 7.30178e-05
0.49992 7.26164e-05
0.499926 7.23463e-05
0.499905 7.48113e-05
0.499903 7.43223e-05
0.499902 7.38246e-05
0.499907 7.35067e-05
0.499909 7.30248e-05
0.499909 7.25367e-05
0.499919  7.2638e-05
0.499921 7.22044e-05
0.499914 7.20709e-05
0.499923 7.21236e-05
0.499923 7.16537e-05
0.499919 7.13192e-05
0.49992 7.08758e-05
0.499917 7.04798e-05
0.499929 7.09492e-05
0.499927 7.05298e-05
0.499933 7.03457e-05
0.499938 7.00785e-05
0.499935 6.97115e-05
0.499933 6.92992e-05
0.499941 6.93292e-05
0.499948 6.93086e-05
0.499948  6.8893e-05
0.499954 6.87304e-05
0.499963 6.90037e-05
0.499971 6.90393e-05
0.499974 6.86774e-05
0.499971 6.83195e-05
0.499968 6.79938e-05
0.499969 6.76119e-05
0.499978 6.77606e-05
0.499972 6.75949e-05
0.499965 6.75823e-05
0.499974 6.77753e-05
0.499969 6.76127e-05
0.499965 6.73107e-05
0.499963 6.69745e-05
0.499966 6.66621e-05
0.499964  6.6321e-05
0.499968 6.60515e-05
0.499968 6.56978e-05
0.499971 6.53876e-05
0.499969 6.50652e-05
0.499981 6.59191e-05
0.499981 6.55676e-05
0.499978 6.53001e-05
0.499977  6.4962e-05
0.499965 6.57602e-05
0.49998 6.69952e-05
0.499974 6.68473e-05
0.499971  6.6597e-05
0.499973 6.62809e-05
0.499969 6.60702e-05
0.499967 6.57448e-05
0.499963 6.55859e-05
0.499958 6.54166e-05
0.499961 6.51512e-05
0.499965 6.49454e-05
0.499959 6.48662e-05
0.499964 6.47527e-05
0.499965 6.44399e-05
0.499967 6.41564e-05
0.499968  6.3851e-05
0.499967 6.35589e-05
0.499967  6.3255e-05
0.499961 6.32617e-05
0.499963 6.30035e-05
0.49996 6.27686e-05
0.499958 6.25107e-05
0.499957 6.22286e-05
0.499957 6.19374e-05
0.499962  6.1854e-05
0.499964 6.16187e-05
0.499967 6.13774e-05
0.499966 6.10976e-05
0.499968 6.08476e-05
0.499964 6.07004e-05
0.499966 6.04467e-05
0.499969 6.02852e-05
0.499972 6.00626e-05
0.499971 5.97999e-05
0.499974 5.96215e-05
0.499973 5.93785e-05
0.499972 5.91164e-05
0.49997 5.88984e-05
0.499972 5.86745e-05
0.499975 5.85082e-05
0.49998 5.84216e-05
0.499982 5.82237e-05
0.499985 5.80197e-05
0.499983 5.77923e-05
0.499986  5.7597e-05
0.49999 5.75237e-05
0.499996 5.76041e-05
0.500001 5.75613e-05
0.499994 5.77357e-05
0.499997 5.75864e-05
0.499995 5.73884e-05
0.499999 5.72649e-05
0.500008 5.78068e-05
0.500012 5.76943e-05
0.50001 5.74833e-05
0.500012 5.72924e-05
0.500014 5.70802e-05
0.500013 5.68524e-05
0.500013 5.66247e-05
0.500016 5.64862e-05
0.500014 5.63182e-05
0.500019 5.63548e-05
0.500015 5.62689e-05
0.500014 5.60704e-05
0.500016 5.58862e-05
0.500024 5.63439e-05
0.500025 5.61292e-05
0.500022 5.59966e-05
0.50002 5.58186e-05
0.50002 5.56071e-05
0.500016  5.5603e-05
0.50001 5.57233e-05
0.500011 5.55412e-05
0.500008 5.54287e-05
0.500005 5.52826e-05
0.500012 5.55117e-05
0.500012 5.53034e-05
0.500016 5.52003e-05
0.500019 5.50752e-05
0.500019 5.48716e-05
0.500024 5.49706e-05
0.500028 5.48706e-05
0.500035 5.51765e-05
0.500035 5.49747e-05
0.500031 5.49157e-05
0.500027  5.4851e-05
0.500034 5.50561e-05
0.500038 5.50234e-05
0.500037 5.48322e-05
0.500037 5.46406e-05
0.500041 5.46144e-05
0.500046 5.46732e-05
0.50004 5.48105e-05
0.500039 5.46264e-05
0.50004 5.44406e-05
0.50004 5.42515e-05
0.500036 5.42049e-05
0.500038 5.40856e-05
0.500036 5.39355e-05
0.500035 5.37611e-05
0.500037 5.35918e-05
0.500033 5.35127e-05
0.500035 5.33762e-05
0.500035 5.31983e-05
0.500036 5.30371e-05
0.500038 5.28763e-05
0.50004 5.27485e-05
0.500041 5.25859e-05
0.500042 5.24113e-05
0.50004 5.22513e-05
0.50004 5.20777e-05
0.500038 5.19753e-05
0.500038 5.18058e-05
0.500038 5.16355e-05
0.500035 5.15401e-05
0.500041 5.17294e-05
0.500038 5.16539e-05
0.500036 5.15419e-05
0.500035  5.1383e-05
0.500036 5.12274e-05
0.500035  5.1074e-05
0.500037 5.09639e-05
0.500038 5.08181e-05
0.500039 5.06586e-05
0.500037 5.05302e-05
0.500039 5.04181e-05
0.500038 5.02841e-05
0.500038 5.01261e-05
0.500036 4.99869e-05
0.500037 4.98346e-05
0.500038 4.96979e-05
0.50004 4.95658e-05
0.500044 4.95639e-05
0.500044 4.94122e-05
0.500048 4.94012e-05
0.500043 4.94672e-05
0.500045 4.93357e-05
0.500048  4.9303e-05
0.500048 4.91535e-05
0.50005 4.90319e-05
0.500051 4.88901e-05
0.500056 4.90566e-05
0.500054 4.89728e-05
0.500054 4.88272e-05
0.500054 4.86813e-05
0.500057 4.86676e-05
0.500058 4.85285e-05
0.500054 4.85535e-05
0.500053 4.84165e-05
0.500054 4.82853e-05
0.500054 4.81436e-05
0.500056  4.8032e-05
0.500055 4.78948e-05
0.500056  4.7764e-05
0.50006 4.77454e-05
0.500058 4.76495e-05
0.500055 4.75739e-05
0.500054 4.74505e-05
0.500051 4.74063e-05
0.500053 4.73124e-05
0.500053 4.71779e-05
0.500049 4.72225e-05
0.500045 4.72202e-05
0.500047 4.71191e-05
0.500048 4.70031e-05
0.50005 4.68939e-05
0.500053 4.68702e-05
0.500056  4.6851e-05
0.500056 4.67216e-05
0.500057 4.66115e-05
0.500062 4.67726e-05
0.500064 4.66816e-05
0.500059 4.68296e-05
0.500059 4.67039e-05
0.50006 4.65913e-05
0.50006  4.6464e-05
0.500063 4.64256e-05
0.500065 4.63536e-05
0.500065  4.6231e-05
0.500063 4.61799e-05
0.500061 4.61023e-05
0.500061 4.59783e-05
0.500063 4.58938e-05
0.500064 4.57979e-05
0.500065 4.56878e-05
0.500061 4.57536e-05
0.500063 4.56835e-05
0.500063 4.55635e-05
0.500066 4.55469e-05
0.500068 4.54686e-05
0.500071 4.54574e-05
0.500071 4.53395e-05
0.500071 4.52224e-05
0.50007 4.51172e-05
0.500067 4.50706e-05
0.500067 4.49544e-05
0.500067 4.48386e-05
0.500065 4.47497e-05
0.500064 4.46487e-05
0.500061 4.46586e-05
0.50006 4.45584e-05
0.500061 4.44647e-05
0.500066 4.45613e-05
0.500063 4.44979e-05
0.500062 4.44117e-05
0.500062 4.43001e-05
0.500062 4.41885e-05
0.500066 4.42186e-05
0.500067 4.41154e-05
0.500065   4.402e-05
0.500067 4.39369e-05
0.500067  4.3828e-05
0.500065 4.37414e-05
0.500067 4.36678e-05
0.500063 4.37992e-05
0.500067 4.39501e-05
0.500066 4.38509e-05
0.500067 4.37511e-05
0.50007 4.37035e-05
0.500073 4.37431e-05
0.500073 4.36366e-05
0.500075 4.35654e-05
0.500072 4.35291e-05
0.500072 4.34293e-05
0.500072 4.33246e-05
0.500072 4.32214e-05
0.500074 4.31633e-05
0.500079 4.33299e-05
0.500083  4.3401e-05
0.500084 4.33112e-05
0.500082 4.32325e-05
0.50008 4.31774e-05
0.500081 4.30864e-05
0.500083 4.30361e-05
0.500082 4.29622e-05
0.500084 4.28943e-05
0.500083 4.27957e-05
0.500083 4.26975e-05
0.500083 4.25981e-05
0.500084 4.25138e-05
0.500083 4.24411e-05
0.500081 4.23802e-05
0.500085 4.24698e-05
0.500087  4.2439e-05
0.500081 4.27407e-05
0.500083 4.26907e-05
0.500081 4.26359e-05
0.500086 4.27777e-05
0.500086 4.26833e-05
0.500088 4.26158e-05
0.500085 4.26026e-05
0.500085 4.25061e-05
0.500085 4.24167e-05
0.500085 4.23278e-05
0.500083  4.2277e-05
0.500078 4.25126e-05
0.500078 4.24196e-05
0.500075 4.23968e-05
0.500075 4.23083e-05
0.500077 4.23082e-05
0.500075 4.22954e-05
0.500075 4.22021e-05
0.500075 4.21099e-05
0.500075 4.20192e-05
0.500076 4.19397e-05
0.500074 4.19185e-05
0.500073 4.18308e-05
0.500074 4.17401e-05
0.500074 4.16527e-05
0.500069 4.18995e-05
0.500066 4.19144e-05
0.500064 4.18755e-05
0.500061 4.18905e-05
0.500063 4.18911e-05
0.500061 4.18568e-05
0.500061 4.17736e-05
0.50006 4.16855e-05
0.500065 4.18583e-05
0.500066  4.1792e-05
0.500064 4.17865e-05
0.500064 4.16987e-05
0.500063 4.16342e-05
0.500062 4.15501e-05
0.500062 4.14637e-05
0.500057 4.16371e-05
0.500056 4.15554e-05
0.500058 4.15166e-05
0.500056  4.1518e-05
0.500056 4.14367e-05
0.500055 4.13691e-05
0.500055  4.1283e-05
0.500052 4.12819e-05
0.50005 4.12814e-05
0.500052 4.12777e-05
0.500051 4.12008e-05
0.500049 4.11975e-05
0.500049 4.11136e-05
0.500051  4.1075e-05
0.500046 4.12359e-05
0.500046 4.11532e-05
0.500045 4.10736e-05
0.500044 4.10051e-05
0.500042 4.09538e-05
0.500041 4.09089e-05
0.50004 4.08279e-05
0.500042 4.07837e-05
0.500044 4.07405e-05
0.500046 4.07408e-05
0.500047  4.0661e-05
0.500045 4.06242e-05
