0.94144
0.72474
1.09774
1.23042
1.03166
0.95172
0.74504
0.79338
1.41776
1.0613
0.87904
0.97526
1.24992
0.76634
0.90728
1.17546
1.08294
0.84746
1.0684
0.7673
0.99078
0.75768
1.16238
0.88798
0.9291
1.08434
0.99662
0.9237
0.90268
0.85494
1.01394
0.80136
0.78876
1.10832
0.93006
0.91544
0.95292
1.07648
1.0446
1.18558
0.88994
1.06918
1.0656
0.8696
0.96552
0.99516
0.98874
1.2305
0.99492
0.74276
0.75548
0.88048
1.1408
0.76806
1.13106
0.97782
0.72796
1.1371
0.96128
0.80882
0.79958
1.0956
1.10052
0.99278
0.85022
1.11724
0.99844
1.08058
0.89022
0.86902
0.8214
0.83686
0.96098
0.974
0.75356
0.91898
1.11562
0.85434
0.8795
0.88858
1.06816
0.90962
0.9921
0.97792
0.97562
0.87428
0.98778
1.09704
0.90154
1.0721
1.0809
1.00304
0.94158
1.09618
0.93184
1.35408
0.82336
0.8346
1.00802
0.992
