Cv    Cv error           U     U error         chi   chi error           M     M error
0.325559  0.00321626   -0.974287 0.000370504     79.1396    0.354859    0.875174   0.0104546
0.416626  0.00251762   -0.945626  0.00052305     51.5816    0.449094    0.735827  0.00861733
0.43167  0.00268807   -0.913887 0.000387761      32.936    0.264386    0.554903  0.00711497
0.440034  0.00189484   -0.881146  0.00023795     21.8788    0.137134    0.397688  0.00483746
0.441367  0.00134304   -0.848286 0.000235632     15.2051   0.0893249    0.287216  0.00460289
0.438569  0.00115135   -0.815608 0.000148853     11.2654   0.0554168     0.21958  0.00216505
0.428967 0.000915482   -0.783129 0.000194208     8.59565   0.0247291    0.172586  0.00231984
0.414375 0.000915788   -0.750915 0.000146538     6.89128    0.026546    0.137757  0.00128397
0.397703 0.000654683   -0.720779 0.000228141     5.59729   0.0247293    0.113214   0.0013961
0.378011 0.000687015   -0.691762 0.000163659     4.66448    0.016692   0.0944946  0.00116921
0.357614 0.000609111   -0.663589 0.000113509      3.9417  0.00900338   0.0782275  0.00113917
0.338437 0.000425887   -0.638269 0.000106188     3.41696  0.00661286   0.0692599 0.000794887
0.316983  0.00056193   -0.613377 0.000148346     2.96123  0.00780815   0.0579135   0.0011548
0.298607 0.000388748    -0.59024 0.000114552     2.62508  0.00606105   0.0524692 0.000803419
0.281488 0.000210933   -0.568328  0.00015163      2.3448  0.00603272   0.0453132 0.000634848
0.265628 0.000312769    -0.54798 0.000118363     2.10628  0.00505017   0.0430615 0.000693843
0.249329 0.000225034   -0.528664 0.000166401     1.90112  0.00331584   0.0385606 0.000734416
0.234822 0.000228645   -0.510415 0.000104091     1.73119  0.00417699   0.0345354 0.000582194
0.220974 0.000202742   -0.493547 0.000176918     1.59247  0.00364566   0.0321715 0.000548151
0.208262 0.000242805    -0.47742 0.000117587     1.47393  0.00250054   0.0286448  0.00041544
0.196881 0.000169943   -0.462008 0.000109638     1.36307  0.00294172   0.0273218 0.000541357
