P     P error           U     U error
2.0485e+14 1.14866e+06   -0.973478  0.00107335
2.0485e+14 1.14866e+06    -0.91311   0.0011352
2.0485e+14 1.14866e+06   -0.847471 0.000729413
2.0485e+14 1.14866e+06   -0.782644 0.000475603
2.0485e+14 1.14866e+06   -0.720048 0.000364739
2.0485e+14 1.14866e+06   -0.664378 0.000349978
2.0485e+14 1.14866e+06   -0.613424 0.000432336
2.0485e+14 1.14866e+06    -0.56814 0.000511318
2.0485e+14 1.14866e+06    -0.52924 0.000337082
2.0485e+14 1.14866e+06   -0.493155 0.000483784
2.0485e+14 1.14866e+06   -0.462412 0.000338891
