P     P error           U     U error
2.0485e+14 1.14866e+06   -0.974144  0.00101442
2.0485e+14 1.14866e+06   -0.946688  0.00132306
2.0485e+14 1.14866e+06   -0.914728 0.000830074
2.0485e+14 1.14866e+06   -0.881982 0.000577093
2.0485e+14 1.14866e+06   -0.847716 0.000756582
2.0485e+14 1.14866e+06   -0.815199 0.000611473
2.0485e+14 1.14866e+06   -0.783406 0.000507946
2.0485e+14 1.14866e+06   -0.751322 0.000526821
2.0485e+14 1.14866e+06   -0.720965 0.000422762
2.0485e+14 1.14866e+06   -0.691416 0.000491877
2.0485e+14 1.14866e+06   -0.664263 0.000404603
2.0485e+14 1.14866e+06   -0.638175 0.000377842
2.0485e+14 1.14866e+06    -0.61285 0.000433682
2.0485e+14 1.14866e+06   -0.589923 0.000500534
2.0485e+14 1.14866e+06   -0.568438  0.00040735
2.0485e+14 1.14866e+06   -0.547817  0.00037335
2.0485e+14 1.14866e+06   -0.528574 0.000322006
2.0485e+14 1.14866e+06   -0.510804  0.00038596
2.0485e+14 1.14866e+06   -0.493224 0.000396355
2.0485e+14 1.14866e+06   -0.477088 0.000319927
2.0485e+14 1.14866e+06   -0.462498 0.000352942
