5.44724           0
5.45678  0.00954116
5.45908  0.00597156
5.45996   0.0043128
5.45887  0.00351427
5.46021   0.0031677
5.4612  0.00285565
5.46057  0.00255328
5.46162  0.00248334
5.46105  0.00229316
5.46  0.00232184
5.45878  0.00244737
5.45938  0.00233032
5.45984  0.00220641
5.46031  0.00210724
5.45999  0.00199744
5.46008  0.00187854
5.46062  0.00184933
5.46083   0.0017626
5.46074  0.00167453
5.46113  0.00163975
5.46076  0.00160637
5.46096  0.00154805
5.46142  0.00154938
5.4621  0.00163626
5.46172  0.00161803
5.46203  0.00158702
5.46217  0.00153652
5.46247  0.00151193
5.46264  0.00147022
5.4628   0.0014316
5.46208  0.00156354
5.46148  0.00162927
5.46139  0.00158331
5.46119  0.00155082
5.46151  0.00154174
5.46138  0.00150486
5.46137  0.00146478
5.46165  0.00145299
5.46165  0.00141621
5.46152  0.00138801
5.46131  0.00137007
5.46167  0.00138643
5.4622  0.00145231
5.46197  0.00143747
5.46179  0.00141716
5.46177  0.00138698
5.46199  0.00137609
5.46167   0.0013849
5.46195  0.00138573
5.46207  0.00136316
5.46196    0.001341
5.46204  0.00131799
5.46196  0.00129583
5.46229  0.00131298
5.46208  0.00130609
5.46197  0.00128732
5.462  0.00126528
5.46174  0.00127185
5.46187  0.00125819
5.46153  0.00128529
5.46137  0.00127394
5.46151  0.00126131
5.46129  0.00126107
5.46133  0.00124222
5.46133  0.00122326
5.46156  0.00122712
5.46139   0.0012211
5.46127  0.00120905
5.46127  0.00119165
5.46113  0.00118415
5.46109  0.00116808
5.46086  0.00117436
5.46102  0.00116838
5.46119  0.00116518
5.46116   0.0011501
5.46091  0.00116264
5.46096  0.00114881
5.46089  0.00113621
5.46083  0.00112373
5.46076  0.00111161
5.46066  0.00110267
5.46067  0.00108931
5.46062  0.00107741
5.46061  0.00106466
5.46068  0.00105431
5.46066  0.00104226
5.46068  0.00103049
5.46074  0.00102082
5.46065   0.0010136
5.46073  0.00100528
5.46058  0.00100461
5.46051 0.000996521
5.46071  0.00100676
5.46059  0.00100307
5.46045  0.00100272
5.46036 0.000996261
5.46042 0.000987695
5.46041 0.000977693
5.46035 0.000970039
