5.45104           0
5.45001  0.00103721
5.45227  0.00234067
5.45765  0.00562545
5.45572   0.0047645
5.45551  0.00389577
5.45474   0.0033807
5.45648  0.00340451
5.45705  0.00305584
5.45762  0.00279242
5.45902  0.00288833
5.45869  0.00265783
5.45901  0.00246584
5.46047  0.00271043
5.4597  0.00263854
5.4608  0.00270262
5.46034  0.00258083
5.46028  0.00243383
5.46057  0.00232047
5.46113  0.00226974
5.4614  0.00217688
5.46114  0.00209239
5.46109       0.002
5.461   0.0019171
5.46064  0.00187327
5.46023  0.00184519
5.45992  0.00180212
5.45978  0.00174286
5.45924    0.001766
5.4593  0.00170742
5.4596  0.00167792
5.45993  0.00165864
5.46018  0.00162597
5.46042  0.00159552
5.45992  0.00162693
5.4604  0.00165154
5.46014  0.00162643
5.46001  0.00158847
5.45983  0.00155807
5.45979   0.0015191
5.45981  0.00148179
5.45954  0.00147211
5.45966  0.00144255
5.45982  0.00141836
5.45974  0.00138877
5.45968  0.00135944
5.45951  0.00134076
5.45931  0.00132819
5.45946  0.00130971
5.45923  0.00130367
5.45948   0.0013017
5.45952  0.00127706
5.45964  0.00125826
5.45971   0.0012366
5.45958  0.00122074
5.45954  0.00119933
5.45972   0.0011921
5.45963  0.00117526
5.45979   0.0011666
5.45975   0.0011476
5.46005  0.00116681
5.45997  0.00115021
5.45997  0.00113181
5.45993  0.00111492
5.45997  0.00109871
5.45989  0.00108536
5.45991  0.00106919
5.45984  0.00105567
5.45979  0.00104152
5.45979  0.00102657
5.45976  0.00101248
5.45976 0.000998321
5.45972 0.000985622
5.45955 0.000985746
5.45947 0.000976223
5.4595 0.000963967
5.45959 0.000955498
5.45965 0.000944839
5.45967 0.000933086
5.45971 0.000922098
5.45985 0.000921834
5.4599 0.000911901
5.46001 0.000907086
5.46006 0.000897717
5.46001 0.000888506
5.46012 0.000885117
5.46002 0.000880727
5.46009 0.000873513
5.46021  0.00087122
5.46004 0.000877178
5.46001 0.000868067
5.46003 0.000858879
5.45997 0.000851631
5.45997 0.000842528
5.46004 0.000836439
5.46009 0.000829073
5.46017 0.000824703
5.46042 0.000853531
5.46026 0.000859324
5.46023 0.000851122
