14.9852           0
14.976  0.00919836
14.9796  0.00640596
14.9764  0.00551953
14.9736  0.00514463
14.9682  0.00681068
14.967  0.00588133
14.9704  0.00611107
14.9725  0.00579612
14.97  0.00575605
14.9679  0.00561203
14.9673  0.00515719
14.9704  0.00567307
14.971  0.00528524
14.9737  0.00560866
14.9738  0.00524836
14.9768  0.00576687
14.9767  0.00543923
14.977  0.00515411
14.9755  0.00511651
14.9766  0.00500098
14.9767  0.00476963
14.9753  0.00476909
14.9751  0.00457301
14.9749  0.00438943
14.9766  0.00453296
14.9772  0.00440648
14.9775  0.00425345
14.9772  0.00411377
14.9774  0.00398216
14.977  0.00387005
14.9756  0.00403419
14.9751  0.00394169
14.9743  0.00389868
14.9744   0.0037865
14.9737  0.00374219
14.974  0.00365325
14.9744  0.00357989
14.9744  0.00348697
14.9745  0.00339989
14.974  0.00336303
14.9738   0.0032892
14.9742  0.00324231
14.9748   0.0032324
14.9744  0.00319173
14.9747  0.00313658
14.9751  0.00309384
14.9756  0.00307371
14.9749  0.00309256
14.9751  0.00303344
14.9745  0.00302634
14.9748  0.00298094
14.9745  0.00293634
14.9745  0.00288164
14.9741  0.00286108
14.9742  0.00281107
14.9737  0.00280653
14.9743   0.0028248
14.974  0.00278935
14.9738  0.00275086
14.9732  0.00277514
14.9736  0.00275463
14.9736  0.00271081
14.974  0.00269609
14.9734  0.00272246
14.9734  0.00268111
14.973  0.00266381
14.9732  0.00263331
14.9733  0.00259636
14.9737  0.00258338
14.9739  0.00255286
14.9739  0.00251871
14.9739  0.00248429
14.9743  0.00248567
14.9742  0.00245326
14.9748  0.00248139
14.9748  0.00244902
14.975  0.00242382
14.9754  0.00243638
14.9755   0.0024058
14.9756  0.00237958
14.9759  0.00237041
14.9755  0.00236886
14.9759  0.00236655
14.976  0.00233934
14.9759  0.00231222
14.9759  0.00228554
14.9762  0.00227111
14.9761  0.00224625
14.9764  0.00224036
14.9765  0.00221857
14.9765  0.00219473
14.9764  0.00217417
14.9765  0.00215542
14.9765  0.00213262
14.9766  0.00211388
14.9765  0.00209752
14.9761  0.00211432
14.9762  0.00209704
14.9764  0.00208515
