14.9498           0
14.9626    0.012859
14.9622  0.00743482
14.954  0.00974162
14.9587  0.00885324
14.9589  0.00723329
14.9608  0.00639414
14.9647  0.00674656
14.9637  0.00602502
14.965  0.00553489
14.9674  0.00556374
14.9681  0.00512849
14.9702  0.00516947
14.9705  0.00479417
14.9703  0.00446965
14.9711  0.00425639
14.9712       0.004
14.9714  0.00377542
14.9732  0.00399611
14.9739  0.00387174
14.9741  0.00368811
14.973  0.00369154
14.9725  0.00356474
14.9713  0.00361976
14.9703  0.00360238
14.9713  0.00360047
14.9715  0.00346753
14.9704  0.00351901
14.9699  0.00342544
14.9697    0.003314
14.9702  0.00324129
14.9711  0.00326967
14.9725   0.0034521
14.9727  0.00335243
14.9719  0.00334747
14.9719  0.00325343
14.9725   0.0032109
14.9721  0.00314546
14.9713  0.00315856
14.9718  0.00311469
14.9719  0.00303977
14.9724  0.00300874
14.9723  0.00293964
14.9722  0.00287461
14.9725  0.00282109
14.9733  0.00287403
14.9731  0.00281461
14.9731  0.00275592
14.9733  0.00271002
14.9729  0.00268609
14.9728  0.00263695
14.9732  0.00262237
14.9731  0.00257554
14.9737  0.00260718
14.9739  0.00256532
14.9741  0.00252828
14.9745  0.00250729
14.9749  0.00250317
14.9752  0.00247366
14.9755  0.00245626
14.9757  0.00242601
14.9758   0.0023874
14.9753  0.00239489
14.9754   0.0023599
14.9755  0.00232382
14.9749  0.00236111
14.9746  0.00234737
14.9748  0.00231954
14.9753  0.00235083
14.9757  0.00234416
14.9762  0.00237933
14.9764   0.0023488
14.9764   0.0023165
14.9757  0.00237307
14.9753  0.00238903
14.9755  0.00236582
14.9757  0.00234454
14.9759  0.00232412
14.9756  0.00230849
14.9757  0.00228033
14.9757  0.00225203
14.9759  0.00223474
14.9759  0.00220773
14.9764  0.00224271
14.9764  0.00221658
14.9763  0.00219177
14.9766  0.00217968
14.9764  0.00216151
14.9763  0.00213863
14.9763  0.00211475
14.9761   0.0021009
14.9761  0.00207815
14.9762  0.00205575
14.9758  0.00206004
14.9755  0.00205949
14.9756  0.00204087
14.9758  0.00203011
14.9756  0.00202406
14.9759  0.00201907
14.976  0.00200161
