# VELOCITY:     AVE_POFV:        ERROR:
           1   0.0942809    0.585327           0
           1    0.282843    0.396765           0
           1    0.471405     0.63836           0
           1    0.659966    0.392837           0
           1    0.848528    0.343732           0
           1     1.03709    0.343732           0
           1     1.22565    0.540151           0
           1     1.41421    0.509706           0
           1     1.60278    0.177759           0
           1     1.79134     0.50234           0
           1      1.9799    0.234229           0
           1     2.16846           0           0
           1     2.35702    0.245523           0
           1     2.54558   0.0982093           0
           1     2.73415   0.0491046           0
           1     2.92271    0.147314           0
           1     3.11127  0.00883883           0
           1     3.29983   0.0402658           0
           1     3.48839   0.0491046           0
           1     3.67696           0           0
           1     3.86552           0           0
           1     4.05408           0           0
           1     4.24264           0           0
           1      4.4312           0           0
           1     4.61976           0           0
           1     4.80833           0           0
           1     4.99689           0           0
           1     5.18545           0           0
           1     5.37401           0           0
           1     5.56257           0           0
           2   0.0942809    0.552673   0.0230903
           2    0.282843     0.42942   0.0230903
           2    0.471405     0.63836           0
           2    0.659966    0.373932   0.0133681
           2    0.848528    0.362638   0.0133681
           2     1.03709    0.341768  0.00138889
           2     1.22565    0.542115  0.00138889
           2     1.41421    0.446607   0.0446181
           2     1.60278    0.240858   0.0446181
           2     1.79134    0.473614   0.0203125
           2      1.9799    0.245278   0.0078125
           2     2.16846   0.0176777      0.0125
           2     2.35702     0.23472  0.00763889
           2     2.54558    0.109012  0.00763889
           2     2.73415   0.0491046           0
           2     2.92271    0.112695   0.0244792
           2     3.11127   0.0635905   0.0387153
           2     3.29983   0.0201329   0.0142361
           2     3.48839   0.0491046           0
           2     3.67696           0           0
           2     3.86552           0           0
           2     4.05408           0           0
           2     4.24264           0           0
           2      4.4312           0           0
           2     4.61976           0           0
           2     4.80833           0           0
           2     4.99689           0           0
           2     5.18545           0           0
           2     5.37401           0           0
           2     5.56257           0           0
           3   0.0942809    0.538187   0.0194127
           3    0.282843    0.432448   0.0155908
           3    0.471405    0.656365    0.014701
           3    0.659966    0.351426   0.0204233
           3    0.848528    0.395783   0.0284929
           3     1.03709    0.321799   0.0163311
           3     1.22565    0.553246  0.00913497
           3     1.41421    0.416407   0.0386366
           3     1.60278    0.267129   0.0366728
           3     1.79134    0.433103    0.035742
           3      1.9799    0.267784   0.0191001
           3     2.16846   0.0513962   0.0287646
           3     2.35702    0.207222   0.0230228
           3     2.54558    0.129964   0.0178486
           3     2.73415   0.0441942  0.00400938
           3     2.92271    0.101974    0.018519
           3     3.11127   0.0723475   0.0267823
           3     3.29983   0.0134219    0.010959
           3     3.48839   0.0491046           0
           3     3.67696           0           0
           3     3.86552           0           0
           3     4.05408           0           0
           3     4.24264           0           0
           3      4.4312           0           0
           3     4.61976           0           0
           3     4.80833           0           0
           3     4.99689           0           0
           3     5.18545           0           0
           3     5.37401           0           0
           3     5.56257           0           0
           4   0.0942809    0.533767   0.0150542
           4    0.282843    0.427579   0.0124303
           4    0.471405    0.671506   0.0171317
           4    0.659966    0.336244   0.0201863
           4    0.848528    0.413338   0.0262258
           4     1.03709    0.320162   0.0123301
           4     1.22565    0.538432   0.0145435
           4     1.41421    0.373318   0.0472463
           4     1.60278    0.315006    0.049756
           4     1.79134    0.421809   0.0285351
           4      1.9799    0.257922   0.0166779
           4     2.16846   0.0680099   0.0259312
           4     2.35702    0.194945   0.0202776
           4     2.54558    0.146577   0.0196522
           4     2.73415   0.0379333  0.00620007
           4     2.92271     0.10312   0.0139247
           4     3.11127     0.08446   0.0226607
           4     3.29983   0.0100665   0.0087178
           4     3.48839   0.0491046           0
           4     3.67696           0           0
           4     3.86552           0           0
           4     4.05408           0           0
           4     4.24264           0           0
           4      4.4312           0           0
           4     4.61976           0           0
           4     4.80833           0           0
           4     4.99689           0           0
           4     5.18545           0           0
           4     5.37401           0           0
           4     5.56257           0           0
           5   0.0942809    0.519527   0.0175292
           5    0.282843    0.420925    0.011589
           5    0.471405     0.66252   0.0158883
           5    0.659966    0.348839   0.0196902
           5    0.848528    0.408943   0.0213457
           5     1.03709    0.338331     0.01901
           5     1.22565    0.505974   0.0312761
           5     1.41421     0.36583   0.0383859
           5     1.60278    0.343634   0.0473294
           5     1.79134    0.406292    0.026716
           5      1.9799    0.255442   0.0135254
           5     2.16846   0.0896651   0.0283815
           5     2.35702    0.204766   0.0184477
           5     2.54558    0.139654   0.0168975
           5     2.73415   0.0415425  0.00591804
           5     2.92271    0.103611   0.0111484
           5     3.11127   0.0906472   0.0189544
           5     3.29983  0.00805316  0.00720297
           5     3.48839   0.0491046           0
           5     3.67696           0           0
           5     3.86552           0           0
           5     4.05408           0           0
           5     4.24264           0           0
           5      4.4312           0           0
           5     4.61976           0           0
           5     4.80833           0           0
           5     4.99689           0           0
           5     5.18545           0           0
           5     5.37401           0           0
           5     5.56257           0           0
           6   0.0942809    0.496366   0.0256985
           6    0.282843    0.420909  0.00965753
           6    0.471405    0.648672   0.0183057
           6    0.659966    0.361492   0.0200661
           6    0.848528    0.418044   0.0196325
           6     1.03709    0.336203   0.0159603
           6     1.22565    0.506678   0.0260713
           6     1.41421    0.357318   0.0329184
           6     1.60278    0.339395   0.0396306
           6     1.79134    0.431957     0.03232
           6      1.9799    0.251743   0.0117662
           6     2.16846     0.10181   0.0261209
           6     2.35702    0.206567   0.0154607
           6     2.54558    0.129882    0.016669
           6     2.73415   0.0437031  0.00531148
           6     2.92271    0.106475  0.00965129
           6     3.11127   0.0902707   0.0157991
           6     3.29983  0.00671097  0.00612625
           6     3.48839   0.0491046           0
           6     3.67696           0           0
           6     3.86552           0           0
           6     4.05408           0           0
           6     4.24264           0           0
           6      4.4312           0           0
           6     4.61976           0           0
           6     4.80833           0           0
           6     4.99689           0           0
           6     5.18545           0           0
           6     5.37401           0           0
           6     5.56257           0           0
           7   0.0942809     0.48817   0.0232975
           7    0.282843    0.429315   0.0113619
           7    0.471405    0.634292    0.020578
           7    0.659966     0.34738   0.0215989
           7    0.848528    0.432191   0.0213242
           7     1.03709    0.339453   0.0140073
           7     1.22565    0.503393   0.0225529
           7     1.41421    0.351238   0.0287717
           7     1.60278    0.352852   0.0361817
           7     1.79134    0.429385    0.027805
           7      1.9799    0.258571   0.0119026
           7     2.16846    0.100244   0.0224363
           7     2.35702    0.202101   0.0138821
           7     2.54558    0.129215    0.014301
           7     2.73415   0.0452464  0.00477164
           7     2.92271    0.114835   0.0113284
           7     3.11127    0.090563   0.0135448
           7     3.29983  0.00575226  0.00532556
           7     3.48839   0.0491046           0
           7     3.67696           0           0
           7     3.86552           0           0
           7     4.05408           0           0
           7     4.24264           0           0
           7      4.4312           0           0
           7     4.61976           0           0
           7     4.80833           0           0
           7     4.99689           0           0
           7     5.18545           0           0
           7     5.37401           0           0
           7     5.56257           0           0
           8   0.0942809    0.489082   0.0204032
           8    0.282843    0.443599   0.0166544
           8    0.471405    0.617982   0.0236001
           8    0.659966    0.342137   0.0195252
           8    0.848528    0.441696   0.0206688
           8     1.03709    0.335814   0.0127203
           8     1.22565    0.479998   0.0294674
           8     1.41421    0.339068   0.0276298
           8     1.60278    0.358648   0.0321199
           8     1.79134     0.42899   0.0243322
           8      1.9799    0.277196   0.0202975
           8     2.16846    0.108951   0.0212543
           8     2.35702    0.196357   0.0132819
           8     2.54558    0.135652   0.0138864
           8     2.73415   0.0462197   0.0042733
           8     2.92271    0.122209   0.0120764
           8     3.11127   0.0855648   0.0127405
           8     3.29983  0.00503323  0.00470815
           8     3.48839   0.0491046           0
           8     3.67696           0           0
           8     3.86552           0           0
           8     4.05408           0           0
           8     4.24264           0           0
           8      4.4312           0           0
           8     4.61976           0           0
           8     4.80833           0           0
           8     4.99689           0           0
           8     5.18545           0           0
           8     5.37401           0           0
           8     5.56257           0           0
           9   0.0942809    0.494975    0.018968
           9    0.282843    0.440632   0.0150659
           9    0.471405    0.595257   0.0299849
           9    0.659966    0.341386   0.0173702
           9    0.848528    0.441232   0.0183775
           9     1.03709    0.338549   0.0115972
           9     1.22565    0.479698   0.0261948
           9     1.41421    0.343678   0.0249415
           9     1.60278    0.351044   0.0294375
           9     1.79134    0.434794   0.0223101
           9      1.9799    0.289008   0.0212026
           9     2.16846    0.113104   0.0192943
           9     2.35702    0.194673   0.0119125
           9     2.54558    0.133183    0.012561
           9     2.73415   0.0506869  0.00567157
           9     2.92271    0.126308    0.011409
           9     3.11127   0.0815137   0.0119517
           9     3.29983  0.00447398  0.00421811
           9     3.48839   0.0491046           0
           9     3.67696           0           0
           9     3.86552           0           0
           9     4.05408           0           0
           9     4.24264           0           0
           9      4.4312           0           0
           9     4.61976           0           0
           9     4.80833           0           0
           9     4.99689           0           0
           9     5.18545           0           0
           9     5.37401           0           0
           9     5.56257           0           0
          10   0.0942809    0.504992   0.0195381
          10    0.282843    0.432956   0.0153913
          10    0.471405    0.582921   0.0294148
          10    0.659966    0.342898   0.0156988
          10    0.848528    0.440125   0.0165731
          10     1.03709    0.342652   0.0111397
          10     1.22565    0.480833   0.0235999
          10     1.41421    0.334206   0.0241791
          10     1.60278    0.354879   0.0267424
          10     1.79134    0.442826   0.0214761
          10      1.9799    0.291289   0.0192046
          10     2.16846    0.108374   0.0179354
          10     2.35702    0.199414   0.0116266
          10     2.54558    0.129538   0.0118218
          10     2.73415   0.0555864  0.00690363
          10     2.92271    0.128409   0.0104597
          10     3.11127   0.0782728   0.0111873
          10     3.29983  0.00402658  0.00381995
          10     3.48839   0.0491046           0
          10     3.67696           0           0
          10     3.86552           0           0
          10     4.05408           0           0
          10     4.24264           0           0
          10      4.4312           0           0
          10     4.61976           0           0
          10     4.80833           0           0
          10     4.99689           0           0
          10     5.18545           0           0
          10     5.37401           0           0
          10     5.56257           0           0
          11   0.0942809    0.522473   0.0243577
          11    0.282843    0.421005   0.0180445
          11    0.471405    0.578676   0.0270454
          11    0.659966    0.342974   0.0142718
          11    0.848528    0.439531   0.0150771
          11     1.03709    0.344357   0.0102567
          11     1.22565    0.481984   0.0214825
          11     1.41421    0.319091   0.0262843
          11     1.60278    0.367169   0.0269878
          11     1.79134    0.445334   0.0196697
          11      1.9799    0.289003   0.0175942
          11     2.16846    0.103432    0.016972
          11     2.35702     0.20115   0.0106985
          11     2.54558    0.129145   0.0107537
          11     2.73415   0.0569614  0.00641148
          11     2.92271    0.132627   0.0103245
          11     3.11127   0.0756211   0.0104798
          11     3.29983  0.00366053  0.00349018
          11     3.48839   0.0491046           0
          11     3.67696           0           0
          11     3.86552           0           0
          11     4.05408           0           0
          11     4.24264           0           0
          11      4.4312           0           0
          11     4.61976           0           0
          11     4.80833           0           0
          11     4.99689           0           0
          11     5.18545           0           0
          11     5.37401           0           0
          11     5.56257           0           0
          12   0.0942809    0.541379    0.028743
          12    0.282843    0.412479   0.0184456
          12    0.471405    0.571701   0.0256753
          12    0.659966    0.342669   0.0130857
          12    0.848528    0.440632   0.0138608
          12     1.03709    0.342709  0.00953342
          12     1.22565    0.484499   0.0198389
          12     1.41421    0.308868    0.026006
          12     1.60278    0.372581   0.0252758
          12     1.79134    0.446157   0.0180477
          12      1.9799    0.290004   0.0161565
          12     2.16846   0.0992323    0.016069
          12     2.35702    0.204316   0.0102647
          12     2.54558    0.125953   0.0103203
          12     2.73415   0.0563067  0.00591053
          12     2.92271    0.135038  0.00974149
          12     3.11127   0.0763168  0.00962954
          12     3.29983  0.00335548  0.00321263
          12     3.48839   0.0491046           0
          12     3.67696           0           0
          12     3.86552           0           0
          12     4.05408           0           0
          12     4.24264           0           0
          12      4.4312           0           0
          12     4.61976           0           0
          12     4.80833           0           0
          12     4.99689           0           0
          12     5.18545           0           0
          12     5.37401           0           0
          12     5.56257           0           0
          13   0.0942809    0.549292   0.0275999
          13    0.282843    0.408286   0.0174967
          13    0.471405    0.577697   0.0243904
          13    0.659966    0.339653   0.0124217
          13    0.848528    0.437673   0.0131066
          13     1.03709    0.345697  0.00925626
          13     1.22565    0.481037   0.0186126
          13     1.41421    0.305884   0.0241762
          13     1.60278    0.373875   0.0233646
          13     1.79134    0.452254   0.0176593
          13      1.9799    0.284278   0.0158959
          13     2.16846   0.0962829   0.0151011
          13     2.35702    0.208506   0.0102947
          13     2.54558    0.122799  0.00999681
          13     2.73415   0.0565081   0.0054593
          13     2.92271      0.1367  0.00913282
          13     3.11127   0.0746768  0.00902738
          13     3.29983  0.00309737  0.00297586
          13     3.48839   0.0491046           0
          13     3.67696           0           0
          13     3.86552           0           0
          13     4.05408           0           0
          13     4.24264           0           0
          13      4.4312           0           0
          13     4.61976           0           0
          13     4.80833           0           0
          13     4.99689           0           0
          13     5.18545           0           0
          13     5.37401           0           0
          13     5.56257           0           0
          14   0.0942809    0.557513   0.0268249
          14    0.282843    0.397677   0.0191956
          14    0.471405    0.594797   0.0280085
          14    0.659966    0.331035   0.0142127
          14    0.848528    0.438259   0.0121835
          14     1.03709    0.347977  0.00887143
          14     1.22565    0.480033   0.0173101
          14     1.41421    0.300871   0.0229631
          14     1.60278    0.371757   0.0217915
          14     1.79134    0.455481   0.0166902
          14      1.9799    0.281194   0.0150566
          14     2.16846   0.0927376   0.0144326
          14     2.35702    0.212202   0.0102014
          14     2.54558    0.119991  0.00966926
          14     2.73415   0.0561196  0.00508316
          14     2.92271    0.138124  0.00859087
          14     3.11127    0.075551  0.00842478
          14     3.29983  0.00287613  0.00277151
          14     3.48839   0.0491046           0
          14     3.67696           0           0
          14     3.86552           0           0
          14     4.05408           0           0
          14     4.24264           0           0
          14      4.4312           0           0
          14     4.61976           0           0
          14     4.80833           0           0
          14     4.99689           0           0
          14     5.18545           0           0
          14     5.37401           0           0
          14     5.56257           0           0
          15   0.0942809    0.559498   0.0251099
          15    0.282843    0.393754   0.0183125
          15    0.471405    0.604707   0.0278392
          15    0.659966    0.327659   0.0136604
          15    0.848528    0.437817   0.0113793
          15     1.03709    0.351753  0.00904813
          15     1.22565    0.485285   0.0169341
          15     1.41421    0.290994   0.0234605
          15     1.60278    0.370642   0.0203672
          15     1.79134    0.453629   0.0156799
          15      1.9799    0.281435   0.0140548
          15     2.16846   0.0896323   0.0138005
          15     2.35702    0.217992   0.0110427
          15     2.54558    0.115265   0.0101138
          15     2.73415    0.056143  0.00474434
          15     2.92271    0.141454  0.00863937
          15     3.11127   0.0738534  0.00803235
          15     3.29983  0.00268439  0.00259336
          15     3.48839   0.0491046           0
          15     3.67696           0           0
          15     3.86552           0           0
          15     4.05408           0           0
          15     4.24264           0           0
          15      4.4312           0           0
          15     4.61976           0           0
          15     4.80833           0           0
          15     4.99689           0           0
          15     5.18545           0           0
          15     5.37401           0           0
          15     5.56257           0           0
          16   0.0942809    0.560192   0.0235501
          16    0.282843     0.39741   0.0175292
          16    0.471405    0.605123   0.0261024
          16    0.659966    0.327344   0.0128103
          16    0.848528    0.437891   0.0106683
          16     1.03709    0.356101  0.00946979
          16     1.22565    0.482607   0.0160861
          16     1.41421    0.288919   0.0220857
          16     1.60278    0.370003   0.0191043
          16     1.79134    0.451302   0.0148715
          16      1.9799    0.281738   0.0131796
          16     2.16846   0.0904446   0.0129618
          16     2.35702    0.218577    0.010368
          16     2.54558     0.11113   0.0102923
          16     2.73415   0.0587721  0.00512479
          16     2.92271     0.14182  0.00810717
          16     3.11127   0.0723066  0.00767782
          16     3.29983  0.00251661   0.0024367
          16     3.48839   0.0491046           0
          16     3.67696           0           0
          16     3.86552           0           0
          16     4.05408           0           0
          16     4.24264           0           0
          16      4.4312           0           0
          16     4.61976           0           0
          16     4.80833           0           0
          16     4.99689           0           0
          16     5.18545           0           0
          16     5.37401           0           0
          16     5.56257           0           0
          17   0.0942809    0.557251   0.0223477
          17    0.282843    0.400867   0.0168355
          17    0.471405    0.602629   0.0246857
          17    0.659966    0.332496   0.0130518
          17    0.848528    0.437869   0.0100408
          17     1.03709    0.363259   0.0112987
          17     1.22565    0.478221   0.0157262
          17     1.41421    0.283594   0.0214191
          17     1.60278    0.373455   0.0182897
          17     1.79134    0.452571   0.0140507
          17      1.9799    0.278625   0.0127666
          17     2.16846   0.0920568   0.0122992
          17     2.35702    0.217274  0.00983969
          17     2.54558    0.110052  0.00974313
          17     2.73415   0.0585212  0.00482947
          17     2.92271    0.142143  0.00763672
          17     3.11127   0.0709418  0.00734648
          17     3.29983  0.00236858  0.00229786
          17     3.48839   0.0491046           0
          17     3.67696           0           0
          17     3.86552           0           0
          17     4.05408           0           0
          17     4.24264           0           0
          17      4.4312           0           0
          17     4.61976           0           0
          17     4.80833           0           0
          17     4.99689           0           0
          17     5.18545           0           0
          17     5.37401           0           0
          17     5.56257           0           0
          18   0.0942809    0.546262   0.0236542
          18    0.282843    0.410788   0.0185947
          18    0.471405    0.593975   0.0247849
          18    0.659966    0.345424   0.0176008
          18    0.848528    0.431139   0.0115198
          18     1.03709    0.377069   0.0171464
          18     1.22565    0.471732    0.016136
          18     1.41421    0.275477   0.0217126
          18     1.60278    0.379988   0.0184034
          18     1.79134    0.450208   0.0134675
          18      1.9799    0.279214   0.0120709
          18     2.16846   0.0950175    0.011967
          18     2.35702    0.216115  0.00936101
          18     2.54558    0.109394  0.00922403
          18     2.73415    0.057998  0.00458941
          18     2.92271    0.142431  0.00721786
          18     3.11127   0.0697286   0.0070378
          18     3.29983  0.00223699  0.00217396
          18     3.48839   0.0491046           0
          18     3.67696           0           0
          18     3.86552           0           0
          18     4.05408           0           0
          18     4.24264           0           0
          18      4.4312           0           0
          18     4.61976           0           0
          18     4.80833           0           0
          18     4.99689           0           0
          18     5.18545           0           0
          18     5.37401           0           0
          18     5.56257           0           0
          19   0.0942809    0.536016   0.0245281
          19    0.282843    0.418423   0.0191196
          19    0.471405    0.590083   0.0237841
          19    0.659966    0.355621   0.0194048
          19    0.848528    0.424316   0.0127753
          19     1.03709    0.393871   0.0230501
          19     1.22565    0.462592   0.0176871
          19     1.41421    0.268551   0.0216464
          19     1.60278    0.384205   0.0179114
          19     1.79134    0.451272   0.0128006
          19      1.9799    0.279199   0.0114356
          19     2.16846   0.0951855   0.0113383
          19     2.35702    0.215311  0.00890279
          19     2.54558    0.108573  0.00877504
          19     2.73415     0.05753  0.00437167
          19     2.92271    0.142688  0.00684254
          19     3.11127   0.0686431  0.00675058
          19     3.29983  0.00211925  0.00206273
          19     3.48839   0.0491046           0
          19     3.67696           0           0
          19     3.86552           0           0
          19     4.05408           0           0
          19     4.24264           0           0
          19      4.4312           0           0
          19     4.61976           0           0
          19     4.80833           0           0
          19     4.99689           0           0
          19     5.18545           0           0
          19     5.37401           0           0
          19     5.56257           0           0
          20   0.0942809    0.524585   0.0258284
          20    0.282843    0.428192   0.0205081
          20    0.471405     0.58572   0.0229916
          20    0.659966    0.363325   0.0199053
          20    0.848528     0.42117   0.0125177
          20     1.03709     0.40693   0.0253283
          20     1.22565    0.454193   0.0186905
          20     1.41421    0.265239   0.0208159
          20     1.60278    0.384121    0.017016
          20     1.79134    0.453776   0.0124032
          20      1.9799    0.279479   0.0108672
          20     2.16846   0.0953367   0.0107724
          20     2.35702    0.216822  0.00858485
          20     2.54558      0.1056  0.00882569
          20     2.73415   0.0571087  0.00417333
          20     2.92271    0.142919  0.00650432
          20     3.11127   0.0676662  0.00648336
          20     3.29983  0.00201329  0.00196231
          20     3.48839   0.0491046           0
          20     3.67696           0           0
          20     3.86552           0           0
          20     4.05408           0           0
          20     4.24264           0           0
          20      4.4312           0           0
          20     4.61976           0           0
          20     4.80833           0           0
          20     4.99689           0           0
          20     5.18545           0           0
          20     5.37401           0           0
          20     5.56257           0           0
