#     BLOCK:  ACTUAL_PSI:     PSI_AVE:      ERROR:
           1       -1.95      0.0013           0
           1       -1.85      0.0017           0
           1       -1.75      0.0025           0
           1       -1.65      0.0051           0
           1       -1.55      0.0091           0
           1       -1.45      0.0118           0
           1       -1.35      0.0191           0
           1       -1.25      0.0212           0
           1       -1.15      0.0267           0
           1       -1.05      0.0424           0
           1       -0.95      0.0372           0
           1       -0.85      0.0401           0
           1       -0.75       0.052           0
           1       -0.65      0.0352           0
           1       -0.55      0.0369           0
           1       -0.45      0.0351           0
           1       -0.35      0.0298           0
           1       -0.25      0.0319           0
           1       -0.15      0.0329           0
           1       -0.05       0.027           0
           1        0.05      0.0298           0
           1        0.15      0.0259           0
           1        0.25      0.0333           0
           1        0.35      0.0361           0
           1        0.45      0.0344           0
           1        0.55      0.0368           0
           1        0.65      0.0464           0
           1        0.75      0.0423           0
           1        0.85      0.0399           0
           1        0.95      0.0388           0
           1        1.05      0.0308           0
           1        1.15      0.0284           0
           1        1.25      0.0206           0
           1        1.35      0.0238           0
           1        1.45       0.013           0
           1        1.55      0.0084           0
           1        1.65      0.0046           0
           1        1.75      0.0027           0
           1        1.85      0.0013           0
           1        1.95      0.0015           0
           2       -1.95     0.00105 1.76936e-07
           2       -1.85     0.00165 3.53872e-08
           2       -1.75      0.0032 4.95421e-07
           2       -1.65      0.0056 3.53872e-07
           2       -1.55      0.0082 6.36969e-07
           2       -1.45      0.0122 2.83098e-07
           2       -1.35     0.01805 7.43131e-07
           2       -1.25     0.02295 1.23855e-06
           2       -1.15     0.02965 2.08784e-06
           2       -1.05     0.03805 3.07869e-06
           2       -0.95      0.0362 7.07744e-07
           2       -0.85      0.0417 1.13239e-06
           2       -0.75     0.04495 4.98959e-06
           2       -0.65      0.0379 1.91091e-06
           2       -0.55      0.0371 1.41549e-07
           2       -0.45       0.036 6.36969e-07
           2       -0.35       0.033 2.26478e-06
           2       -0.25      0.0294 1.76936e-06
           2       -0.15     0.02925 2.58326e-06
           2       -0.05     0.02955 1.80475e-06
           2        0.05      0.0276 1.55704e-06
           2        0.15      0.0263 2.83098e-07
           2        0.25     0.03055  1.9463e-06
           2        0.35      0.0361           0
           2        0.45      0.0355 7.78518e-07
           2        0.55      0.0383 1.06162e-06
           2        0.65     0.04445  1.3801e-06
           2        0.75     0.04515 2.01707e-06
           2        0.85      0.0431 2.26478e-06
           2        0.95     0.03855 1.76936e-07
           2        1.05     0.03155 5.30808e-07
           2        1.15     0.02945 7.43131e-07
           2        1.25      0.0227 1.48626e-06
           2        1.35      0.0206 2.26478e-06
           2        1.45       0.014 7.07744e-07
           2        1.55     0.00815 1.76936e-07
           2        1.65     0.00595 9.55454e-07
           2        1.75       0.003 2.12323e-07
           2        1.85     0.00085 3.18485e-07
           2        1.95     0.00095 3.89259e-07
           3       -1.95      0.0013 2.35962e-07
           3       -1.85      0.0017 4.71924e-08
           3       -1.75      0.0026 5.91319e-07
           3       -1.65  0.00563333  2.3753e-07
           3       -1.55  0.00803333 4.46045e-07
           3       -1.45   0.0124333 2.68347e-07
           3       -1.35      0.0184 5.72177e-07
           3       -1.25   0.0216333 1.35659e-06
           3       -1.15      0.0293 1.42127e-06
           3       -1.05   0.0350667 3.18761e-06
           3       -0.95   0.0372333 9.67539e-07
           3       -0.85      0.0394 2.02598e-06
           3       -0.75      0.0413 4.46885e-06
           3       -0.65   0.0400333 2.15971e-06
           3       -0.55   0.0383667 1.03966e-06
           3       -0.45   0.0365667 6.28444e-07
           3       -0.35   0.0325333 1.55759e-06
           3       -0.25   0.0309333 1.72128e-06
           3       -0.15      0.0315 2.51982e-06
           3       -0.05   0.0295667 1.20348e-06
           3        0.05   0.0270333 1.13687e-06
           3        0.15   0.0289667 2.18788e-06
           3        0.25   0.0322667 1.91134e-06
           3        0.35      0.0356 4.08698e-07
           3        0.45   0.0364667 9.45419e-07
           3        0.55      0.0405 1.93258e-06
           3        0.65   0.0429667 1.52215e-06
           3        0.75   0.0456667 1.40973e-06
           3        0.85      0.0446 1.94522e-06
           3        0.95   0.0401333 1.29958e-06
           3        1.05      0.0323 7.07885e-07
           3        1.15   0.0281333 1.18483e-06
           3        1.25   0.0214667 1.41367e-06
           3        1.35   0.0185333 2.26589e-06
           3        1.45   0.0123667 1.41603e-06
           3        1.55  0.00776667 3.34811e-07
           3        1.65  0.00513333 9.22769e-07
           3        1.75  0.00323333  2.3753e-07
           3        1.85  0.00116667 3.34811e-07
           3        1.95 0.000766667 2.99712e-07
           4       -1.95      0.0016 3.14623e-07
           4       -1.85    0.002375 5.86339e-07
           4       -1.75    0.002775 4.68771e-07
           4       -1.65     0.00555 1.92259e-07
           4       -1.55     0.00865 6.30737e-07
           4       -1.45    0.011625 7.29208e-07
           4       -1.35     0.01845  4.3136e-07
           4       -1.25      0.0213  1.0578e-06
           4       -1.15    0.029975 1.21615e-06
           4       -1.05      0.0344 2.45983e-06
           4       -0.95     0.03885 1.57848e-06
           4       -0.85    0.039425 1.51979e-06
           4       -0.75      0.0411 3.35645e-06
           4       -0.65    0.040575 1.68665e-06
           4       -0.55     0.03925 1.09304e-06
           4       -0.45    0.036625 4.74086e-07
           4       -0.35      0.0337 1.54539e-06
           4       -0.25    0.029925 1.55926e-06
           4       -0.15    0.031975 1.93441e-06
           4       -0.05    0.028825 1.10834e-06
           4        0.05     0.02695 8.55793e-07
           4        0.15      0.0285 1.69022e-06
           4        0.25     0.03135 1.63923e-06
           4        0.35    0.036025 4.79343e-07
           4        0.45    0.036525 7.10937e-07
           4        0.55    0.040325  1.4575e-06
           4        0.65    0.041825 1.51111e-06
           4        0.75    0.044775  1.3099e-06
           4        0.85    0.042725 2.18447e-06
           4        0.95    0.040125 9.74807e-07
           4        1.05    0.032825 6.99387e-07
           4        1.15    0.026975 1.34109e-06
           4        1.25    0.022725 1.52144e-06
           4        1.35    0.019075 1.76329e-06
           4        1.45    0.012675 1.09526e-06
           4        1.55     0.00795 2.97215e-07
           4        1.65      0.0052 6.94555e-07
           4        1.75     0.00295 3.03473e-07
           4        1.85    0.001525 3.99502e-07
           4        1.95    0.000675 2.38443e-07
           5       -1.95     0.00156 2.54642e-07
           5       -1.85     0.00236 4.70016e-07
           5       -1.75     0.00288 3.87245e-07
           5       -1.65     0.00586 3.17876e-07
           5       -1.55     0.00864 5.05479e-07
           5       -1.45      0.0113 6.52981e-07
           5       -1.35     0.01832  3.6478e-07
           5       -1.25     0.02066 1.02369e-06
           5       -1.15      0.0304 1.04639e-06
           5       -1.05      0.0351 2.06861e-06
           5       -0.95     0.03968 1.46764e-06
           5       -0.85     0.03998  1.3156e-06
           5       -0.75      0.0422 2.86473e-06
           5       -0.65     0.04064 1.35274e-06
           5       -0.55     0.03974 9.79923e-07
           5       -0.45     0.03588 7.68651e-07
           5       -0.35     0.03288 1.44025e-06
           5       -0.25     0.03102 1.58923e-06
           5       -0.15     0.03112 1.72935e-06
           5       -0.05     0.02846 9.46515e-07
           5        0.05     0.02804 1.19418e-06
           5        0.15     0.02956 1.65475e-06
           5        0.25     0.03086 1.38507e-06
           5        0.35      0.0354 6.79546e-07
           5        0.45     0.03656 5.70526e-07
           5        0.55     0.03862 1.92422e-06
           5        0.65      0.0416 1.22753e-06
           5        0.75      0.0459 1.45597e-06
           5        0.85     0.04234 1.78412e-06
           5        0.95     0.03972 8.61435e-07
           5        1.05     0.03278 5.61859e-07
           5        1.15     0.02616 1.29966e-06
           5        1.25     0.02256 1.22805e-06
           5        1.35     0.01854 1.49216e-06
           5        1.45     0.01236 9.21973e-07
           5        1.55     0.00796 2.38323e-07
           5        1.65     0.00538 5.79481e-07
           5        1.75      0.0031 2.77906e-07
           5        1.85     0.00164 3.36322e-07
           5        1.95      0.0006 2.02557e-07
           6       -1.95  0.00143333 2.41284e-07
           6       -1.85  0.00231667 3.92817e-07
           6       -1.75  0.00283333 3.24803e-07
           6       -1.65  0.00583333 2.65433e-07
           6       -1.55  0.00871667 4.26099e-07
           6       -1.45      0.0119 7.71465e-07
           6       -1.35     0.01825  3.0998e-07
           6       -1.25   0.0216667 1.25301e-06
           6       -1.15   0.0298167 1.02026e-06
           6       -1.05   0.0349667 1.72435e-06
           6       -0.95      0.0389  1.4131e-06
           6       -0.85     0.03955 1.16229e-06
           6       -0.75     0.04285  2.4549e-06
           6       -0.65   0.0409167 1.15284e-06
           6       -0.55     0.04055  1.1006e-06
           6       -0.45   0.0367167  9.9626e-07
           6       -0.35      0.0332 1.23272e-06
           6       -0.25      0.0307 1.35338e-06
           6       -0.15   0.0301833 1.67323e-06
           6       -0.05     0.02765 1.08019e-06
           6        0.05   0.0288333 1.22926e-06
           6        0.15   0.0299667 1.42518e-06
           6        0.25   0.0309667 1.15579e-06
           6        0.35   0.0341667 1.26031e-06
           6        0.45   0.0362667 5.44828e-07
           6        0.55   0.0381667  1.6527e-06
           6        0.65     0.04225 1.18081e-06
           6        0.75   0.0453833 1.29937e-06
           6        0.85   0.0417167   1.589e-06
           6        0.95     0.04045  9.7861e-07
           6        1.05   0.0333667  7.1093e-07
           6        1.15     0.02685 1.25103e-06
           6        1.25      0.0223 1.04838e-06
           6        1.35     0.01835 1.25281e-06
           6        1.45   0.0123833 7.66915e-07
           6        1.55  0.00773333 2.86593e-07
           6        1.65  0.00498333 6.02864e-07
           6        1.75  0.00316667 2.38968e-07
           6        1.85     0.00155 2.91484e-07
           6        1.95 0.000733333 2.07846e-07
           7       -1.95  0.00148571 2.12751e-07
           7       -1.85  0.00212857 3.79686e-07
           7       -1.75      0.0031  3.7276e-07
           7       -1.65  0.00584286 2.28028e-07
           7       -1.55      0.0084 4.69156e-07
           7       -1.45   0.0117429 6.78108e-07
           7       -1.35   0.0181714 2.75901e-07
           7       -1.25   0.0218143 1.08431e-06
           7       -1.15   0.0297714 8.76826e-07
           7       -1.05   0.0349286 1.48066e-06
           7       -0.95   0.0399429 1.55164e-06
           7       -0.85   0.0400857 1.11469e-06
           7       -0.75   0.0421714 2.19939e-06
           7       -0.65   0.0408143 9.94185e-07
           7       -0.55      0.0401 1.03292e-06
           7       -0.45   0.0375286 1.13965e-06
           7       -0.35   0.0326429  1.1777e-06
           7       -0.25   0.0304286 1.18876e-06
           7       -0.15   0.0300714  1.4401e-06
           7       -0.05   0.0281571 1.03981e-06
           7        0.05      0.0281 1.25555e-06
           7        0.15   0.0301714 1.23808e-06
           7        0.25   0.0315143 1.11469e-06
           7        0.35   0.0344857 1.12165e-06
           7        0.45   0.0363571  4.7517e-07
           7        0.55   0.0380714 1.42148e-06
           7        0.65   0.0411857 1.41508e-06
           7        0.75   0.0449571 1.18343e-06
           7        0.85      0.0419 1.37461e-06
           7        0.95   0.0398286 1.01888e-06
           7        1.05   0.0339571 8.20097e-07
           7        1.15      0.0269 1.07492e-06
           7        1.25   0.0225571 9.31045e-07
           7        1.35   0.0179857  1.1273e-06
           7        1.45   0.0121714 6.87072e-07
           7        1.55  0.00792857  3.0551e-07
           7        1.65  0.00527143 5.82465e-07
           7        1.75  0.00324286 2.16975e-07
           7        1.85  0.00174286 3.07611e-07
           7        1.95 0.000785714 1.84921e-07
           8       -1.95   0.0014375 1.91373e-07
           8       -1.85   0.0021625  3.3341e-07
           8       -1.75   0.0034125 4.37959e-07
           8       -1.65      0.0058 2.03325e-07
           8       -1.55    0.008475 4.16071e-07
           8       -1.45   0.0118625 6.03246e-07
           8       -1.35   0.0182125 2.44219e-07
           8       -1.25      0.0215 9.92461e-07
           8       -1.15    0.029575 7.88218e-07
           8       -1.05     0.03475 1.30504e-06
           8       -0.95   0.0403125  1.3998e-06
           8       -0.85    0.039725 1.03127e-06
           8       -0.75   0.0417125 1.96999e-06
           8       -0.65   0.0413375 9.97644e-07
           8       -0.55   0.0403625 9.35765e-07
           8       -0.45     0.03675 1.23449e-06
           8       -0.35    0.032825 1.04349e-06
           8       -0.25   0.0307375 1.07865e-06
           8       -0.15   0.0299125 1.26759e-06
           8       -0.05   0.0286125 1.00398e-06
           8        0.05      0.0278 1.13289e-06
           8        0.15   0.0301875 1.08234e-06
           8        0.25     0.03155  9.7495e-07
           8        0.35   0.0343625  9.8723e-07
           8        0.45    0.037625 1.25784e-06
           8        0.55    0.037975 1.24583e-06
           8        0.65    0.040375 1.45135e-06
           8        0.75   0.0447625  1.0504e-06
           8        0.85   0.0416125 1.23137e-06
           8        0.95     0.03905 1.15099e-06
           8        1.05     0.03455 9.06708e-07
           8        1.15   0.0266625 9.65579e-07
           8        1.25    0.022775 8.39029e-07
           8        1.35      0.0182 1.00563e-06
           8        1.45   0.0119625 6.31651e-07
           8        1.55    0.008325 4.57309e-07
           8        1.65   0.0053625  5.1624e-07
           8        1.75   0.0032375 1.89729e-07
           8        1.85    0.001825 2.79676e-07
           8        1.95    0.000825 1.65778e-07
           9       -1.95  0.00137778 1.79331e-07
           9       -1.85  0.00218889 2.97618e-07
           9       -1.75  0.00346667 3.92915e-07
           9       -1.65      0.0058  1.8086e-07
           9       -1.55  0.00845556 3.70556e-07
           9       -1.45   0.0119778  5.4753e-07
           9       -1.35   0.0181444 2.26546e-07
           9       -1.25   0.0219778 9.91457e-07
           9       -1.15   0.0288556 9.76388e-07
           9       -1.05   0.0346889 1.16228e-06
           9       -0.95   0.0399333 1.29562e-06
           9       -0.85      0.0399 9.32097e-07
           9       -0.75   0.0423444 1.85119e-06
           9       -0.65      0.0419  1.0343e-06
           9       -0.55      0.0401 8.68515e-07
           9       -0.45   0.0364444 1.13539e-06
           9       -0.35   0.0340444 1.47924e-06
           9       -0.25   0.0302667 1.05752e-06
           9       -0.15      0.0297 1.14526e-06
           9       -0.05   0.0288111 9.12543e-07
           9        0.05   0.0278444  1.0086e-06
           9        0.15   0.0299889 9.80861e-07
           9        0.25   0.0315556 8.67246e-07
           9        0.35   0.0345778 9.01386e-07
           9        0.45   0.0375444 1.12144e-06
           9        0.55   0.0379556 1.10833e-06
           9        0.65   0.0397222 1.43067e-06
           9        0.75   0.0450222 9.66011e-07
           9        0.85      0.0413 1.13439e-06
           9        0.95   0.0385333 1.13418e-06
           9        1.05   0.0346111 8.08591e-07
           9        1.15   0.0271778 9.87199e-07
           9        1.25   0.0226222 7.60149e-07
           9        1.35   0.0181333 8.96731e-07
           9        1.45   0.0116778 6.22902e-07
           9        1.55  0.00832222 4.06791e-07
           9        1.65  0.00538889 4.59878e-07
           9        1.75      0.0033 1.78793e-07
           9        1.85  0.00185556 2.50444e-07
           9        1.95 0.000955556 1.92225e-07
          10       -1.95     0.00142 1.66195e-07
          10       -1.85     0.00211 2.77957e-07
          10       -1.75     0.00338 3.62835e-07
          10       -1.65     0.00561  2.4294e-07
          10       -1.55     0.00848 3.34074e-07
          10       -1.45     0.01202 4.94061e-07
          10       -1.35     0.01815 2.03817e-07
          10       -1.25     0.02239 9.73846e-07
          10       -1.15     0.02895 8.82702e-07
          10       -1.05     0.03467 1.04547e-06
          10       -0.95     0.03995 1.16535e-06
          10       -0.85     0.04025 9.01797e-07
          10       -0.75     0.04235 1.66492e-06
          10       -0.65     0.04179 9.36064e-07
          10       -0.55     0.04023 7.90813e-07
          10       -0.45     0.03592 1.13613e-06
          10       -0.35      0.0339 1.33744e-06
          10       -0.25     0.03083 1.09125e-06
          10       -0.15     0.02979 1.03356e-06
          10       -0.05     0.02921 9.03928e-07
          10        0.05     0.02742 9.92636e-07
          10        0.15     0.03021 9.06807e-07
          10        0.25     0.03127 8.25778e-07
          10        0.35     0.03429 8.55511e-07
          10        0.45      0.0371 1.09336e-06
          10        0.55     0.03833 1.05833e-06
          10        0.65     0.03951 1.30239e-06
          10        0.75      0.0448 8.94068e-07
          10        0.85      0.0415 1.03777e-06
          10        0.95      0.0382 1.06804e-06
          10        1.05     0.03503 8.28928e-07
          10        1.15     0.02714 8.88581e-07
          10        1.25     0.02258 6.84829e-07
          10        1.35     0.01803 8.12442e-07
          10        1.45     0.01158 5.67864e-07
          10        1.55     0.00822 3.78517e-07
          10        1.65     0.00558 4.51673e-07
          10        1.75     0.00331 1.61081e-07
          10        1.85       0.002 2.63729e-07
          10        1.95     0.00101 1.80448e-07
          11       -1.95  0.00140909 1.51657e-07
          11       -1.85  0.00217273 2.60049e-07
          11       -1.75  0.00335455 3.31208e-07
          11       -1.65  0.00554545 2.29609e-07
          11       -1.55      0.0083 3.49424e-07
          11       -1.45   0.0121182 4.59464e-07
          11       -1.35   0.0182636 2.15003e-07
          11       -1.25   0.0228182 9.76469e-07
          11       -1.15   0.0289182 8.04158e-07
          11       -1.05   0.0351545 1.05847e-06
          11       -0.95   0.0397182 1.08379e-06
          11       -0.85   0.0405909 8.83272e-07
          11       -0.75   0.0424182 1.51708e-06
          11       -0.65   0.0415091 8.93463e-07
          11       -0.55   0.0400455 7.41226e-07
          11       -0.45       0.036 1.03712e-06
          11       -0.35   0.0334273  1.2987e-06
          11       -0.25   0.0311182 1.03092e-06
          11       -0.15   0.0295545 9.67457e-07
          11       -0.05   0.0289909 8.49136e-07
          11        0.05   0.0271273  9.4599e-07
          11        0.15   0.0304273 8.51249e-07
          11        0.25   0.0308727 8.42225e-07
          11        0.35   0.0340545 8.10695e-07
          11        0.45   0.0371273 9.95697e-07
          11        0.55   0.0389455 1.12887e-06
          11        0.65   0.0396545 1.19368e-06
          11        0.75   0.0444182 8.92008e-07
          11        0.85   0.0419091 1.02248e-06
          11        0.95   0.0381818 9.72463e-07
          11        1.05   0.0347818 7.91037e-07
          11        1.15   0.0272727 8.18823e-07
          11        1.25   0.0226727 6.29715e-07
          11        1.35   0.0176273   8.338e-07
          11        1.45   0.0115091 5.21388e-07
          11        1.55  0.00833636 3.62095e-07
          11        1.65      0.0057 4.26887e-07
          11        1.75  0.00327273 1.50909e-07
          11        1.85  0.00201818 2.40718e-07
          11        1.95  0.00108182 1.78041e-07
          12       -1.95  0.00139167 1.40035e-07
          12       -1.85  0.00216667 2.38473e-07
          12       -1.75  0.00340833 3.07997e-07
          12       -1.65    0.005575 2.12398e-07
          12       -1.55  0.00821667 3.30175e-07
          12       -1.45      0.0124 5.00607e-07
          12       -1.35      0.0182 2.06355e-07
          12       -1.25   0.0227333 8.98884e-07
          12       -1.15    0.028525 8.28215e-07
          12       -1.05     0.03465 1.08452e-06
          12       -0.95     0.03895 1.23731e-06
          12       -0.85   0.0402833 8.61895e-07
          12       -0.75    0.042575 1.39892e-06
          12       -0.65   0.0413667 8.30421e-07
          12       -0.55   0.0397833 7.24614e-07
          12       -0.45   0.0360333 9.51328e-07
          12       -0.35    0.033225 1.20632e-06
          12       -0.25   0.0312167 9.49822e-07
          12       -0.15    0.029575 8.87142e-07
          12       -0.05   0.0289167 7.81708e-07
          12        0.05   0.0270833  8.6827e-07
          12        0.15     0.03045 7.80695e-07
          12        0.25   0.0310667 7.94243e-07
          12        0.35   0.0341917 7.54777e-07
          12        0.45   0.0375167  9.8638e-07
          12        0.55   0.0389667 1.03511e-06
          12        0.65   0.0397667 1.09959e-06
          12        0.75    0.044275 8.29226e-07
          12        0.85   0.0423417 1.02522e-06
          12        0.95     0.03785 9.46706e-07
          12        1.05   0.0350333 7.64324e-07
          12        1.15   0.0273833 7.58134e-07
          12        1.25   0.0225667 5.86205e-07
          12        1.35   0.0178083 7.83904e-07
          12        1.45   0.0119167 6.17691e-07
          12        1.55  0.00863333 4.37558e-07
          12        1.65  0.00576667  3.9655e-07
          12        1.75    0.003325 1.47165e-07
          12        1.85       0.002  2.2137e-07
          12        1.95      0.0012 1.98773e-07
          13       -1.95  0.00136154 1.32375e-07
          13       -1.85  0.00222308 2.26555e-07
          13       -1.75  0.00331538 2.97831e-07
          13       -1.65  0.00559231 1.96609e-07
          13       -1.55  0.00814615 3.12003e-07
          13       -1.45   0.0120769 5.56678e-07
          13       -1.35   0.0179077 3.39678e-07
          13       -1.25   0.0224692 8.67168e-07
          13       -1.15   0.0287154 7.85565e-07
          13       -1.05   0.0343077 1.05315e-06
          13       -0.95   0.0387231 1.16193e-06
          13       -0.85   0.0399923 8.42864e-07
          13       -0.75   0.0430385 1.36521e-06
          13       -0.65   0.0415308 7.82045e-07
          13       -0.55   0.0392385 8.49537e-07
          13       -0.45   0.0362077 8.93349e-07
          13       -0.35   0.0331923 1.11308e-06
          13       -0.25   0.0312615  8.7712e-07
          13       -0.15   0.0297462 8.34662e-07
          13       -0.05       0.029 7.25446e-07
          13        0.05   0.0275923 9.38792e-07
          13        0.15   0.0301077 7.91861e-07
          13        0.25   0.0307692 7.86512e-07
          13        0.35   0.0346077 8.03105e-07
          13        0.45   0.0374923 9.10077e-07
          13        0.55   0.0392769 1.00033e-06
          13        0.65   0.0395077 1.04438e-06
          13        0.75   0.0442308  7.6601e-07
          13        0.85   0.0424308  9.4948e-07
          13        0.95   0.0379615 8.79757e-07
          13        1.05   0.0351385 7.12189e-07
          13        1.15   0.0275154 7.10712e-07
          13        1.25   0.0221538 6.70979e-07
          13        1.35      0.0179 7.28387e-07
          13        1.45   0.0121923 6.28463e-07
          13        1.55  0.00876923 4.24244e-07
          13        1.65  0.00601538 4.37131e-07
          13        1.75  0.00336154 1.40218e-07
          13        1.85       0.002 2.04177e-07
          13        1.95  0.00125385  1.9052e-07
          14       -1.95  0.00138571 1.25078e-07
          14       -1.85  0.00214286 2.24106e-07
          14       -1.75  0.00329286 2.77328e-07
          14       -1.65  0.00542143 2.45979e-07
          14       -1.55  0.00837143 3.62148e-07
          14       -1.45      0.0119 5.44237e-07
          14       -1.35   0.0177929 3.34229e-07
          14       -1.25   0.0226143 8.17067e-07
          14       -1.15   0.0287786 7.31779e-07
          14       -1.05   0.0339714 1.03009e-06
          14       -0.95   0.0388214 1.08278e-06
          14       -0.85      0.0402  8.0769e-07
          14       -0.75   0.0431214 1.26984e-06
          14       -0.65   0.0410143  8.8061e-07
          14       -0.55   0.0390429 8.10897e-07
          14       -0.45      0.0366 9.11626e-07
          14       -0.35   0.0330786 1.03908e-06
          14       -0.25   0.0309571 8.65597e-07
          14       -0.15   0.0300286 8.21351e-07
          14       -0.05   0.0289143 6.78487e-07
          14        0.05   0.0279286 9.29935e-07
          14        0.15   0.0299357 7.53583e-07
          14        0.25      0.0308 7.30717e-07
          14        0.35      0.0348  7.6827e-07
          14        0.45   0.0371357 9.12222e-07
          14        0.55   0.0393929 9.35314e-07
          14        0.65   0.0393857 9.76608e-07
          14        0.75   0.0443714 7.23922e-07
          14        0.85   0.0424643 8.81989e-07
          14        0.95   0.0382143  8.5232e-07
          14        1.05   0.0353357 6.87981e-07
          14        1.15   0.0272429 7.10241e-07
          14        1.25   0.0221071 6.24493e-07
          14        1.35     0.01785 6.77876e-07
          14        1.45   0.0122643 5.87519e-07
          14        1.55  0.00882857 3.97964e-07
          14        1.65     0.00605 4.07158e-07
          14        1.75  0.00347857 1.72334e-07
          14        1.85  0.00205714 1.97396e-07
          14        1.95  0.00124286 1.77176e-07
          15       -1.95  0.00148667 1.52197e-07
          15       -1.85     0.00218 2.12209e-07
          15       -1.75  0.00329333 2.58814e-07
          15       -1.65  0.00530667 2.54997e-07
          15       -1.55     0.00834 3.39336e-07
          15       -1.45   0.0122667 6.19516e-07
          15       -1.35   0.0176867 3.28398e-07
          15       -1.25     0.02246 7.76992e-07
          15       -1.15   0.0284867 7.39012e-07
          15       -1.05   0.0344667  1.0741e-06
          15       -0.95     0.03884 1.01065e-06
          15       -0.85      0.0404 7.78207e-07
          15       -0.75     0.04282 1.22042e-06
          15       -0.65   0.0411533 8.32757e-07
          15       -0.55     0.03926 7.85378e-07
          15       -0.45     0.03712 9.88375e-07
          15       -0.35   0.0330133 9.71761e-07
          15       -0.25   0.0312667 8.61525e-07
          15       -0.15     0.03004 7.66597e-07
          15       -0.05     0.02878 6.46382e-07
          15        0.05     0.02778 8.79675e-07
          15        0.15   0.0299933 7.05479e-07
          15        0.25     0.03088 6.86312e-07
          15        0.35   0.0344133   8.087e-07
          15        0.45   0.0372333 8.56544e-07
          15        0.55   0.0390333  9.3962e-07
          15        0.65   0.0393133 9.14095e-07
          15        0.75      0.0441 7.24832e-07
          15        0.85   0.0419867 9.43936e-07
          15        0.95   0.0381867 7.95867e-07
          15        1.05     0.03512 6.75116e-07
          15        1.15   0.0272133  6.6344e-07
          15        1.25      0.0224  6.4802e-07
          15        1.35   0.0178733 6.33023e-07
          15        1.45      0.0123 5.49384e-07
          15        1.55  0.00887333 3.73912e-07
          15        1.65     0.00614 3.89824e-07
          15        1.75  0.00346667 1.61241e-07
          15        1.85  0.00216667 2.12517e-07
          15        1.95  0.00121333 1.67797e-07
          16       -1.95   0.0015375 1.50958e-07
          16       -1.85  0.00211875 2.07621e-07
          16       -1.75   0.0033375 2.46388e-07
          16       -1.65  0.00534375 2.41748e-07
          16       -1.55   0.0084125 3.25801e-07
          16       -1.45   0.0122312  5.8181e-07
          16       -1.35   0.0176063 3.17594e-07
          16       -1.25   0.0225437 7.32942e-07
          16       -1.15   0.0284187 6.95946e-07
          16       -1.05     0.03425 1.02865e-06
          16       -0.95   0.0389938 9.59143e-07
          16       -0.85   0.0402813 7.38599e-07
          16       -0.75   0.0428687 1.14512e-06
          16       -0.65   0.0411063 7.82043e-07
          16       -0.55   0.0395062 7.74038e-07
          16       -0.45   0.0371312 9.26665e-07
          16       -0.35   0.0328813 9.19984e-07
          16       -0.25   0.0316813 9.02184e-07
          16       -0.15   0.0302875 7.57692e-07
          16       -0.05   0.0284875 6.69066e-07
          16        0.05   0.0276875 8.29558e-07
          16        0.15   0.0300562 6.64194e-07
          16        0.25   0.0310438 6.62718e-07
          16        0.35   0.0340563 8.33472e-07
          16        0.45    0.037225 8.03051e-07
          16        0.55   0.0390688 8.81563e-07
          16        0.65   0.0393813 8.59491e-07
          16        0.75   0.0436937 7.85442e-07
          16        0.85   0.0416313 9.49672e-07
          16        0.95   0.0383063 7.55081e-07
          16        1.05     0.03535 6.71061e-07
          16        1.15     0.02745 6.62956e-07
          16        1.25   0.0224875 6.13415e-07
          16        1.35    0.017775 6.01069e-07
          16        1.45   0.0123187 5.15368e-07
          16        1.55     0.00885 3.51272e-07
          16        1.65  0.00603125 3.80368e-07
          16        1.75  0.00353125 1.63621e-07
          16        1.85  0.00215625  1.9949e-07
          16        1.95  0.00124375  1.6005e-07
          17       -1.95  0.00152941 1.42381e-07
          17       -1.85  0.00204706 2.07574e-07
          17       -1.75  0.00330588 2.34061e-07
          17       -1.65      0.0054 2.34139e-07
          17       -1.55  0.00851176 3.21637e-07
          17       -1.45   0.0124353 5.82712e-07
          17       -1.35   0.0175118 3.12876e-07
          17       -1.25   0.0227118 7.09302e-07
          17       -1.15   0.0285765 6.73096e-07
          17       -1.05   0.0343059 9.70243e-07
          17       -0.95   0.0389765 9.03421e-07
          17       -0.85   0.0402647 6.95755e-07
          17       -0.75   0.0424882 1.14008e-06
          17       -0.65   0.0409235 7.57599e-07
          17       -0.55   0.0396647 7.45041e-07
          17       -0.45   0.0369647  8.8757e-07
          17       -0.35   0.0330706 8.85722e-07
          17       -0.25   0.0313471 9.09614e-07
          17       -0.15   0.0302941 7.13579e-07
          17       -0.05   0.0282294 6.78198e-07
          17        0.05   0.0278765 8.02536e-07
          17        0.15   0.0300176 6.26624e-07
          17        0.25   0.0311529 6.33071e-07
          17        0.35   0.0338176 8.18468e-07
          17        0.45   0.0372941 7.59245e-07
          17        0.55   0.0391235 8.31911e-07
          17        0.65   0.0394471 8.11943e-07
          17        0.75   0.0436706 7.40026e-07
          17        0.85   0.0420941 1.00115e-06
          17        0.95   0.0382471 7.13416e-07
          17        1.05   0.0351882 6.51236e-07
          17        1.15   0.0275529 6.32303e-07
          17        1.25   0.0223588 5.91066e-07
          17        1.35   0.0178412 5.69696e-07
          17        1.45   0.0124235 4.95916e-07
          17        1.55  0.00875882 3.42475e-07
          17        1.65  0.00600588 3.59056e-07
          17        1.75  0.00347059 1.64986e-07
          17        1.85  0.00226471 2.15429e-07
          17        1.95  0.00118235 1.62113e-07
          18       -1.95     0.00155 1.35984e-07
          18       -1.85  0.00204444 1.96098e-07
          18       -1.75  0.00329444 2.21382e-07
          18       -1.65  0.00526667 2.56482e-07
          18       -1.55  0.00849444 3.04297e-07
          18       -1.45   0.0123833 5.52771e-07
          18       -1.35   0.0175556 2.98615e-07
          18       -1.25   0.0227556 6.71387e-07
          18       -1.15   0.0286222 6.37389e-07
          18       -1.05   0.0343611 9.18102e-07
          18       -0.95   0.0389111 8.55773e-07
          18       -0.85   0.0402722 6.57275e-07
          18       -0.75   0.0425056 1.07709e-06
          18       -0.65   0.0412389 7.78782e-07
          18       -0.55   0.0394111 7.45873e-07
          18       -0.45   0.0368222 8.49836e-07
          18       -0.35   0.0332556 8.55858e-07
          18       -0.25   0.0312944 8.60779e-07
          18       -0.15   0.0301944 6.81026e-07
          18       -0.05   0.0282167 6.40769e-07
          18        0.05   0.0278611  7.5825e-07
          18        0.15   0.0303222 6.62103e-07
          18        0.25   0.0310333 6.09261e-07
          18        0.35   0.0338278 7.73216e-07
          18        0.45   0.0371556 7.29796e-07
          18        0.55   0.0391611 7.86703e-07
          18        0.65   0.0396167 7.84577e-07
          18        0.75      0.0436 7.02427e-07
          18        0.85   0.0418833 9.67749e-07
          18        0.95   0.0382889 6.75147e-07
          18        1.05   0.0350611 6.27516e-07
          18        1.15   0.0275611 5.97347e-07
          18        1.25     0.02235 5.58407e-07
          18        1.35   0.0179778 5.54356e-07
          18        1.45   0.0124889 4.72765e-07
          18        1.55  0.00889444 3.49441e-07
          18        1.65  0.00590556 3.52972e-07
          18        1.75  0.00343889  1.5888e-07
          18        1.85  0.00223889 2.05049e-07
          18        1.95      0.0012 1.54098e-07
          19       -1.95  0.00149474 1.39638e-07
          19       -1.85  0.00205789 1.86221e-07
          19       -1.75  0.00324737 2.14677e-07
          19       -1.65  0.00517895 2.57583e-07
          19       -1.55  0.00846316 2.89863e-07
          19       -1.45   0.0123158 5.27754e-07
          19       -1.35      0.0175 2.88014e-07
          19       -1.25   0.0227947 6.37134e-07
          19       -1.15   0.0288842  6.5563e-07
          19       -1.05   0.0344263 8.72016e-07
          19       -0.95   0.0392263 8.66993e-07
          19       -0.85   0.0401526 6.33451e-07
          19       -0.75   0.0428947 1.08863e-06
          19       -0.65   0.0409842 7.78419e-07
          19       -0.55   0.0393263  7.1137e-07
          19       -0.45   0.0366474 8.22894e-07
          19       -0.35   0.0331158 8.22113e-07
          19       -0.25   0.0313579 8.17738e-07
          19       -0.15   0.0300474 6.60875e-07
          19       -0.05   0.0282684 6.09079e-07
          19        0.05   0.0280842 7.50509e-07
          19        0.15   0.0303421 6.27493e-07
          19        0.25   0.0312053 6.01007e-07
          19        0.35   0.0341211 7.86324e-07
          19        0.45   0.0370789 6.95342e-07
          19        0.55   0.0389737 7.67318e-07
          19        0.65   0.0395263 7.48415e-07
          19        0.75   0.0434737 6.76701e-07
          19        0.85   0.0416947 9.34998e-07
          19        0.95   0.0381316 6.57697e-07
          19        1.05   0.0348105 6.42717e-07
          19        1.15   0.0277632 5.99187e-07
          19        1.25   0.0223632  5.2912e-07
          19        1.35   0.0180316 5.27743e-07
          19        1.45   0.0126053 4.61998e-07
          19        1.55  0.00896842 3.38789e-07
          19        1.65  0.00588947 3.34729e-07
          19        1.75  0.00344737  1.5073e-07
          19        1.85  0.00221579  1.9554e-07
          19        1.95  0.00118421 1.46784e-07
          20       -1.95    0.001505 1.33021e-07
          20       -1.85     0.00206 1.76904e-07
          20       -1.75     0.00319  2.1148e-07
          20       -1.65     0.00524  2.5184e-07
          20       -1.55     0.00852 2.80883e-07
          20       -1.45    0.012255 5.04819e-07
          20       -1.35    0.017295 3.39018e-07
          20       -1.25    0.022775 6.05524e-07
          20       -1.15    0.028935 6.24759e-07
          20       -1.05    0.034375 8.29847e-07
          20       -0.95     0.03919 8.24324e-07
          20       -0.85     0.03985 6.70389e-07
          20       -0.75     0.04287 1.03437e-06
          20       -0.65     0.04098 7.39436e-07
          20       -0.55     0.03913 7.02408e-07
          20       -0.45    0.036695 7.83054e-07
          20       -0.35     0.03315 7.81643e-07
          20       -0.25     0.03135 7.76812e-07
          20       -0.15     0.03006  6.2789e-07
          20       -0.05     0.02828 5.78678e-07
          20        0.05     0.02813 7.14314e-07
          20        0.15    0.030365 5.96478e-07
          20        0.25     0.03123  5.7141e-07
          20        0.35     0.03415 7.47467e-07
          20        0.45    0.036805 7.12638e-07
          20        0.55    0.038925 7.30428e-07
          20        0.65      0.0399 7.99126e-07
          20        0.75     0.04393 7.82176e-07
          20        0.85    0.041735 8.89029e-07
          20        0.95     0.03858 7.62959e-07
          20        1.05    0.034675 6.24702e-07
          20        1.15     0.02756 6.02762e-07
          20        1.25     0.02223 5.19165e-07
          20        1.35    0.018145 5.13398e-07
          20        1.45    0.012555 4.41591e-07
          20        1.55     0.00901 3.24369e-07
          20        1.65     0.00595 3.23408e-07
          20        1.75    0.003365  1.6423e-07
          20        1.85    0.002195 1.86851e-07
          20        1.95     0.00114 1.45963e-07
