T:   H:   H_ERR:   MU:   SIGMA:
        3.94     1.47587   0.0376352     1.09368     1.05883
      3.8809     1.43062    0.039819     1.06021     1.09641
     3.82269    0.943836   0.0282841     0.97134     1.08456
     3.76535     1.45786   0.0247828    0.947272     1.19576
     3.70887     2.43654   0.0659096    0.999624     1.30291
     3.65323     1.17169   0.0415431    0.899205     1.20089
     3.59843     1.10084   0.0249067    0.863925     1.20263
     3.54446     1.12918   0.0282804    0.903154      1.1767
     3.49129     1.04725   0.0341285    0.983695     1.10045
     3.43892     1.61114   0.0334175    0.991651     1.19111
     3.38734     1.61114   0.0334175    0.991651     1.19111
     3.33653     1.78461   0.0342267    0.930736     1.26581
     3.28648     1.80939   0.0419156    0.956365     1.25365
     3.23718     2.77302   0.0569232     1.05516     1.29234
     3.18863     1.69642   0.0401145    0.954875     1.24666
      3.1408     1.57498   0.0362877     1.01206     1.16051
     3.09368     1.55366   0.0277074    0.989066     1.18029
     3.04728     3.20158   0.0579672     1.09912     1.28984
     3.00157     2.92383   0.0490189     1.16917     1.19338
     2.95655      2.4539   0.0432838     1.16944     1.12536
      2.9122      2.0561   0.0475746      1.2057      1.0193
     2.86851     3.25758   0.0517605     1.31233     1.05054
     2.82549       3.543   0.0511633     1.38086    0.988817
      2.7831      2.4399   0.0333907     1.33354    0.919092
     2.74136     4.18469   0.0579416     1.42912    0.995726
     2.70024     4.99968   0.0629226     1.48478     1.01162
     2.65973      6.1597   0.0657797     1.56028    0.997164
     2.61984     5.90332   0.0605291      1.5587    0.967734
     2.58054     7.75074    0.063389     1.62261     1.03689
     2.54183     7.75074    0.063389     1.62261     1.03689
      2.5037      7.7646   0.0583563     1.68448    0.936944
     2.46615     5.28253   0.0411036     1.58976    0.866751
     2.42916     6.40401   0.0404414     1.67475     0.83332
     2.39272     6.40401   0.0404414     1.67475     0.83332
     2.35683     5.49837   0.0413522     1.68809    0.735508
     2.32148      5.0652   0.0299043     1.69262    0.676244
     2.28665     6.73983   0.0429056     1.78856    0.681772
     2.25235     9.23636   0.0771943     1.84125    0.782317
     2.21857     6.69525   0.0580985     1.77114    0.699585
     2.18529     7.98936   0.0378501     1.86393    0.651301
     2.15251     8.12544   0.0417041     1.91318    0.563471
     2.12022     8.49288   0.0513134     1.90083    0.615519
     2.08842     8.49288   0.0513134     1.90083    0.615519
     2.05709     8.49288   0.0513134     1.90083    0.615519
     2.02624     6.53349   0.0330593     1.81324    0.606106
     1.99584     8.19954   0.0458702      1.8441    0.707334
     1.96591     6.71453   0.0462074     1.78521     0.68422
     1.93642     7.19078   0.0472386     1.83534    0.630818
     1.90737     9.63816   0.0685852     1.92949    0.669614
     1.87876     10.2663    0.070767     1.94729    0.686045
     1.85058     10.2663    0.070767     1.94729    0.686045
     1.82282     8.44515   0.0546893     1.86349    0.689414
     1.79548     7.22806   0.0474488     1.81024     0.68947
     1.76855     5.95437   0.0448054     1.71762    0.718833
     1.74202     4.62748   0.0332345     1.65269    0.699393
     1.71589     4.21388   0.0283999     1.62691    0.692141
     1.69015     2.77424   0.0299435     1.53239    0.650693
      1.6648     2.56819   0.0215706     1.52119    0.630063
     1.63983     2.40342   0.0248238     1.45795    0.711074
     1.61523     2.50509    0.028728     1.44746    0.747895
       1.591     1.97089     0.02866     1.43718    0.673567
     1.56713     2.04018    0.017098     1.47195    0.626321
     1.54363     1.66232   0.0176011     1.44622     0.58498
     1.52047     1.66232   0.0176011     1.44622     0.58498
     1.49767     1.66232   0.0176011     1.44622     0.58498
      1.4752     1.44601   0.0213714     1.38704    0.652436
     1.45307     1.39113   0.0237818     1.31943    0.746904
     1.43128     1.39113   0.0237818     1.31943    0.746904
     1.40981     1.39113   0.0237818     1.31943    0.746904
     1.38866     1.15456   0.0243951      1.2478    0.805627
     1.36783    0.955872   0.0194249     1.16615    0.868294
     1.34731     1.05914   0.0160984     1.25058    0.777133
      1.3271    0.612123   0.0166341     1.19108     0.75162
      1.3072   0.0275036  0.00864604     1.10967    0.658504
     1.28759    0.193682   0.0088424     1.15965    0.652255
     1.26828   0.0993506  0.00727006     1.14906    0.613433
     1.24925  -0.0294391  0.00346891     1.10833    0.543094
     1.23051   -0.159204  0.00458069     1.05815    0.577349
     1.21205   -0.159204  0.00458069     1.05815    0.577349
     1.19387   0.0245673   0.0034701     1.10754    0.503109
     1.17597   0.0245673   0.0034701     1.10754    0.503109
     1.15833   -0.118858  0.00507416     1.07858     0.57717
     1.14095    0.112302  0.00548932     1.13563    0.485832
     1.12384    0.359064  0.00872794     1.05012    0.401032
     1.10698    0.365703  0.00807448    0.985869    0.394058
     1.09037     1.47623   0.0174343     1.03223    0.296804
     1.07402     1.42777   0.0121097     1.06372    0.300166
     1.05791    0.567361  0.00835779     1.02383    0.372186
     1.04204    0.196809  0.00657738    0.926229    0.414455
     1.02641  -0.0299934  0.00845939    0.876697    0.448283
     1.01101   -0.371304  0.00307303    0.815329    0.530027
    0.995848   -0.371304  0.00307303    0.815329    0.530027
    0.980911   -0.210669  0.00730054    0.830283    0.482699
    0.966197   -0.242081  0.00487019    0.804889    0.486931
    0.951704    0.106034  0.00758691     0.76356    0.418484
    0.937428    0.044279   0.0082793     0.79082     0.43059
    0.923367    0.044279   0.0082793     0.79082     0.43059
    0.909516    0.100976  0.00641188    0.711338    0.419025
    0.895874   -0.266097  0.00527966    0.793756    0.489089
    0.882436   -0.374143  0.00307621    0.748087    0.532308
    0.869199   0.0235391  0.00536936    0.782473    0.434581
    0.856161   0.0267479  0.00718396    0.685247    0.426328
    0.843319     0.35072  0.00762441    0.605554    0.378921
    0.830669     1.38743    0.016396    0.670464    0.314659
    0.818209     1.38743    0.016396    0.670464    0.314659
    0.805936     0.52605   0.0105425    0.618412    0.365733
    0.793847     0.52605   0.0105425    0.618412    0.365733
    0.781939     0.52605   0.0105425    0.618412    0.365733
     0.77021    0.103269   0.0062404     0.65862    0.412513
    0.758657   -0.116969  0.00738369    0.655848    0.451931
    0.747277   -0.154406   0.0064982    0.665026    0.456502
    0.736068    0.260649  0.00901426    0.760992    0.401396
    0.725027    0.260649  0.00901426    0.760992    0.401396
    0.714151    -0.14487  0.00645872    0.669976    0.458953
    0.703439    0.158881  0.00732205    0.612152     0.40228
    0.692888    0.495183  0.00951477    0.637804    0.370343
    0.682494    0.495183  0.00951477    0.637804    0.370343
    0.672257    0.117334  0.00996659    0.675719    0.413144
    0.662173    0.117334  0.00996659    0.675719    0.413144
     0.65224   -0.186363  0.00568485     0.63233    0.471959
    0.642457  0.00723043  0.00549818    0.591225     0.42644
     0.63282    0.284018  0.00724899    0.665054    0.391378
    0.623328    0.284018  0.00724899    0.665054    0.391378
    0.613978  -0.0975638  0.00581861     0.73086    0.449173
    0.604768   0.0864743  0.00735024     0.75528    0.422906
    0.595696   -0.025444  0.00620432    0.766333    0.438083
    0.586761   -0.025444  0.00620432    0.766333    0.438083
     0.57796   -0.150928  0.00517898    0.831147    0.467579
     0.56929   -0.322141  0.00451677    0.765932    0.509682
    0.560751   -0.374985  0.00239687    0.716552    0.542899
     0.55234   -0.378762  0.00296514    0.764402    0.532153
    0.544055   -0.423919  0.00123382    0.730939    0.599534
    0.535894    -0.36356  0.00199429    0.660802    0.565081
    0.527855   -0.290168  0.00202381    0.570232    0.645707
    0.519937   -0.161883  0.00358249    0.497783    0.585389
    0.512138   -0.195059  0.00337287    0.574011    0.504271
    0.504456   -0.336746  0.00278654    0.643048    0.556165
    0.496889   -0.372145   0.0017837    0.652289    0.617404
    0.489436    -0.31882  0.00193304    0.592899    0.658502
    0.482095   -0.355032  0.00151284    0.645941     0.58393
    0.474863   -0.385756  0.00234172    0.696857    0.565849
     0.46774   -0.192208  0.00467349    0.614259    0.477099
    0.460724   -0.332026  0.00209669    0.638325    0.560088
    0.453813   -0.394941  0.00143215    0.676558    0.640689
    0.447006   -0.344932  0.00230176    0.638848    0.575974
    0.440301   -0.281312    0.004042    0.604846    0.542751
    0.433696   -0.190579  0.00287241    0.549182     0.52444
    0.427191   -0.335497  0.00221846    0.638853     0.56494
    0.420783   -0.418456  0.00189079    0.721983    0.590328
    0.414471   -0.438117  0.00182997    0.755092    0.626458
    0.408254    -0.43787  0.00141117    0.788911    0.585961
    0.402131   -0.443084  0.00177148     0.79063    0.632794
    0.396099    -0.41849  0.00186368    0.759813    0.569458
    0.390157   -0.341585  0.00355623    0.680249    0.531168
    0.384305   -0.356834  0.00346161    0.763626    0.521396
     0.37854   -0.358296  0.00401237    0.802721    0.523375
    0.372862   -0.386893  0.00300792    0.726103    0.548113
    0.367269   -0.371408  0.00380186    0.805506    0.529032
     0.36176   -0.301103  0.00423316    0.886688    0.516267
    0.356334   -0.328652  0.00262993    0.907501    0.536559
    0.350989   -0.295376  0.00252491    0.980403    0.572047
    0.345724   -0.327142  0.00197782    0.953425    0.566975
    0.340538   -0.281215  0.00318931    0.980702    0.551843
     0.33543   -0.211668  0.00509317     1.03144    0.614986
    0.330398   -0.211668  0.00509317     1.03144    0.614986
    0.325442   -0.211668  0.00509317     1.03144    0.614986
    0.320561   -0.319348  0.00255555    0.964653    0.571327
    0.315752   -0.254506  0.00340441    0.939035    0.514817
    0.311016   -0.254506  0.00340441    0.939035    0.514817
    0.306351  -0.0163032  0.00503165    0.986299    0.460333
    0.301756   0.0208898  0.00545425    0.985443    0.453314
    0.297229   -0.215837  0.00570862    0.903576    0.492273
    0.292771   -0.215837  0.00570862    0.903576    0.492273
    0.288379   -0.233556  0.00332339    0.934659    0.504271
    0.284054   0.0305573  0.00482782     1.01371    0.452259
    0.279793    -0.19313  0.00357886    0.942363    0.494585
    0.275596    -0.19313  0.00357886    0.942363    0.494585
    0.271462  -0.0294546  0.00374759     1.01811    0.472705
     0.26739  -0.0294546  0.00374759     1.01811    0.472705
    0.263379   -0.168099  0.00353002    0.993353    0.504846
    0.259429   -0.168099  0.00353002    0.993353    0.504846
    0.255537   -0.308658  0.00314996    0.975241    0.572212
    0.251704   -0.330045  0.00240292    0.919787    0.540923
    0.247928   -0.189129  0.00351151    0.871948    0.480238
     0.24421   -0.218773  0.00431483    0.892297    0.493484
    0.240546   -0.239668  0.00350944    0.891998     0.49913
    0.236938   -0.239668  0.00350944    0.891998     0.49913
    0.233384   -0.368558  0.00229715     0.91873    0.569423
    0.229883   -0.331577  0.00190086    0.899241    0.531632
    0.226435   -0.431063  0.00199865    0.852751    0.602216
    0.223039   -0.387868  0.00173197     0.87384    0.556999
    0.219693    -0.44216  0.00191025    0.817488    0.621512
    0.216398    -0.44216  0.00191025    0.817488    0.621512
    0.213152   -0.423349  0.00250951    0.757414    0.668366
    0.209954   -0.430146  0.00203603    0.770505    0.662682
    0.206805   -0.440566  0.00179821    0.833187    0.602114
    0.203703   -0.354726  0.00354983    0.838756     0.52672
    0.200647   -0.354726  0.00354983    0.838756     0.52672
    0.197638   -0.354726  0.00354983    0.838756     0.52672
    0.194673   -0.439182  0.00215073    0.820528    0.605979
    0.191753   -0.416013  0.00300254    0.830441     0.67783
    0.188877   -0.357109  0.00408295     0.84724    0.728662
    0.186044   -0.363904  0.00609761    0.902575    0.678295
    0.183253   -0.363904  0.00609761    0.902575    0.678295
    0.180504   -0.363904  0.00609761    0.902575    0.678295
    0.177797   -0.435521   0.0025772      0.8296    0.642466
     0.17513   -0.435521   0.0025772      0.8296    0.642466
    0.172503   -0.426331  0.00203761    0.808519     0.57082
    0.169915   -0.426331  0.00203761    0.808519     0.57082
    0.167366   -0.436984  0.00196426    0.824118    0.639236
    0.164856   -0.399895  0.00323774    0.872236    0.668652
    0.162383   -0.286999   0.0075963    0.948948    0.696698
    0.159947   -0.297248  0.00234796    0.982779    0.629586
    0.157548   -0.297248  0.00234796    0.982779    0.629586
    0.155185    -0.25376  0.00269097      1.0029    0.556883
    0.152857    -0.25376  0.00269097      1.0029    0.556883
    0.150564    -0.24584  0.00269953     1.02104    0.594526
    0.148306    -0.24584  0.00269953     1.02104    0.594526
    0.146081   -0.100433  0.00663843     1.08118    0.611526
     0.14389   -0.100433  0.00663843     1.08118    0.611526
    0.141732   -0.273315   0.0039657     1.00288    0.609888
    0.139606   -0.298638  0.00273808    0.945142    0.539081
    0.137512   -0.277714  0.00232553    0.941841    0.525734
    0.135449   -0.305712  0.00313959    0.979247     0.58939
    0.133417   -0.305712  0.00313959    0.979247     0.58939
    0.131416   -0.346311   0.0031807    0.955164    0.593506
    0.129445   -0.320366  0.00254283    0.954113    0.559345
    0.127503   -0.320366  0.00254283    0.954113    0.559345
     0.12559   -0.361284   0.0033785    0.940753    0.620435
    0.123707   -0.412001  0.00289677    0.885169    0.632458
    0.121851   -0.304704  0.00404617    0.965593    0.658747
    0.120023    -0.29556  0.00636342    0.922321    0.717343
    0.118223   -0.273235  0.00607256    0.854257    0.779796
     0.11645   -0.193609  0.00988038    0.897012    0.794858
    0.114703   -0.215548  0.00844472    0.839579    0.817384
    0.112982    -0.12506   0.0122854     0.88626    0.839437
    0.111288    -0.12506   0.0122854     0.88626    0.839437
    0.109618   -0.111589  0.00774122    0.957008    0.778992
    0.107974  -0.0452439   0.0131766    0.901688    0.857637
    0.106354   0.0106399   0.0124434     0.94346    0.838165
    0.104759   -0.156652  0.00917734    0.866135    0.834678
    0.103188   -0.156806  0.00843133    0.789096    0.892848
     0.10164   -0.256656  0.00851074    0.759427    0.836597
    0.100115    -0.33794  0.00488781    0.681324    0.775972
   0.0986135    -0.34616  0.00407127     0.65907    0.763141
   0.0971343   -0.328613  0.00476395    0.720214    0.792217
   0.0956773   -0.360735   0.0054991     0.79444    0.744412
   0.0942421   -0.398575  0.00333956    0.866888    0.673831
   0.0928285   -0.296308  0.00522392    0.910099    0.721216
   0.0914361   -0.353944  0.00430282    0.832774    0.737728
   0.0900645   -0.353944  0.00430282    0.832774    0.737728
   0.0887136   -0.333248  0.00479692    0.849088    0.743918
   0.0873829   -0.349123  0.00525961    0.841825    0.737274
   0.0860721   -0.282686   0.0059745    0.827604    0.786941
    0.084781   -0.282686   0.0059745    0.827604    0.786941
   0.0835093   -0.367819  0.00554134    0.827612    0.724048
   0.0822567   -0.367819  0.00554134    0.827612    0.724048
   0.0810228   -0.367819  0.00554134    0.827612    0.724048
   0.0798075   -0.369212  0.00468092    0.807239    0.736641
   0.0786104   -0.354817  0.00506685     0.84875    0.722227
   0.0774312   -0.379337  0.00408866    0.881609    0.683663
   0.0762698   -0.379337  0.00408866    0.881609    0.683663
   0.0751257   -0.357252  0.00442834    0.925742    0.665195
   0.0739988   -0.423853  0.00243414    0.862808    0.636446
   0.0728888   -0.443633  0.00179588    0.786439    0.616197
   0.0717955   -0.443633  0.00179588    0.786439    0.616197
   0.0707186   -0.438032  0.00175055    0.772499     0.61132
   0.0696578   -0.435417  0.00210193    0.806476     0.66066
   0.0686129   -0.361969  0.00464001    0.880884    0.694948
   0.0675837   -0.445505  0.00166785    0.807036    0.621628
     0.06657   -0.383689  0.00416953    0.879336     0.68408
   0.0655714   -0.424414   0.0023281    0.875006    0.623226
   0.0645879   -0.442243  0.00236461     0.82592    0.617732
    0.063619   -0.442243  0.00236461     0.82592    0.617732
   0.0626648   -0.444987  0.00203481    0.792586    0.607267
   0.0617248   -0.440219  0.00147948    0.825824    0.604049
   0.0607989   -0.435046  0.00202995    0.774192    0.588285
   0.0598869   -0.435046  0.00202995    0.774192    0.588285
   0.0589886   -0.413706  0.00184732    0.727739    0.576513
   0.0581038   -0.401355  0.00135247    0.713976     0.56884
   0.0572322   -0.427025  0.00149699    0.725447    0.642419
   0.0563738   -0.423823  0.00128679    0.727815    0.615862
   0.0555282   -0.415079  0.00197912    0.748409    0.680771
   0.0546952   -0.415079  0.00197912    0.748409    0.680771
   0.0538748   -0.415079  0.00197912    0.748409    0.680771
   0.0530667    -0.44231  0.00155603    0.782419    0.620988
   0.0522707   -0.437006  0.00201018    0.798863    0.647575
   0.0514866   -0.382934  0.00369596    0.829021    0.713624
   0.0507143   -0.391712  0.00497456    0.848379    0.692147
   0.0499536    -0.39896  0.00342021    0.897712    0.641245
   0.0492043   -0.421852  0.00203439    0.848605    0.572134
   0.0484662   -0.421852  0.00203439    0.848605    0.572134
   0.0477392   -0.366905  0.00256024    0.904912     0.55408
   0.0470232   -0.366905  0.00256024    0.904912     0.55408
   0.0463178   -0.366905  0.00256024    0.904912     0.55408
    0.045623   -0.426963   0.0016384    0.858803    0.593017
   0.0449387   -0.402686   0.0022236    0.902769    0.602352
   0.0442646   -0.402686   0.0022236    0.902769    0.602352
   0.0436006   -0.386582  0.00220637    0.915989     0.58502
   0.0429466   -0.386582  0.00220637    0.915989     0.58502
   0.0423024   -0.407009  0.00211379    0.894646    0.613305
   0.0416679   -0.411919  0.00361233    0.823053    0.674801
   0.0410429   -0.411919  0.00361233    0.823053    0.674801
   0.0404272    -0.37334  0.00392926    0.855109    0.701504
   0.0398208   -0.405833   0.0029192    0.866141    0.659709
   0.0392235   -0.396025  0.00391542    0.795424    0.706186
   0.0386352   -0.426265  0.00281259    0.817624    0.666307
   0.0380556   -0.441801  0.00219064    0.790114    0.622087
   0.0374848   -0.437157  0.00122919    0.799484    0.581911
   0.0369225   -0.433962   0.0016323    0.856027    0.606329
   0.0363687   -0.438945  0.00202902    0.820762    0.596104
   0.0358232   -0.438945  0.00202902    0.820762    0.596104
   0.0352858    -0.43846  0.00181459    0.818239    0.594601
   0.0347565    -0.43846  0.00181459    0.818239    0.594601
   0.0342352   -0.431183  0.00135508    0.766674    0.580242
   0.0337217   -0.431183  0.00135508    0.766674    0.580242
   0.0332158   -0.425407  0.00210396     0.77444    0.572563
   0.0327176   -0.441142  0.00154589    0.820069    0.623482
   0.0322268   -0.441142  0.00154589    0.820069    0.623482
   0.0317434   -0.441142  0.00154589    0.820069    0.623482
   0.0312673   -0.430264  0.00211306    0.759627    0.578483
   0.0307983   -0.437126  0.00193028    0.765527    0.638471
   0.0303363   -0.445106  0.00143982    0.815922     0.61599
   0.0298812   -0.445106  0.00143982    0.815922     0.61599
    0.029433   -0.442185  0.00169959     0.80073     0.60899
   0.0289915   -0.438666  0.00231267    0.799423    0.594066
   0.0285567   -0.413736  0.00245568     0.85585    0.568522
   0.0281283   -0.407961  0.00278488    0.888225    0.591093
   0.0277064   -0.407961  0.00278488    0.888225    0.591093
   0.0272908   -0.419304  0.00347635    0.876555    0.595764
   0.0268814   -0.419304  0.00347635    0.876555    0.595764
   0.0264782   -0.419304  0.00347635    0.876555    0.595764
    0.026081   -0.428901  0.00315971    0.831853    0.652493
   0.0256898   -0.428901  0.00315971    0.831853    0.652493
   0.0253045   -0.413012  0.00306683    0.883802    0.620322
   0.0249249   -0.413012  0.00306683    0.883802    0.620322
    0.024551   -0.413012  0.00306683    0.883802    0.620322
   0.0241828   -0.437221  0.00166862    0.816825    0.649297
     0.02382   -0.444946  0.00152471    0.803067    0.610716
   0.0234627   -0.423681  0.00231446    0.870866    0.639139
   0.0231108   -0.433467  0.00228821    0.808498    0.582801
   0.0227641   -0.433467  0.00228821    0.808498    0.582801
   0.0224227   -0.435965  0.00162454    0.756932     0.63927
   0.0220863   -0.437214  0.00152812    0.764176    0.619117
    0.021755   -0.442655  0.00140033    0.826629    0.618317
   0.0214287   -0.425598   0.0028306    0.841861    0.665262
   0.0211073   -0.425598   0.0028306    0.841861    0.665262
   0.0207907   -0.425598   0.0028306    0.841861    0.665262
   0.0204788   -0.425598   0.0028306    0.841861    0.665262
   0.0201716   -0.440123  0.00181478    0.828893     0.60295
    0.019869   -0.441891  0.00150012    0.770455    0.638618
    0.019571   -0.441891  0.00150012    0.770455    0.638618
   0.0192774   -0.441891  0.00150012    0.770455    0.638618
   0.0189883   -0.441891  0.00150012    0.770455    0.638618
   0.0187035   -0.432628  0.00157749    0.757333    0.598059
   0.0184229   -0.421195  0.00173876    0.715511    0.618435
   0.0181466   -0.429304  0.00158004    0.743496    0.640269
   0.0178744   -0.429304  0.00158004    0.743496    0.640269
   0.0176062   -0.429304  0.00158004    0.743496    0.640269
   0.0173422   -0.447631  0.00179247    0.802614    0.633123
    0.017082   -0.447631  0.00179247    0.802614    0.633123
   0.0168258   -0.433226  0.00169454    0.745559    0.635101
   0.0165734   -0.434898  0.00167414    0.753892    0.600583
   0.0163248   -0.430407  0.00163647    0.730976    0.615664
   0.0160799   -0.442083  0.00149816    0.787329    0.623827
   0.0158387   -0.443469  0.00176024    0.800957     0.62662
   0.0156011   -0.443469  0.00176024    0.800957     0.62662
   0.0153671   -0.436881   0.0016001    0.827315    0.588755
   0.0151366    -0.41344  0.00274917     0.88637    0.624276
   0.0149096    -0.41344  0.00274917     0.88637    0.624276
   0.0146859   -0.399374  0.00263872    0.884402    0.573471
   0.0144656   -0.399374  0.00263872    0.884402    0.573471
   0.0142487   -0.399374  0.00263872    0.884402    0.573471
   0.0140349   -0.406495  0.00353841    0.837981    0.560353
   0.0138244   -0.399716   0.0024932    0.872336    0.569241
    0.013617   -0.404978  0.00216201    0.895683    0.601605
   0.0134128   -0.404978  0.00216201    0.895683    0.601605
   0.0132116   -0.404978  0.00216201    0.895683    0.601605
   0.0130134   -0.427756  0.00203779    0.856773    0.589297
   0.0128182   -0.427756  0.00203779    0.856773    0.589297
   0.0126259   -0.433617  0.00276988    0.845981    0.628188
   0.0124366   -0.438785   0.0025141    0.806386    0.639438
     0.01225   -0.444616  0.00167242    0.784914    0.604271
   0.0120663   -0.444616  0.00167242    0.784914    0.604271
   0.0118853   -0.435112  0.00181498    0.750351    0.628607
    0.011707   -0.422559   0.0020371    0.747306      0.5758
   0.0115314   -0.422559   0.0020371    0.747306      0.5758
   0.0113584   -0.422559   0.0020371    0.747306      0.5758
    0.011188   -0.422559   0.0020371    0.747306      0.5758
   0.0110202   -0.440802  0.00183086     0.77249     0.60634
   0.0108549   -0.427567  0.00184883    0.731151    0.612977
   0.0106921   -0.427567  0.00184883    0.731151    0.612977
   0.0105317   -0.427567  0.00184883    0.731151    0.612977
   0.0103737   -0.430434  0.00174647    0.748493    0.600843
   0.0102181   -0.430434  0.00174647    0.748493    0.600843
   0.0100648   -0.438759  0.00143871    0.792929    0.593001
  0.00991388   -0.428309   0.0021129    0.737771    0.636887
  0.00976517   -0.432486    0.001356    0.755176    0.587282
  0.00961869   -0.444911  0.00154955    0.805191    0.602025
  0.00947441   -0.444911  0.00154955    0.805191    0.602025
  0.00933229   -0.444911  0.00154955    0.805191    0.602025
  0.00919231   -0.444911  0.00154955    0.805191    0.602025
  0.00905443   -0.444911  0.00154955    0.805191    0.602025
  0.00891861   -0.444911  0.00154955    0.805191    0.602025
  0.00878483   -0.444911  0.00154955    0.805191    0.602025
  0.00865306   -0.444911  0.00154955    0.805191    0.602025
  0.00852326   -0.444911  0.00154955    0.805191    0.602025
  0.00839541   -0.444911  0.00154955    0.805191    0.602025
  0.00826948   -0.444911  0.00154955    0.805191    0.602025
  0.00814544   -0.444911  0.00154955    0.805191    0.602025
  0.00802326   -0.444911  0.00154955    0.805191    0.602025
  0.00790291   -0.444911  0.00154955    0.805191    0.602025
  0.00778436   -0.436225  0.00182216    0.841779    0.599187
   0.0076676   -0.436225  0.00182216    0.841779    0.599187
  0.00755259   -0.436225  0.00182216    0.841779    0.599187
   0.0074393    -0.44373   0.0014546    0.797948    0.612936
  0.00732771   -0.429138  0.00221327    0.844234     0.64467
  0.00721779   -0.445453  0.00116187    0.799458    0.629011
  0.00710952   -0.445453  0.00116187    0.799458    0.629011
  0.00700288   -0.445453  0.00116187    0.799458    0.629011
  0.00689784   -0.445453  0.00116187    0.799458    0.629011
  0.00679437   -0.445453  0.00116187    0.799458    0.629011
  0.00669246   -0.445453  0.00116187    0.799458    0.629011
  0.00659207   -0.440718   0.0016028    0.766905    0.624263
  0.00649319   -0.440718   0.0016028    0.766905    0.624263
  0.00639579   -0.440718   0.0016028    0.766905    0.624263
  0.00629985   -0.440718   0.0016028    0.766905    0.624263
  0.00620536   -0.440718   0.0016028    0.766905    0.624263
  0.00611227   -0.440718   0.0016028    0.766905    0.624263
  0.00602059   -0.438022  0.00171707    0.761252    0.621094
  0.00593028   -0.444292  0.00151348     0.80549    0.624052
  0.00584133   -0.445232  0.00177076    0.796576    0.626264
  0.00575371   -0.445232  0.00177076    0.796576    0.626264
   0.0056674   -0.445232  0.00177076    0.796576    0.626264
  0.00558239   -0.446652  0.00152132    0.800628    0.610445
  0.00549866    -0.43904  0.00241594    0.832731    0.608389
  0.00541618    -0.43904  0.00241594    0.832731    0.608389
  0.00533493   -0.439967  0.00192472    0.816866    0.599782
  0.00525491   -0.439967  0.00192472    0.816866    0.599782
  0.00517609    -0.44457  0.00198995    0.771901    0.617706
  0.00509844    -0.44457  0.00198995    0.771901    0.617706
  0.00502197    -0.44457  0.00198995    0.771901    0.617706
  0.00494664    -0.44457  0.00198995    0.771901    0.617706
  0.00487244    -0.44457  0.00198995    0.771901    0.617706
  0.00479935    -0.44457  0.00198995    0.771901    0.617706
  0.00472736    -0.44457  0.00198995    0.771901    0.617706
  0.00465645   -0.441342  0.00135779    0.803195    0.613653
   0.0045866    -0.43809  0.00174703    0.831002    0.592701
  0.00451781    -0.43809  0.00174703    0.831002    0.592701
  0.00445004   -0.444055   0.0025645    0.796667     0.61784
  0.00438329   -0.444055   0.0025645    0.796667     0.61784
  0.00431754   -0.444055   0.0025645    0.796667     0.61784
  0.00425278   -0.444055   0.0025645    0.796667     0.61784
  0.00418898   -0.444055   0.0025645    0.796667     0.61784
  0.00412615   -0.441755  0.00174692    0.777014    0.633816
  0.00406426   -0.441755  0.00174692    0.777014    0.633816
  0.00400329   -0.441755  0.00174692    0.777014    0.633816
  0.00394324   -0.441755  0.00174692    0.777014    0.633816
  0.00388409   -0.441755  0.00174692    0.777014    0.633816
  0.00382583   -0.438101  0.00221716    0.797764    0.587086
  0.00376845   -0.438101  0.00221716    0.797764    0.587086
  0.00371192    -0.43704  0.00213077      0.8278    0.594894
  0.00365624    -0.43704  0.00213077      0.8278    0.594894
   0.0036014    -0.43704  0.00213077      0.8278    0.594894
  0.00354738    -0.43704  0.00213077      0.8278    0.594894
  0.00349416   -0.440408  0.00234723    0.820114    0.618285
  0.00344175   -0.440408  0.00234723    0.820114    0.618285
  0.00339013   -0.440408  0.00234723    0.820114    0.618285
  0.00333927   -0.440408  0.00234723    0.820114    0.618285
  0.00328919   -0.440408  0.00234723    0.820114    0.618285
  0.00323985   -0.440408  0.00234723    0.820114    0.618285
  0.00319125   -0.440408  0.00234723    0.820114    0.618285
  0.00314338   -0.440408  0.00234723    0.820114    0.618285
  0.00309623   -0.440078  0.00237679    0.783755    0.637567
  0.00304979   -0.437804  0.00198924    0.775334    0.638933
  0.00300404   -0.437804  0.00198924    0.775334    0.638933
  0.00295898   -0.437804  0.00198924    0.775334    0.638933
  0.00291459   -0.437804  0.00198924    0.775334    0.638933
  0.00287088   -0.437804  0.00198924    0.775334    0.638933
  0.00282781   -0.437804  0.00198924    0.775334    0.638933
   0.0027854   -0.437804  0.00198924    0.775334    0.638933
  0.00274361   -0.437648  0.00197503    0.764993    0.590706
  0.00270246   -0.437648  0.00197503    0.764993    0.590706
  0.00266192   -0.437648  0.00197503    0.764993    0.590706
  0.00262199   -0.437648  0.00197503    0.764993    0.590706
  0.00258266   -0.437648  0.00197503    0.764993    0.590706
  0.00254392   -0.437648  0.00197503    0.764993    0.590706
  0.00250577   -0.437648  0.00197503    0.764993    0.590706
  0.00246818   -0.444853  0.00249795    0.814118    0.601494
  0.00243116   -0.444853  0.00249795    0.814118    0.601494
  0.00239469   -0.444853  0.00249795    0.814118    0.601494
  0.00235877   -0.445493  0.00160915    0.805047    0.635502
  0.00232339   -0.445493  0.00160915    0.805047    0.635502
  0.00228854   -0.445493  0.00160915    0.805047    0.635502
  0.00225421   -0.445493  0.00160915    0.805047    0.635502
   0.0022204   -0.445493  0.00160915    0.805047    0.635502
  0.00218709   -0.445493  0.00160915    0.805047    0.635502
  0.00215428   -0.445493  0.00160915    0.805047    0.635502
  0.00212197   -0.445493  0.00160915    0.805047    0.635502
  0.00209014   -0.445493  0.00160915    0.805047    0.635502
  0.00205879   -0.445493  0.00160915    0.805047    0.635502
  0.00202791    -0.44568  0.00145505    0.781912    0.614853
  0.00199749    -0.44568  0.00145505    0.781912    0.614853
  0.00196752    -0.44568  0.00145505    0.781912    0.614853
  0.00193801    -0.44568  0.00145505    0.781912    0.614853
  0.00190894   -0.443058  0.00221391     0.78942    0.620247
  0.00188031   -0.443058  0.00221391     0.78942    0.620247
   0.0018521   -0.441573  0.00170375    0.771796    0.616328
  0.00182432   -0.441573  0.00170375    0.771796    0.616328
  0.00179696     -0.4436  0.00145574    0.795425    0.597943
     0.00177     -0.4436  0.00145574    0.795425    0.597943
  0.00174345     -0.4436  0.00145574    0.795425    0.597943
   0.0017173     -0.4436  0.00145574    0.795425    0.597943
  0.00169154     -0.4436  0.00145574    0.795425    0.597943
  0.00166617     -0.4436  0.00145574    0.795425    0.597943
  0.00164118     -0.4436  0.00145574    0.795425    0.597943
  0.00161656   -0.444104  0.00212842     0.81625    0.611871
  0.00159231   -0.444104  0.00212842     0.81625    0.611871
  0.00156842   -0.444104  0.00212842     0.81625    0.611871
   0.0015449   -0.444104  0.00212842     0.81625    0.611871
  0.00152172   -0.444104  0.00212842     0.81625    0.611871
   0.0014989   -0.444104  0.00212842     0.81625    0.611871
  0.00147642   -0.444104  0.00212842     0.81625    0.611871
  0.00145427   -0.444104  0.00212842     0.81625    0.611871
  0.00143246   -0.444104  0.00212842     0.81625    0.611871
  0.00141097   -0.444104  0.00212842     0.81625    0.611871
   0.0013898   -0.442766  0.00141813    0.786641    0.612846
  0.00136896   -0.442766  0.00141813    0.786641    0.612846
  0.00134842   -0.442766  0.00141813    0.786641    0.612846
   0.0013282   -0.442766  0.00141813    0.786641    0.612846
  0.00130827   -0.441628  0.00193715    0.816779    0.595946
  0.00128865   -0.441628  0.00193715    0.816779    0.595946
  0.00126932   -0.441628  0.00193715    0.816779    0.595946
  0.00125028   -0.441628  0.00193715    0.816779    0.595946
  0.00123153   -0.442409  0.00159102    0.801164    0.618307
  0.00121305   -0.442409  0.00159102    0.801164    0.618307
  0.00119486   -0.442409  0.00159102    0.801164    0.618307
  0.00117693   -0.442409  0.00159102    0.801164    0.618307
  0.00115928   -0.442409  0.00159102    0.801164    0.618307
  0.00114189   -0.442409  0.00159102    0.801164    0.618307
  0.00112476   -0.442409  0.00159102    0.801164    0.618307
  0.00110789   -0.442409  0.00159102    0.801164    0.618307
  0.00109127   -0.441853  0.00200054    0.817803    0.620224
   0.0010749   -0.441853  0.00200054    0.817803    0.620224
  0.00105878   -0.442162  0.00169794    0.813885    0.604783
   0.0010429   -0.442162  0.00169794    0.813885    0.604783
  0.00102725   -0.442162  0.00169794    0.813885    0.604783
  0.00101185   -0.442162  0.00169794    0.813885    0.604783
 0.000996668   -0.442162  0.00169794    0.813885    0.604783
 0.000981718   -0.442162  0.00169794    0.813885    0.604783
 0.000966992   -0.442162  0.00169794    0.813885    0.604783
 0.000952487   -0.444536  0.00130469    0.794304    0.625473
   0.0009382   -0.444536  0.00130469    0.794304    0.625473
 0.000924127   -0.444536  0.00130469    0.794304    0.625473
 0.000910265   -0.444536  0.00130469    0.794304    0.625473
 0.000896611   -0.444536  0.00130469    0.794304    0.625473
 0.000883162   -0.444536  0.00130469    0.794304    0.625473
 0.000869915   -0.444536  0.00130469    0.794304    0.625473
 0.000856866   -0.444536  0.00130469    0.794304    0.625473
 0.000844013   -0.444536  0.00130469    0.794304    0.625473
 0.000831353   -0.444536  0.00130469    0.794304    0.625473
 0.000818882   -0.444536  0.00130469    0.794304    0.625473
 0.000806599   -0.444536  0.00130469    0.794304    0.625473
   0.0007945   -0.444536  0.00130469    0.794304    0.625473
 0.000782583   -0.440705   0.0019008    0.804403    0.644886
 0.000770844   -0.440705   0.0019008    0.804403    0.644886
 0.000759281   -0.440705   0.0019008    0.804403    0.644886
 0.000747892   -0.443182  0.00228624    0.832807    0.629477
 0.000736674   -0.443182  0.00228624    0.832807    0.629477
 0.000725624   -0.443182  0.00228624    0.832807    0.629477
 0.000714739   -0.443182  0.00228624    0.832807    0.629477
 0.000704018   -0.443182  0.00228624    0.832807    0.629477
 0.000693458   -0.443182  0.00228624    0.832807    0.629477
 0.000683056   -0.442853  0.00205703    0.816685    0.624399
  0.00067281   -0.442853  0.00205703    0.816685    0.624399
 0.000662718   -0.442853  0.00205703    0.816685    0.624399
 0.000652777   -0.442853  0.00205703    0.816685    0.624399
 0.000642986   -0.442853  0.00205703    0.816685    0.624399
 0.000633341   -0.442853  0.00205703    0.816685    0.624399
 0.000623841   -0.442853  0.00205703    0.816685    0.624399
 0.000614483   -0.442853  0.00205703    0.816685    0.624399
 0.000605266   -0.442853  0.00205703    0.816685    0.624399
 0.000596187   -0.443751  0.00182221    0.787411     0.63245
 0.000587244   -0.443751  0.00182221    0.787411     0.63245
 0.000578435   -0.443751  0.00182221    0.787411     0.63245
 0.000569759   -0.443751  0.00182221    0.787411     0.63245
 0.000561212   -0.443751  0.00182221    0.787411     0.63245
 0.000552794   -0.443751  0.00182221    0.787411     0.63245
 0.000544502   -0.443751  0.00182221    0.787411     0.63245
 0.000536335   -0.443751  0.00182221    0.787411     0.63245
  0.00052829   -0.443751  0.00182221    0.787411     0.63245
 0.000520365   -0.443751  0.00182221    0.787411     0.63245
  0.00051256   -0.444872  0.00203255     0.80638     0.61309
 0.000504872   -0.444872  0.00203255     0.80638     0.61309
 0.000497298   -0.444872  0.00203255     0.80638     0.61309
 0.000489839   -0.444872  0.00203255     0.80638     0.61309
 0.000482491   -0.444872  0.00203255     0.80638     0.61309
 0.000475254   -0.444872  0.00203255     0.80638     0.61309
 0.000468125   -0.444872  0.00203255     0.80638     0.61309
 0.000461103   -0.444872  0.00203255     0.80638     0.61309
 0.000454187   -0.444872  0.00203255     0.80638     0.61309
 0.000447374   -0.444872  0.00203255     0.80638     0.61309
 0.000440663   -0.444872  0.00203255     0.80638     0.61309
 0.000434053   -0.444872  0.00203255     0.80638     0.61309
 0.000427543   -0.444872  0.00203255     0.80638     0.61309
  0.00042113   -0.444872  0.00203255     0.80638     0.61309
 0.000414813   -0.444872  0.00203255     0.80638     0.61309
  0.00040859   -0.444872  0.00203255     0.80638     0.61309
 0.000402462   -0.444872  0.00203255     0.80638     0.61309
 0.000396425   -0.444872  0.00203255     0.80638     0.61309
 0.000390478   -0.444872  0.00203255     0.80638     0.61309
 0.000384621   -0.444872  0.00203255     0.80638     0.61309
 0.000378852   -0.444872  0.00203255     0.80638     0.61309
 0.000373169   -0.444872  0.00203255     0.80638     0.61309
 0.000367571   -0.444872  0.00203255     0.80638     0.61309
 0.000362058   -0.444872  0.00203255     0.80638     0.61309
 0.000356627   -0.444872  0.00203255     0.80638     0.61309
 0.000351278   -0.444872  0.00203255     0.80638     0.61309
 0.000346008   -0.444872  0.00203255     0.80638     0.61309
 0.000340818   -0.444872  0.00203255     0.80638     0.61309
 0.000335706   -0.444872  0.00203255     0.80638     0.61309
  0.00033067   -0.444872  0.00203255     0.80638     0.61309
  0.00032571   -0.444872  0.00203255     0.80638     0.61309
 0.000320825   -0.444872  0.00203255     0.80638     0.61309
 0.000316012   -0.444872  0.00203255     0.80638     0.61309
 0.000311272   -0.444872  0.00203255     0.80638     0.61309
 0.000306603   -0.444872  0.00203255     0.80638     0.61309
 0.000302004   -0.444872  0.00203255     0.80638     0.61309
 0.000297474   -0.444872  0.00203255     0.80638     0.61309
 0.000293012   -0.444872  0.00203255     0.80638     0.61309
 0.000288617   -0.444872  0.00203255     0.80638     0.61309
 0.000284287   -0.444872  0.00203255     0.80638     0.61309
 0.000280023   -0.444872  0.00203255     0.80638     0.61309
 0.000275823   -0.444872  0.00203255     0.80638     0.61309
 0.000271685   -0.446601  0.00202785    0.810316    0.619834
  0.00026761   -0.446601  0.00202785    0.810316    0.619834
 0.000263596   -0.446601  0.00202785    0.810316    0.619834
 0.000259642   -0.446601  0.00202785    0.810316    0.619834
 0.000255747   -0.446601  0.00202785    0.810316    0.619834
 0.000251911   -0.446601  0.00202785    0.810316    0.619834
 0.000248133   -0.446601  0.00202785    0.810316    0.619834
 0.000244411   -0.446601  0.00202785    0.810316    0.619834
 0.000240744   -0.446601  0.00202785    0.810316    0.619834
 0.000237133   -0.446601  0.00202785    0.810316    0.619834
 0.000233576   -0.446601  0.00202785    0.810316    0.619834
 0.000230073   -0.446601  0.00202785    0.810316    0.619834
 0.000226622   -0.446601  0.00202785    0.810316    0.619834
 0.000223222   -0.446601  0.00202785    0.810316    0.619834
 0.000219874   -0.446601  0.00202785    0.810316    0.619834
 0.000216576   -0.446601  0.00202785    0.810316    0.619834
 0.000213327   -0.446601  0.00202785    0.810316    0.619834
 0.000210127   -0.446601  0.00202785    0.810316    0.619834
 0.000206975   -0.446601  0.00202785    0.810316    0.619834
 0.000203871   -0.446601  0.00202785    0.810316    0.619834
 0.000200813   -0.446601  0.00202785    0.810316    0.619834
   0.0001978   -0.446601  0.00202785    0.810316    0.619834
 0.000194833   -0.446601  0.00202785    0.810316    0.619834
 0.000191911   -0.446601  0.00202785    0.810316    0.619834
 0.000189032   -0.446601  0.00202785    0.810316    0.619834
 0.000186197   -0.446601  0.00202785    0.810316    0.619834
 0.000183404   -0.446601  0.00202785    0.810316    0.619834
 0.000180653   -0.446601  0.00202785    0.810316    0.619834
 0.000177943   -0.446601  0.00202785    0.810316    0.619834
 0.000175274   -0.446601  0.00202785    0.810316    0.619834
 0.000172645   -0.446601  0.00202785    0.810316    0.619834
 0.000170055   -0.446601  0.00202785    0.810316    0.619834
 0.000167504   -0.446601  0.00202785    0.810316    0.619834
 0.000164992   -0.446601  0.00202785    0.810316    0.619834
 0.000162517   -0.446601  0.00202785    0.810316    0.619834
 0.000160079   -0.446601  0.00202785    0.810316    0.619834
 0.000157678   -0.446601  0.00202785    0.810316    0.619834
 0.000155313   -0.446601  0.00202785    0.810316    0.619834
 0.000152983   -0.446601  0.00202785    0.810316    0.619834
 0.000150688   -0.446601  0.00202785    0.810316    0.619834
 0.000148428   -0.446601  0.00202785    0.810316    0.619834
 0.000146201   -0.446601  0.00202785    0.810316    0.619834
 0.000144008   -0.446601  0.00202785    0.810316    0.619834
 0.000141848   -0.446601  0.00202785    0.810316    0.619834
 0.000139721   -0.446601  0.00202785    0.810316    0.619834
 0.000137625   -0.446601  0.00202785    0.810316    0.619834
  0.00013556   -0.446601  0.00202785    0.810316    0.619834
 0.000133527   -0.446601  0.00202785    0.810316    0.619834
 0.000131524   -0.446601  0.00202785    0.810316    0.619834
 0.000129551   -0.446601  0.00202785    0.810316    0.619834
 0.000127608   -0.446601  0.00202785    0.810316    0.619834
 0.000125694   -0.446601  0.00202785    0.810316    0.619834
 0.000123808   -0.446601  0.00202785    0.810316    0.619834
 0.000121951   -0.446601  0.00202785    0.810316    0.619834
 0.000120122   -0.446601  0.00202785    0.810316    0.619834
  0.00011832   -0.446601  0.00202785    0.810316    0.619834
 0.000116545   -0.446601  0.00202785    0.810316    0.619834
 0.000114797   -0.446601  0.00202785    0.810316    0.619834
 0.000113075   -0.446601  0.00202785    0.810316    0.619834
 0.000111379   -0.446601  0.00202785    0.810316    0.619834
 0.000109708   -0.446601  0.00202785    0.810316    0.619834
 0.000108063   -0.446601  0.00202785    0.810316    0.619834
 0.000106442   -0.446601  0.00202785    0.810316    0.619834
 0.000104845   -0.446601  0.00202785    0.810316    0.619834
 0.000103273   -0.446601  0.00202785    0.810316    0.619834
 0.000101724   -0.446601  0.00202785    0.810316    0.619834
 0.000100198   -0.446601  0.00202785    0.810316    0.619834
 9.86947e-05   -0.446601  0.00202785    0.810316    0.619834
 9.72143e-05   -0.446601  0.00202785    0.810316    0.619834
 9.57561e-05   -0.446601  0.00202785    0.810316    0.619834
 9.43197e-05   -0.446601  0.00202785    0.810316    0.619834
 9.29049e-05   -0.446601  0.00202785    0.810316    0.619834
 9.15113e-05   -0.446601  0.00202785    0.810316    0.619834
 9.01387e-05   -0.446601  0.00202785    0.810316    0.619834
 8.87866e-05   -0.446601  0.00202785    0.810316    0.619834
 8.74548e-05   -0.446601  0.00202785    0.810316    0.619834
  8.6143e-05   -0.446686  0.00156554    0.794858    0.627211
 8.48508e-05   -0.446686  0.00156554    0.794858    0.627211
 8.35781e-05   -0.446686  0.00156554    0.794858    0.627211
 8.23244e-05   -0.446686  0.00156554    0.794858    0.627211
 8.10895e-05   -0.446686  0.00156554    0.794858    0.627211
 7.98732e-05   -0.446686  0.00156554    0.794858    0.627211
 7.86751e-05   -0.446686  0.00156554    0.794858    0.627211
  7.7495e-05   -0.446686  0.00156554    0.794858    0.627211
 7.63325e-05   -0.446686  0.00156554    0.794858    0.627211
 7.51876e-05   -0.446686  0.00156554    0.794858    0.627211
 7.40597e-05   -0.446686  0.00156554    0.794858    0.627211
 7.29488e-05   -0.446686  0.00156554    0.794858    0.627211
 7.18546e-05   -0.446686  0.00156554    0.794858    0.627211
 7.07768e-05   -0.446686  0.00156554    0.794858    0.627211
 6.97151e-05   -0.446686  0.00156554    0.794858    0.627211
 6.86694e-05   -0.446686  0.00156554    0.794858    0.627211
 6.76394e-05   -0.446686  0.00156554    0.794858    0.627211
 6.66248e-05   -0.446686  0.00156554    0.794858    0.627211
 6.56254e-05   -0.446686  0.00156554    0.794858    0.627211
  6.4641e-05   -0.446686  0.00156554    0.794858    0.627211
 6.36714e-05   -0.446686  0.00156554    0.794858    0.627211
 6.27163e-05   -0.446686  0.00156554    0.794858    0.627211
 6.17756e-05   -0.446686  0.00156554    0.794858    0.627211
  6.0849e-05   -0.446686  0.00156554    0.794858    0.627211
 5.99362e-05   -0.446686  0.00156554    0.794858    0.627211
 5.90372e-05   -0.446686  0.00156554    0.794858    0.627211
 5.81516e-05   -0.446686  0.00156554    0.794858    0.627211
 5.72794e-05   -0.446865  0.00208982    0.802902    0.616052
 5.64202e-05   -0.446865  0.00208982    0.802902    0.616052
 5.55739e-05   -0.447538  0.00201495     0.82332     0.61395
 5.47403e-05   -0.447538  0.00201495     0.82332     0.61395
 5.39191e-05   -0.447538  0.00201495     0.82332     0.61395
 5.31104e-05   -0.447538  0.00201495     0.82332     0.61395
 5.23137e-05   -0.447538  0.00201495     0.82332     0.61395
  5.1529e-05   -0.447538  0.00201495     0.82332     0.61395
 5.07561e-05   -0.447538  0.00201495     0.82332     0.61395
 4.99947e-05   -0.447538  0.00201495     0.82332     0.61395
 4.92448e-05   -0.447538  0.00201495     0.82332     0.61395
 4.85061e-05   -0.447538  0.00201495     0.82332     0.61395
 4.77785e-05   -0.447538  0.00201495     0.82332     0.61395
 4.70619e-05   -0.447538  0.00201495     0.82332     0.61395
 4.63559e-05   -0.447538  0.00201495     0.82332     0.61395
 4.56606e-05   -0.447538  0.00201495     0.82332     0.61395
 4.49757e-05   -0.447538  0.00201495     0.82332     0.61395
  4.4301e-05   -0.447538  0.00201495     0.82332     0.61395
 4.36365e-05   -0.447538  0.00201495     0.82332     0.61395
  4.2982e-05   -0.447538  0.00201495     0.82332     0.61395
 4.23373e-05   -0.447538  0.00201495     0.82332     0.61395
 4.17022e-05   -0.447538  0.00201495     0.82332     0.61395
 4.10767e-05   -0.447538  0.00201495     0.82332     0.61395
 4.04605e-05   -0.447538  0.00201495     0.82332     0.61395
 3.98536e-05   -0.447538  0.00201495     0.82332     0.61395
 3.92558e-05   -0.447538  0.00201495     0.82332     0.61395
  3.8667e-05   -0.447538  0.00201495     0.82332     0.61395
  3.8087e-05   -0.447538  0.00201495     0.82332     0.61395
 3.75157e-05   -0.447538  0.00201495     0.82332     0.61395
 3.69529e-05   -0.447538  0.00201495     0.82332     0.61395
 3.63986e-05   -0.447538  0.00201495     0.82332     0.61395
 3.58526e-05   -0.447538  0.00201495     0.82332     0.61395
 3.53149e-05   -0.447538  0.00201495     0.82332     0.61395
 3.47851e-05   -0.447538  0.00201495     0.82332     0.61395
 3.42634e-05   -0.447538  0.00201495     0.82332     0.61395
 3.37494e-05   -0.447538  0.00201495     0.82332     0.61395
 3.32432e-05   -0.447538  0.00201495     0.82332     0.61395
 3.27445e-05   -0.447538  0.00201495     0.82332     0.61395
 3.22534e-05   -0.447538  0.00201495     0.82332     0.61395
 3.17696e-05   -0.447538  0.00201495     0.82332     0.61395
  3.1293e-05   -0.447538  0.00201495     0.82332     0.61395
 3.08236e-05   -0.447538  0.00201495     0.82332     0.61395
 3.03613e-05   -0.447538  0.00201495     0.82332     0.61395
 2.99058e-05   -0.447538  0.00201495     0.82332     0.61395
 2.94573e-05   -0.447538  0.00201495     0.82332     0.61395
 2.90154e-05   -0.447538  0.00201495     0.82332     0.61395
 2.85802e-05   -0.447538  0.00201495     0.82332     0.61395
 2.81515e-05   -0.447538  0.00201495     0.82332     0.61395
 2.77292e-05   -0.447538  0.00201495     0.82332     0.61395
 2.73133e-05   -0.447538  0.00201495     0.82332     0.61395
 2.69036e-05   -0.447538  0.00201495     0.82332     0.61395
    2.65e-05   -0.447538  0.00201495     0.82332     0.61395
 2.61025e-05   -0.447538  0.00201495     0.82332     0.61395
  2.5711e-05   -0.447538  0.00201495     0.82332     0.61395
 2.53253e-05   -0.447538  0.00201495     0.82332     0.61395
 2.49454e-05   -0.447538  0.00201495     0.82332     0.61395
 2.45712e-05   -0.447538  0.00201495     0.82332     0.61395
 2.42027e-05   -0.447538  0.00201495     0.82332     0.61395
 2.38396e-05   -0.447538  0.00201495     0.82332     0.61395
  2.3482e-05   -0.447538  0.00201495     0.82332     0.61395
 2.31298e-05   -0.447538  0.00201495     0.82332     0.61395
 2.27829e-05   -0.447538  0.00201495     0.82332     0.61395
 2.24411e-05   -0.447538  0.00201495     0.82332     0.61395
 2.21045e-05   -0.447538  0.00201495     0.82332     0.61395
 2.17729e-05   -0.447538  0.00201495     0.82332     0.61395
 2.14463e-05   -0.447538  0.00201495     0.82332     0.61395
 2.11246e-05   -0.447538  0.00201495     0.82332     0.61395
 2.08078e-05   -0.447538  0.00201495     0.82332     0.61395
 2.04957e-05   -0.447538  0.00201495     0.82332     0.61395
 2.01882e-05   -0.447538  0.00201495     0.82332     0.61395
 1.98854e-05   -0.447538  0.00201495     0.82332     0.61395
 1.95871e-05   -0.447538  0.00201495     0.82332     0.61395
 1.92933e-05   -0.447538  0.00201495     0.82332     0.61395
 1.90039e-05   -0.447538  0.00201495     0.82332     0.61395
 1.87188e-05   -0.447538  0.00201495     0.82332     0.61395
 1.84381e-05   -0.447538  0.00201495     0.82332     0.61395
 1.81615e-05   -0.447538  0.00201495     0.82332     0.61395
 1.78891e-05   -0.447538  0.00201495     0.82332     0.61395
 1.76207e-05   -0.447538  0.00201495     0.82332     0.61395
 1.73564e-05   -0.447538  0.00201495     0.82332     0.61395
 1.70961e-05   -0.447538  0.00201495     0.82332     0.61395
 1.68396e-05   -0.447538  0.00201495     0.82332     0.61395
  1.6587e-05   -0.447538  0.00201495     0.82332     0.61395
 1.63382e-05   -0.447538  0.00201495     0.82332     0.61395
 1.60932e-05   -0.447538  0.00201495     0.82332     0.61395
 1.58518e-05   -0.447538  0.00201495     0.82332     0.61395
  1.5614e-05   -0.447538  0.00201495     0.82332     0.61395
 1.53798e-05   -0.447538  0.00201495     0.82332     0.61395
 1.51491e-05   -0.447538  0.00201495     0.82332     0.61395
 1.49218e-05   -0.447538  0.00201495     0.82332     0.61395
  1.4698e-05   -0.447538  0.00201495     0.82332     0.61395
 1.44776e-05   -0.447538  0.00201495     0.82332     0.61395
 1.42604e-05   -0.447538  0.00201495     0.82332     0.61395
 1.40465e-05   -0.447538  0.00201495     0.82332     0.61395
 1.38358e-05   -0.447538  0.00201495     0.82332     0.61395
 1.36282e-05   -0.447538  0.00201495     0.82332     0.61395
 1.34238e-05   -0.447538  0.00201495     0.82332     0.61395
 1.32225e-05   -0.447538  0.00201495     0.82332     0.61395
 1.30241e-05   -0.447538  0.00201495     0.82332     0.61395
 1.28288e-05   -0.447538  0.00201495     0.82332     0.61395
 1.26363e-05   -0.447538  0.00201495     0.82332     0.61395
 1.24468e-05   -0.447538  0.00201495     0.82332     0.61395
 1.22601e-05   -0.447538  0.00201495     0.82332     0.61395
 1.20762e-05   -0.447538  0.00201495     0.82332     0.61395
  1.1895e-05   -0.447538  0.00201495     0.82332     0.61395
 1.17166e-05   -0.447538  0.00201495     0.82332     0.61395
 1.15409e-05   -0.447538  0.00201495     0.82332     0.61395
 1.13678e-05   -0.447538  0.00201495     0.82332     0.61395
 1.11972e-05   -0.447538  0.00201495     0.82332     0.61395
 1.10293e-05   -0.447538  0.00201495     0.82332     0.61395
 1.08638e-05   -0.447538  0.00201495     0.82332     0.61395
 1.07009e-05   -0.447538  0.00201495     0.82332     0.61395
 1.05404e-05   -0.447538  0.00201495     0.82332     0.61395
 1.03823e-05   -0.447538  0.00201495     0.82332     0.61395
 1.02265e-05   -0.447538  0.00201495     0.82332     0.61395
 1.00731e-05   -0.447538  0.00201495     0.82332     0.61395
 9.92204e-06   -0.447538  0.00201495     0.82332     0.61395
 9.77321e-06   -0.447538  0.00201495     0.82332     0.61395
 9.62661e-06   -0.447538  0.00201495     0.82332     0.61395
 9.48221e-06   -0.447538  0.00201495     0.82332     0.61395
 9.33998e-06   -0.447538  0.00201495     0.82332     0.61395
 9.19988e-06   -0.447538  0.00201495     0.82332     0.61395
 9.06188e-06   -0.447538  0.00201495     0.82332     0.61395
 8.92595e-06   -0.447538  0.00201495     0.82332     0.61395
 8.79206e-06   -0.447538  0.00201495     0.82332     0.61395
 8.66018e-06   -0.447538  0.00201495     0.82332     0.61395
 8.53028e-06   -0.447538  0.00201495     0.82332     0.61395
 8.40232e-06   -0.447538  0.00201495     0.82332     0.61395
 8.27629e-06   -0.447538  0.00201495     0.82332     0.61395
 8.15214e-06   -0.447538  0.00201495     0.82332     0.61395
 8.02986e-06   -0.447538  0.00201495     0.82332     0.61395
 7.90941e-06   -0.447538  0.00201495     0.82332     0.61395
 7.79077e-06   -0.447538  0.00201495     0.82332     0.61395
 7.67391e-06   -0.447538  0.00201495     0.82332     0.61395
  7.5588e-06   -0.447538  0.00201495     0.82332     0.61395
 7.44542e-06   -0.447538  0.00201495     0.82332     0.61395
 7.33374e-06   -0.447538  0.00201495     0.82332     0.61395
 7.22373e-06   -0.447538  0.00201495     0.82332     0.61395
 7.11538e-06   -0.447538  0.00201495     0.82332     0.61395
 7.00865e-06   -0.447538  0.00201495     0.82332     0.61395
 6.90352e-06   -0.447538  0.00201495     0.82332     0.61395
 6.79996e-06   -0.447538  0.00201495     0.82332     0.61395
 6.69796e-06   -0.447538  0.00201495     0.82332     0.61395
 6.59749e-06   -0.447538  0.00201495     0.82332     0.61395
 6.49853e-06   -0.447538  0.00201495     0.82332     0.61395
 6.40105e-06   -0.447538  0.00201495     0.82332     0.61395
 6.30504e-06   -0.447538  0.00201495     0.82332     0.61395
 6.21046e-06   -0.447538  0.00201495     0.82332     0.61395
 6.11731e-06   -0.448061  0.00191223    0.800714    0.617818
 6.02555e-06   -0.448061  0.00191223    0.800714    0.617818
 5.93516e-06   -0.448061  0.00191223    0.800714    0.617818
 5.84614e-06   -0.448061  0.00191223    0.800714    0.617818
 5.75844e-06   -0.448061  0.00191223    0.800714    0.617818
 5.67207e-06   -0.448061  0.00191223    0.800714    0.617818
 5.58699e-06   -0.448061  0.00191223    0.800714    0.617818
 5.50318e-06   -0.448061  0.00191223    0.800714    0.617818
 5.42063e-06   -0.448061  0.00191223    0.800714    0.617818
 5.33932e-06   -0.448061  0.00191223    0.800714    0.617818
 5.25923e-06   -0.448061  0.00191223    0.800714    0.617818
 5.18035e-06   -0.448061  0.00191223    0.800714    0.617818
 5.10264e-06   -0.448061  0.00191223    0.800714    0.617818
  5.0261e-06   -0.448061  0.00191223    0.800714    0.617818
 4.95071e-06   -0.448061  0.00191223    0.800714    0.617818
 4.87645e-06   -0.448061  0.00191223    0.800714    0.617818
  4.8033e-06   -0.448061  0.00191223    0.800714    0.617818
 4.73125e-06   -0.448061  0.00191223    0.800714    0.617818
 4.66028e-06   -0.448061  0.00191223    0.800714    0.617818
 4.59038e-06   -0.448061  0.00191223    0.800714    0.617818
 4.52152e-06   -0.448061  0.00191223    0.800714    0.617818
  4.4537e-06   -0.449661  0.00145851    0.802098    0.607753
  4.3869e-06   -0.449661  0.00145851    0.802098    0.607753
 4.32109e-06   -0.449661  0.00145851    0.802098    0.607753
 4.25628e-06   -0.449661  0.00145851    0.802098    0.607753
 4.19243e-06   -0.449661  0.00145851    0.802098    0.607753
 4.12955e-06   -0.449661  0.00145851    0.802098    0.607753
  4.0676e-06   -0.449661  0.00145851    0.802098    0.607753
 4.00659e-06   -0.449661  0.00145851    0.802098    0.607753
 3.94649e-06   -0.449661  0.00145851    0.802098    0.607753
 3.88729e-06   -0.449661  0.00145851    0.802098    0.607753
 3.82898e-06   -0.449661  0.00145851    0.802098    0.607753
 3.77155e-06   -0.449661  0.00145851    0.802098    0.607753
 3.71497e-06   -0.449661  0.00145851    0.802098    0.607753
 3.65925e-06   -0.449661  0.00145851    0.802098    0.607753
 3.60436e-06   -0.449661  0.00145851    0.802098    0.607753
  3.5503e-06   -0.449661  0.00145851    0.802098    0.607753
 3.49704e-06   -0.449661  0.00145851    0.802098    0.607753
 3.44459e-06   -0.449661  0.00145851    0.802098    0.607753
 3.39292e-06   -0.449661  0.00145851    0.802098    0.607753
 3.34202e-06   -0.449661  0.00145851    0.802098    0.607753
 3.29189e-06   -0.449661  0.00145851    0.802098    0.607753
 3.24251e-06   -0.449661  0.00145851    0.802098    0.607753
 3.19388e-06   -0.449661  0.00145851    0.802098    0.607753
 3.14597e-06   -0.449661  0.00145851    0.802098    0.607753
 3.09878e-06   -0.449661  0.00145851    0.802098    0.607753
  3.0523e-06   -0.449661  0.00145851    0.802098    0.607753
 3.00651e-06   -0.449661  0.00145851    0.802098    0.607753
 2.96142e-06   -0.449661  0.00145851    0.802098    0.607753
 2.91699e-06   -0.449661  0.00145851    0.802098    0.607753
 2.87324e-06   -0.449661  0.00145851    0.802098    0.607753
 2.83014e-06   -0.449661  0.00145851    0.802098    0.607753
 2.78769e-06   -0.449661  0.00145851    0.802098    0.607753
 2.74587e-06   -0.449661  0.00145851    0.802098    0.607753
 2.70468e-06   -0.449661  0.00145851    0.802098    0.607753
 2.66411e-06   -0.449661  0.00145851    0.802098    0.607753
 2.62415e-06   -0.449661  0.00145851    0.802098    0.607753
 2.58479e-06   -0.449661  0.00145851    0.802098    0.607753
 2.54602e-06   -0.449661  0.00145851    0.802098    0.607753
 2.50783e-06   -0.449661  0.00145851    0.802098    0.607753
 2.47021e-06   -0.449661  0.00145851    0.802098    0.607753
 2.43316e-06   -0.449661  0.00145851    0.802098    0.607753
 2.39666e-06   -0.449661  0.00145851    0.802098    0.607753
 2.36071e-06   -0.449661  0.00145851    0.802098    0.607753
  2.3253e-06   -0.449661  0.00145851    0.802098    0.607753
 2.29042e-06   -0.449661  0.00145851    0.802098    0.607753
 2.25606e-06   -0.449661  0.00145851    0.802098    0.607753
 2.22222e-06   -0.449661  0.00145851    0.802098    0.607753
 2.18889e-06   -0.449661  0.00145851    0.802098    0.607753
 2.15606e-06   -0.449661  0.00145851    0.802098    0.607753
 2.12372e-06   -0.449661  0.00145851    0.802098    0.607753
 2.09186e-06   -0.449661  0.00145851    0.802098    0.607753
 2.06048e-06   -0.449661  0.00145851    0.802098    0.607753
 2.02957e-06   -0.449661  0.00145851    0.802098    0.607753
 1.99913e-06   -0.449661  0.00145851    0.802098    0.607753
 1.96914e-06   -0.449661  0.00145851    0.802098    0.607753
 1.93961e-06   -0.449661  0.00145851    0.802098    0.607753
 1.91051e-06   -0.449661  0.00145851    0.802098    0.607753
 1.88186e-06   -0.449661  0.00145851    0.802098    0.607753
 1.85363e-06   -0.449661  0.00145851    0.802098    0.607753
 1.82582e-06   -0.449661  0.00145851    0.802098    0.607753
 1.79844e-06   -0.449661  0.00145851    0.802098    0.607753
 1.77146e-06   -0.449661  0.00145851    0.802098    0.607753
 1.74489e-06   -0.449661  0.00145851    0.802098    0.607753
 1.71871e-06   -0.449661  0.00145851    0.802098    0.607753
 1.69293e-06   -0.449661  0.00145851    0.802098    0.607753
 1.66754e-06   -0.449661  0.00145851    0.802098    0.607753
 1.64253e-06   -0.449661  0.00145851    0.802098    0.607753
 1.61789e-06   -0.449661  0.00145851    0.802098    0.607753
 1.59362e-06   -0.449661  0.00145851    0.802098    0.607753
 1.56972e-06   -0.449661  0.00145851    0.802098    0.607753
 1.54617e-06   -0.449661  0.00145851    0.802098    0.607753
 1.52298e-06   -0.449661  0.00145851    0.802098    0.607753
 1.50013e-06   -0.449661  0.00145851    0.802098    0.607753
 1.47763e-06   -0.449661  0.00145851    0.802098    0.607753
 1.45547e-06   -0.449661  0.00145851    0.802098    0.607753
 1.43363e-06   -0.449661  0.00145851    0.802098    0.607753
 1.41213e-06   -0.449661  0.00145851    0.802098    0.607753
 1.39095e-06   -0.449661  0.00145851    0.802098    0.607753
 1.37008e-06   -0.449661  0.00145851    0.802098    0.607753
 1.34953e-06   -0.449661  0.00145851    0.802098    0.607753
 1.32929e-06   -0.449661  0.00145851    0.802098    0.607753
 1.30935e-06   -0.449661  0.00145851    0.802098    0.607753
 1.28971e-06   -0.449661  0.00145851    0.802098    0.607753
 1.27036e-06   -0.449661  0.00145851    0.802098    0.607753
 1.25131e-06   -0.449661  0.00145851    0.802098    0.607753
 1.23254e-06   -0.449661  0.00145851    0.802098    0.607753
 1.21405e-06   -0.449661  0.00145851    0.802098    0.607753
 1.19584e-06   -0.449661  0.00145851    0.802098    0.607753
  1.1779e-06   -0.449661  0.00145851    0.802098    0.607753
 1.16023e-06   -0.449661  0.00145851    0.802098    0.607753
 1.14283e-06   -0.449661  0.00145851    0.802098    0.607753
 1.12569e-06   -0.449661  0.00145851    0.802098    0.607753
  1.1088e-06   -0.449661  0.00145851    0.802098    0.607753
 1.09217e-06   -0.449661  0.00145851    0.802098    0.607753
 1.07579e-06   -0.449661  0.00145851    0.802098    0.607753
 1.05965e-06   -0.449661  0.00145851    0.802098    0.607753
 1.04376e-06   -0.449661  0.00145851    0.802098    0.607753
  1.0281e-06   -0.449661  0.00145851    0.802098    0.607753
 1.01268e-06   -0.449661  0.00145851    0.802098    0.607753
 9.97488e-07   -0.449661  0.00145851    0.802098    0.607753
