GEN:      BEST_LOSS:      AVERAGE_LOSS: 
0     32.3104     40.9812
1     32.3104       39.62
2     32.3104     38.6031
3     31.0494     37.8473
4     30.8561     37.0547
5     30.8561      36.292
6     28.3488     35.5617
7     28.3488     34.8909
8       27.52      34.243
9     25.4341     33.6589
10     25.4341     33.0802
11     23.7156     32.4797
12     23.6607     31.8496
13     23.6607     31.2651
14     23.6607     30.7407
15     23.6607     30.2501
16     23.6607     29.7235
17     23.6607     29.1742
18     23.6607      28.667
19     23.6607     28.0941
20     22.9314     27.6435
21      21.906     27.1842
22     19.8953     26.7378
23     19.8953      26.408
24     19.8953     26.0836
25     19.8953     25.7198
26     19.8953      25.436
27     19.8953     25.1485
28     19.8953     24.8394
29     19.8953     24.5341
30     19.8953     24.2478
31      19.091     23.9567
32     18.7028     23.6208
33     18.7028     23.3154
34     18.7028     23.0059
35     18.4083     22.7022
36     18.4083     22.4265
37     17.6948     22.1189
38     17.0723     21.7743
39     17.0723     21.4652
40     17.0723     21.1461
41     17.0723     20.8811
42     17.0723     20.6097
43     16.9888     20.2884
44     16.9888     20.0017
45     16.3514     19.7314
46     15.9227     19.4596
47     15.2103     19.1643
48     15.2103     18.9015
49     15.2103     18.6024
50     15.2103     18.3364
51     15.2103      18.091
52     14.2044     17.8161
53     14.2044     17.5521
54     14.2044     17.2817
55     14.2044     16.9956
56     13.1582     16.7353
57     13.1582     16.4465
58     13.1582     16.2125
59     13.1582     15.9754
60     13.1582     15.6976
61     13.1582     15.4693
62     13.1582     15.2867
63     12.9291      15.078
64     12.3932     14.8594
65     12.3932     14.6811
66     12.3932      14.488
67     12.3932     14.3086
68     12.3932      14.165
69     12.3932     14.0237
70     11.5973     13.8769
71     11.5973     13.7374
72     11.5973     13.5973
73     11.5973     13.4549
74     11.3005     13.3277
75     11.3005     13.1992
76     11.3005     13.0831
77     11.3005      12.965
78     11.3005     12.8491
79     11.2551     12.7472
80      11.051     12.6326
81      11.051     12.5079
82      11.051     12.3717
83     10.5868     12.2402
84     10.5868     12.1258
85     10.5868     12.0179
86     10.5868     11.9064
87     10.5868     11.7974
88     9.87945     11.6765
89     9.69805     11.5753
90     9.69805     11.4708
91     9.69805     11.3846
92     9.69805     11.2886
93     9.69805      11.188
94     9.69805     11.0983
95     9.69805     11.0012
96     9.51898     10.9046
97     9.51898     10.8172
98     9.51898     10.7403
99     9.51898     10.6687
100     9.51898      10.603
101     9.51898      10.543
102     9.51898     10.4941
103     9.51898     10.4427
104     9.51898     10.3706
105     9.51898     10.2936
106     9.51898     10.2307
107     9.51898     10.1797
108     9.51898     10.1118
109     9.50608     10.0266
110     9.50608     9.91422
111     9.50608     9.81209
112     9.47211     9.70793
113     9.41118     9.66541
114     9.41118     9.64374
115     9.41118     9.61748
116     9.41118     9.57721
117     9.40543     9.55844
118     9.40543     9.55179
119     9.38577     9.54437
120      9.3782     9.53287
121      9.3782     9.52266
122      9.3782     9.51834
123      9.3782      9.5163
124      9.3782     9.51307
125     9.37399     9.50829
126     9.37399     9.50222
127     9.37399     9.49749
128     9.32237     9.48961
129     9.32237     9.48431
130     9.32237     9.47651
131     9.32237     9.47071
132     9.31816     9.46284
133     9.31816     9.45159
134     9.31816     9.43537
135     9.31816     9.40943
136     9.31816     9.38708
137     9.31816     9.37864
138     9.31816     9.37578
139     9.31816      9.3723
140     9.31816     9.37027
141     9.31816     9.36754
142     9.31816     9.36282
143     9.31816     9.35649
144     9.31816     9.34549
145     9.31816     9.33673
146     9.31816     9.33074
147     9.31816     9.32541
148     9.31816     9.32252
149     9.31816     9.32083
150     9.31816     9.31985
151     9.31816     9.31835
152     9.31816     9.31816
153     9.31816     9.31816
154     9.31816     9.31816
155     9.31816     9.31816
156     9.31816     9.31816
157     9.31816     9.31816
158     9.31816     9.31816
159     9.31816     9.31816
160     9.31816     9.31816
161     9.31816     9.31816
162     9.31816     9.31816
163     9.31816     9.31816
164     9.31816     9.31816
165     9.18996      9.3179
166     9.18996      9.3179
167     9.18996      9.3179
168     9.18996      9.3179
169     9.18996      9.3179
170     9.18996      9.3179
171     9.18996      9.3179
172     9.18996      9.3179
173     9.18996      9.3179
174     9.18996     9.31765
175     9.18996     9.31739
176     9.18996     9.31739
177     9.18996     9.31739
178     9.18996     9.31714
179     9.18996     9.31714
180     9.18996     9.31714
181     9.18996     9.31714
182     9.18996     9.31714
183     9.18996     9.31714
184     9.18996     9.31714
185     9.18996     9.31714
186     9.18996     9.31714
187     9.15035      9.3168
188     9.15035     9.31629
189     9.15035     9.31629
190     9.15035     9.31629
191     9.15035     9.31629
192     9.15035     9.31629
193     9.15035     9.31629
194     9.15035     9.31603
195     9.15035     9.31603
196     9.15035     9.31603
197     9.15035     9.31603
198     9.15035     9.31603
199     9.15035     9.31603
200     9.15035     9.31603
201     9.15035     9.31603
202     9.15035     9.31603
203     9.15035     9.31577
204     9.15035     9.31552
205     9.15035     9.31552
206     9.15035     9.31552
207     9.15035     9.31552
208     9.15035     9.31552
209     9.15035     9.31552
210     9.15035     9.31552
211     9.15035     9.31552
212     9.15035     9.31552
213     9.15035     9.31526
214     9.15035     9.31526
215     9.15035     9.31526
216     9.15035     9.31526
217     9.15035       9.315
218     9.15035     9.31474
219     9.15035     9.31423
220     9.15035     9.31423
221     8.79976     9.31319
222     8.79976     9.31294
223     8.79976     9.31268
224     8.79976     9.31164
225     8.79976     9.31061
226     8.79976     9.31061
227     8.79976     9.30957
228     8.79976     9.30905
229     8.79976     9.30647
230     8.79976     9.30119
231     8.79976     9.29549
232     8.79976     9.29319
233     8.79976     9.28764
234     8.79976     9.28234
235     8.79976     9.27315
236     8.79976     9.25728
237     8.79976     9.23941
238     8.79976     9.20323
239     8.44097     9.13938
240     8.44097     9.06655
241     8.44097       8.996
242     8.44097     8.86523
243     8.44097     8.79761
244     8.44097     8.79761
245     8.44097     8.79689
246     8.44097     8.79546
247     8.44097     8.79546
248     8.44097     8.79474
249     8.44097     8.79474
250     8.44097     8.79474
251     8.44097     8.79402
252     8.44097     8.79402
253     8.44097     8.79402
254     8.44097     8.79187
255     8.44097     8.79044
256     8.44097     8.78991
257     8.44097     8.78991
258     8.44097     8.78848
259     8.44097     8.78672
260     8.44097     8.78476
261     8.44097     8.78276
262     8.44097     8.78276
263     8.44097      8.7806
264     8.44097     8.77702
265     8.44097      8.7733
266     8.44097     8.76796
267     8.44097       8.763
268     8.44097     8.75709
269     8.06769     8.74562
270     8.06769     8.73327
271     8.06769     8.71353
272     8.06769     8.67392
273     8.06769     8.60155
274     8.06769     8.48348
275     8.06769     8.43804
276     8.06769     8.43804
277     8.06769     8.43657
278     8.06769     8.43582
279     8.06769     8.43433
280     8.06769     8.43306
281     8.06769     8.43157
282     8.06769     8.42933
283     8.06769     8.42786
284     8.06769     8.42387
285     8.06769     8.42017
286     8.06769     8.41344
287     8.06769     8.40242
288     7.76929     8.38569
289     7.76929      8.3687
290     7.76929     8.34217
291     7.76929     8.29996
292     7.76929     8.21451
293     7.76929     8.07959
294     7.76929     8.06392
295     7.76929     8.06249
296     6.80893     8.05876
297     6.78904     8.05476
298     6.78904     8.05215
299     6.78904     8.04846
300     6.78904     8.03464
301     6.78904     8.02169
302     6.78904     8.00722
303     6.78904     7.98671
304     6.78904      7.9551
305     6.78904     7.89169
306     6.78904     7.84146
307     6.78904     7.82391
308     6.78904     7.80608
309     6.78904     7.78725
310     6.30696     7.75757
311     6.30696     7.70405
312     6.30696     7.62718
313     6.30696     7.49821
314     6.30696      7.3828
315     6.30696      7.2534
316     6.30696     7.13851
317     6.28949      6.9675
318     6.28949      6.8213
319     6.28949     6.76798
320     6.28949     6.75088
321     6.28949       6.731
322     6.28949     6.71212
323     6.28949     6.67647
324     6.26294     6.61879
325     6.24306     6.50467
326     6.24306     6.35818
327     6.24306     6.30933
328     6.24306     6.30559
329     6.24306     6.30513
330     6.24306     6.30454
331     6.24306     6.30393
332     6.24306     6.30235
333     6.24306     6.30038
334     6.24306      6.2972
335     6.24306     6.29105
336     6.24306     6.28529
337     6.24306      6.2836
338     6.24306     6.28154
339     6.24306     6.27794
340     6.24306     6.27185
341     6.24306     6.25932
342     6.24306     6.25329
343     6.24306      6.2485
344     6.24306     6.24306
345     6.24306     6.24306
346     6.24306     6.24306
347     6.24306     6.24306
348     6.24306     6.24306
349     6.24306     6.24306
350     6.24306     6.24306
351     6.24306     6.24306
352     6.24306     6.24306
353     6.24306     6.24306
354     6.24306     6.24306
355     6.24306     6.24306
356     6.24306     6.24306
357     6.24306     6.24306
358     6.24306     6.24306
359     6.24306     6.24306
360     6.24306     6.24306
361     6.24306     6.24306
362     6.24306     6.24306
363     6.24306     6.24306
364     6.24306     6.24306
365     6.24306     6.24306
366     6.24306     6.24306
367     6.24306     6.24306
368     6.24306     6.24306
369     6.24306     6.24306
370     6.24306     6.24306
371     6.24306     6.24306
372     6.24306     6.24306
373     6.24306     6.24306
374     6.24306     6.24306
375     6.24306     6.24306
376     6.24306     6.24306
377     6.24306     6.24306
378     6.24306     6.24306
379     6.24306     6.24306
380     6.24306     6.24306
381     6.24306     6.24306
382     6.24306     6.24306
383     6.24306     6.24306
384     6.24306     6.24306
385     6.24306     6.24306
386     6.24306     6.24306
387     6.24306     6.24306
388     6.24306     6.24306
389     6.24306     6.24306
390     6.24306     6.24306
391     6.24306     6.24306
392     6.24306     6.24306
393     6.24306     6.24306
394     6.24306     6.24306
395     6.24306     6.24306
396     6.24306     6.24306
397     6.24306     6.24306
398     6.24306     6.24306
399     6.24306     6.24306
400     6.24306     6.24306
401     6.24306     6.24306
402     6.24306     6.24306
403     6.24306     6.24306
404     6.24306     6.24306
405     6.24306     6.24306
406     6.24306     6.24306
407     6.24306     6.24306
408     6.24306     6.24306
409     6.24306     6.24306
410     6.24306     6.24306
411     6.24306     6.24306
412     6.24306     6.24306
413     6.24306     6.24306
414     6.24306     6.24306
415     6.24306     6.24306
416     6.24306     6.24306
417     6.24306     6.24306
418     6.24306     6.24306
419     6.24306     6.24306
420     6.24306     6.24306
421     6.24306     6.24306
422     6.24306     6.24306
423     6.24306     6.24306
424     6.24306     6.24306
425     6.24306     6.24306
426     6.24306     6.24306
427     6.24306     6.24306
428     6.24306     6.24306
429     6.24306     6.24306
430     6.24306     6.24306
431     6.24306     6.24306
432     6.24306     6.24306
433     6.24306     6.24306
434     6.24306     6.24306
435     6.24306     6.24306
436     6.24306     6.24306
437     6.24306     6.24306
438     6.24306     6.24306
439     6.24306     6.24306
440     6.24306     6.24306
441     6.24306     6.24306
442     6.24306     6.24306
443     6.24306     6.24306
444     6.24306     6.24306
445     6.24306     6.24306
446     6.24306     6.24306
447     6.24306     6.24306
448     6.24306     6.24306
449     6.24306     6.24306
450     6.24306     6.24306
451     6.24306     6.24306
452     6.24306     6.24306
453     6.24306     6.24306
454     6.24306     6.24306
455     6.24306     6.24306
456     6.24306     6.24306
457     6.24306     6.24306
458     6.24306     6.24306
459     6.24306     6.24306
460     6.24306     6.24306
461     6.24306     6.24306
462     6.24306     6.24306
463     6.24306     6.24306
464     6.24306     6.24306
465     6.24306     6.24306
466     6.24306     6.24306
467     6.24306     6.24306
468     6.24306     6.24306
469     6.24306     6.24306
470     6.24306     6.24306
471     6.24306     6.24306
472     6.24306     6.24306
473     6.24306     6.24306
474     6.24306     6.24306
475     6.24306     6.24306
476     6.24306     6.24306
477     6.24306     6.24306
478     6.24306     6.24306
479     6.24306     6.24306
480     6.24306     6.24306
481     6.24306     6.24306
482     6.24306     6.24306
483     6.24306     6.24306
484     6.24306     6.24306
485     6.24306     6.24306
486     6.24306     6.24306
487     6.24306     6.24306
488     6.24306     6.24306
489     6.24306     6.24306
490     6.24306     6.24306
491     6.24306     6.24306
492     6.24306     6.24306
493     6.24306     6.24306
494     6.24306     6.24306
495     6.24306     6.24306
496     6.24306     6.24306
497     6.24306     6.24306
498     6.24306     6.24306
499     6.24306     6.24306
500     6.24306     6.24306
501     6.24306     6.24306
502     6.24306     6.24306
503     6.24306     6.24306
504     6.24306     6.24306
505     6.24306     6.24306
506     6.24306     6.24306
507     6.24306     6.24306
508     6.24306     6.24306
509     6.24306     6.24306
510     6.24306     6.24306
511     6.24306     6.24306
512     6.24306     6.24306
513     6.24306     6.24306
514     6.24306     6.24306
515     6.24306     6.24306
516     6.24306     6.24306
517     6.24306     6.24306
518     6.24306     6.24306
519     6.24306     6.24306
520     6.24306     6.24306
521     6.24306     6.24306
522     6.24306     6.24306
523     6.24306     6.24306
524     6.24306     6.24306
525     6.24306     6.24306
526     6.24306     6.24306
527     6.24306     6.24306
528     6.24306     6.24306
529     6.24306     6.24306
530     6.24306     6.24306
531     6.24306     6.24306
532     6.24306     6.24306
533     6.24306     6.24306
534     6.24306     6.24306
535     6.24306     6.24306
536     6.24306     6.24306
537     6.24306     6.24306
538     6.24306     6.24306
539     6.24306     6.24306
540     6.24306     6.24306
541     6.24306     6.24306
542     6.24306     6.24306
543     6.24306     6.24306
544     6.24306     6.24306
545     6.24306     6.24306
546     6.24306     6.24306
547     6.24306     6.24306
548     6.24306     6.24306
549     6.24306     6.24306
550     6.24306     6.24306
551     6.24306     6.24306
552     6.24306     6.24306
553     6.24306     6.24306
554     6.24306     6.24306
555     6.24306     6.24306
556     6.24306     6.24306
557     6.24306     6.24306
558     6.24306     6.24306
559     6.24306     6.24306
560     6.24306     6.24306
561     6.24306     6.24306
562     6.24306     6.24306
563     6.24306     6.24306
564     6.24306     6.24306
565     6.24306     6.24306
566     6.24306     6.24306
567     6.24306     6.24306
568     6.24306     6.24306
569     6.24306     6.24306
570     6.24306     6.24306
571     6.24306     6.24306
572     6.24306     6.24306
573     6.24306     6.24306
574     6.24306     6.24306
575     6.24306     6.24306
576     6.24306     6.24306
577     6.24306     6.24306
578     6.24306     6.24306
579     6.24306     6.24306
580     6.24306     6.24306
581     6.24306     6.24306
582     6.24306     6.24306
583     6.24306     6.24306
584     6.24306     6.24306
585     6.24306     6.24306
586     6.24306     6.24306
587     6.24306     6.24306
588     6.24306     6.24306
589     6.24306     6.24306
590     6.24306     6.24306
591     6.24306     6.24306
592     6.24306     6.24306
593     6.24306     6.24306
594     6.24306     6.24306
595     6.24306     6.24306
596     6.24306     6.24306
597     6.24306     6.24306
598     6.24306     6.24306
599     6.24306     6.24306
600     6.24306     6.24306
601     6.24306     6.24306
602     6.24306     6.24306
603     6.24306     6.24306
604     6.24306     6.24306
605     6.24306     6.24306
606     6.24306     6.24306
607     6.24306     6.24306
608     6.24306     6.24306
609     6.24306     6.24306
610     6.24306     6.24306
611     6.24306     6.24306
612     6.24306     6.24306
613     6.24306     6.24306
614     6.24306     6.24306
615     6.24306     6.24306
616     6.24306     6.24306
617     6.24306     6.24306
618     6.24306     6.24306
619     6.24306     6.24306
620     6.24306     6.24306
621     6.24306     6.24306
622     6.24306     6.24306
623     6.24306     6.24306
624     6.24306     6.24306
625     6.24306     6.24306
626     6.24306     6.24306
627     6.24306     6.24306
628     6.24306     6.24306
629     6.24306     6.24306
630     6.24306     6.24306
631     6.24306     6.24306
632     6.24306     6.24306
633     6.24306     6.24306
634     6.24306     6.24306
635     6.24306     6.24306
636     6.24306     6.24306
637     6.24306     6.24306
638     6.24306     6.24306
639     6.24306     6.24306
640     6.24306     6.24306
641     6.24306     6.24306
642     6.24306     6.24306
643     6.24306     6.24306
644     6.24306     6.24306
645     6.24306     6.24306
646     6.24306     6.24306
647     6.24306     6.24306
648     6.24306     6.24306
649     6.24306     6.24306
650     6.24306     6.24306
651     6.24306     6.24306
652     6.24306     6.24306
653     6.24306     6.24306
654     6.24306     6.24306
655     6.24306     6.24306
656     6.24306     6.24306
657     6.24306     6.24306
658     6.24306     6.24306
659     6.24306     6.24306
660     6.24306     6.24306
661     6.24306     6.24306
662     6.24306     6.24306
663     6.24306     6.24306
664     6.24306     6.24306
665     6.24306     6.24306
666     6.24306     6.24306
667     6.24306     6.24306
668     6.24306     6.24306
669     6.24306     6.24306
670     6.24306     6.24306
671     6.24306     6.24306
672     6.24306     6.24306
673     6.24306     6.24306
674     6.24306     6.24306
675     6.24306     6.24306
676     6.24306     6.24306
677     6.24306     6.24306
678     6.24306     6.24306
679     6.24306     6.24306
680     6.24306     6.24306
681     6.24306     6.24306
682     6.24306     6.24306
683     6.24306     6.24306
684     6.24306     6.24306
685     6.24306     6.24306
686     6.24306     6.24306
687     6.24306     6.24306
688     6.24306     6.24306
689     6.24306     6.24306
690     6.24306     6.24306
691     6.24306     6.24306
692     6.24306     6.24306
693     6.24306     6.24306
694     6.24306     6.24306
695     6.24306     6.24306
696     6.24306     6.24306
697     6.24306     6.24306
698     6.24306     6.24306
699     6.24306     6.24306
700     6.24306     6.24306
701     6.24306     6.24306
702     6.24306     6.24306
703     6.24306     6.24306
704     6.24306     6.24306
705     6.24306     6.24306
706     6.24306     6.24306
707     6.24306     6.24306
708     6.24306     6.24306
709     6.24306     6.24306
710     6.24306     6.24306
711     6.24306     6.24306
712     6.24306     6.24306
713     6.24306     6.24306
714     6.24306     6.24306
715     6.24306     6.24306
716     6.24306     6.24306
717     6.24306     6.24306
718     6.24306     6.24306
719     6.24306     6.24306
720     6.24306     6.24306
721     6.24306     6.24306
722     6.24306     6.24306
723     6.24306     6.24306
724     6.24306     6.24306
725     6.24306     6.24306
726     6.24306     6.24306
727     6.24306     6.24306
728     6.24306     6.24306
729     6.24306     6.24306
730     6.24306     6.24306
731     6.24306     6.24306
732     6.24306     6.24306
733     6.24306     6.24306
734     6.24306     6.24306
735     6.24306     6.24306
736     6.24306     6.24306
737     6.24306     6.24306
738     6.24306     6.24306
739     6.24306     6.24306
740     6.24306     6.24306
741     6.24306     6.24306
742     6.24306     6.24306
743     6.24306     6.24306
744     6.24306     6.24306
745     6.24306     6.24306
746     6.24306     6.24306
747     6.24306     6.24306
748     6.24306     6.24306
749     6.24306     6.24306
750     6.24306     6.24306
751     6.24306     6.24306
752     6.24306     6.24306
753     6.24306     6.24306
754     6.24306     6.24306
755     6.24306     6.24306
756     6.24306     6.24306
757     6.24306     6.24306
758     6.24306     6.24306
759     6.24306     6.24306
760     6.24306     6.24306
761     6.24306     6.24306
762     6.24306     6.24306
763     6.24306     6.24306
764     6.24306     6.24306
765     6.24306     6.24306
766     6.24306     6.24306
767     6.24306     6.24306
768     6.24306     6.24306
769     6.24306     6.24306
770     6.24306     6.24306
771     6.24306     6.24306
772     6.24306     6.24306
773     6.24306     6.24306
774     6.24306     6.24306
775     6.24306     6.24306
776     6.24306     6.24306
777     6.24306     6.24306
778     6.24306     6.24306
779     6.24306     6.24306
780     6.24306     6.24306
781     6.24306     6.24306
782     6.24306     6.24306
783     6.24306     6.24306
784     6.24306     6.24306
785     6.24306     6.24306
786     6.24306     6.24306
787     6.24306     6.24306
788     6.24306     6.24306
789     6.24306     6.24306
790     6.24306     6.24306
791     6.24306     6.24306
792     6.24306     6.24306
793     6.24306     6.24306
794     6.24306     6.24306
795     6.24306     6.24306
796     6.24306     6.24306
797     6.24306     6.24306
798     6.24306     6.24306
799     6.24306     6.24306
800     6.24306     6.24306
801     6.24306     6.24306
802     6.24306     6.24306
803     6.24306     6.24306
804     6.24306     6.24306
805     6.24306     6.24306
806     6.24306     6.24306
807     6.24306     6.24306
808     6.24306     6.24306
809     6.24306     6.24306
810     6.24306     6.24306
811     6.24306     6.24306
812     6.24306     6.24306
813     6.24306     6.24306
814     6.24306     6.24306
815     6.24306     6.24306
816     6.24306     6.24306
817     6.24306     6.24306
818     6.24306     6.24306
819     6.24306     6.24306
820     6.24306     6.24306
821     6.24306     6.24306
822     6.24306     6.24306
823     6.24306     6.24306
824     6.24306     6.24306
825     6.24306     6.24306
826     6.24306     6.24306
827     6.24306     6.24306
828     6.24306     6.24306
829     6.24306     6.24306
830     6.24306     6.24306
831     6.24306     6.24306
832     6.24306     6.24306
833     6.24306     6.24306
834     6.24306     6.24306
835     6.24306     6.24306
836     6.24306     6.24306
837     6.24306     6.24306
838     6.24306     6.24306
839     6.24306     6.24306
840     6.24306     6.24306
841     6.24306     6.24306
842     6.24306     6.24306
843     6.24306     6.24306
844     6.24306     6.24306
845     6.24306     6.24306
846     6.24306     6.24306
847     6.24306     6.24306
848     6.24306     6.24306
849     6.24306     6.24306
850     6.24306     6.24306
851     6.24306     6.24306
852     6.24306     6.24306
853     6.24306     6.24306
854     6.24306     6.24306
855     6.24306     6.24306
856     6.24306     6.24306
857     6.24306     6.24306
858     6.24306     6.24306
859     6.24306     6.24306
860     6.24306     6.24306
861     6.24306     6.24306
862     6.24306     6.24306
863     6.24306     6.24306
864     6.24306     6.24306
865     6.24306     6.24306
866     6.24306     6.24306
867     6.24306     6.24306
868     6.24306     6.24306
869     6.24306     6.24306
870     6.24306     6.24306
871     6.24306     6.24306
872     6.24306     6.24306
873     6.24306     6.24306
874     6.24306     6.24306
875     6.24306     6.24306
876     6.24306     6.24306
877     6.24306     6.24306
878     6.24306     6.24306
879     6.24306     6.24306
880     6.24306     6.24306
881     6.24306     6.24306
882     6.24306     6.24306
883     6.24306     6.24306
884     6.24306     6.24306
885     6.24306     6.24306
886     6.24306     6.24306
887     6.24306     6.24306
888     6.24306     6.24306
889     6.24306     6.24306
890     6.24306     6.24306
891     6.24306     6.24306
892     6.24306     6.24306
893     6.24306     6.24306
894     6.24306     6.24306
895     6.24306     6.24306
896     6.24306     6.24306
897     6.24306     6.24306
898     6.24306     6.24306
899     6.24306     6.24306
900     6.24306     6.24306
901     6.24306     6.24306
902     6.24306     6.24306
903     6.24306     6.24306
904     6.24306     6.24306
905     6.24306     6.24306
906     6.24306     6.24306
907     6.24306     6.24306
908     6.24306     6.24306
909     6.24306     6.24306
910     6.24306     6.24306
911     6.24306     6.24306
912     6.24306     6.24306
913     6.24306     6.24306
914     6.24306     6.24306
915     6.24306     6.24306
916     6.24306     6.24306
917     6.24306     6.24306
918     6.24306     6.24306
919     6.24306     6.24306
920     6.24306     6.24306
921     6.24306     6.24306
922     6.24306     6.24306
923     6.24306     6.24306
924     6.24306     6.24306
925     6.24306     6.24306
926     6.24306     6.24306
927     6.24306     6.24306
928     6.24306     6.24306
929     6.24306     6.24306
930     6.24306     6.24306
931     6.24306     6.24306
932     6.24306     6.24306
933     6.24306     6.24306
934     6.24306     6.24306
935     6.24306     6.24306
936     6.24306     6.24306
937     6.24306     6.24306
938     6.24306     6.24306
939     6.24306     6.24306
940     6.24306     6.24306
941     6.24306     6.24306
942     6.24306     6.24306
943     6.24306     6.24306
944     6.24306     6.24306
945     6.24306     6.24306
946     6.24306     6.24306
947     6.24306     6.24306
948     6.24306     6.24306
949     6.24306     6.24306
950     6.24306     6.24306
951     6.24306     6.24306
952     6.24306     6.24306
953     6.24306     6.24306
954     6.24306     6.24306
955     6.24306     6.24306
956     6.24306     6.24306
957     6.24306     6.24306
958     6.24306     6.24306
959     6.24306     6.24306
960     6.24306     6.24306
961     6.24306     6.24306
962     6.24306     6.24306
963     6.24306     6.24306
964     6.24306     6.24306
965     6.24306     6.24306
966     6.24306     6.24306
967     6.24306     6.24306
968     6.24306     6.24306
969     6.24306     6.24306
970     6.24306     6.24306
971     6.24306     6.24306
972     6.24306     6.24306
973     6.24306     6.24306
974     6.24306     6.24306
975     6.24306     6.24306
976     6.24306     6.24306
977     6.24306     6.24306
978     6.24306     6.24306
979     6.24306     6.24306
980     6.24306     6.24306
981     6.24306     6.24306
982     6.24306     6.24306
983     6.24306     6.24306
984     6.24306     6.24306
985     6.24306     6.24306
986     6.24306     6.24306
987     6.24306     6.24306
988     6.24306     6.24306
989     6.24306     6.24306
990     6.24306     6.24306
991     6.24306     6.24306
992     6.24306     6.24306
993     6.24306     6.24306
994     6.24306     6.24306
995     6.24306     6.24306
996     6.24306     6.24306
997     6.24306     6.24306
998     6.24306     6.24306
999     6.24306     6.24306
