GEN:      BEST_LOSS:      AVERAGE_LOSS: 
0     416.928     498.218
1     416.928     489.605
2     416.928     482.341
3     410.602     476.137
4     410.602     469.214
5     410.602     463.713
6     410.602      458.61
7     406.092     453.848
8     399.245     449.181
9     399.245      445.03
10     392.944     441.142
11     392.944      437.84
12     392.944     434.544
13     383.901     431.465
14     381.745     428.421
15     370.856     424.807
16     370.856     421.738
17     368.341     418.516
18     368.341     414.953
19     368.341     411.559
20     361.331     407.449
21     357.379     404.137
22     340.205     400.128
23     337.395     396.297
24     337.395     393.193
25     337.395     389.794
26     337.395     386.367
27     337.395      383.97
28     327.881     380.795
29     327.881     378.001
30     327.881     374.564
31     327.205     371.416
32     326.824     368.109
33      311.98     364.725
34      311.98      361.97
35      311.98      359.29
36     301.591     355.804
37     301.591     352.817
38     301.591     350.111
39     301.591     347.539
40     301.591     344.951
41     301.591     341.857
42     301.591     339.264
43     301.591     336.327
44     301.591     334.218
45     301.591     332.144
46     297.485     329.873
47     297.228     327.719
48     292.805     325.746
49     292.805     323.963
50     292.805     322.485
51     290.994     320.699
52     290.994     319.083
53     286.971      317.46
54     282.033     315.933
55     282.033     314.368
56     282.033     313.227
57     282.033      312.16
58     282.033     310.843
59      268.78     309.812
60      268.78     308.684
61      268.78     307.626
62      268.78     306.348
63      268.78     305.285
64      268.78     303.907
65      268.78     302.395
66      268.78     301.096
67      268.78     299.515
68      268.78     298.515
69     267.774     297.033
70     267.774     295.598
71     267.774     294.479
72     261.653      293.62
73     261.653     292.646
74     261.653     291.728
75     261.653     290.768
76     261.653     289.887
77     261.653     289.013
78     261.653     288.175
79     261.653     287.362
80     258.459     286.411
81     258.459     285.427
82     258.459     284.672
83     253.705     283.876
84     253.705       283.1
85     253.705     282.117
86     253.705     281.207
87     253.705     280.115
88     253.705     279.608
89     253.705     279.114
90     253.705     278.586
91     253.705     278.063
92     253.705      277.24
93     253.705      276.56
94     253.705     276.054
95     253.705     275.538
96     253.705     274.853
97     253.705     274.216
98     253.705      273.53
99     253.705      272.86
100     253.366     272.299
101     251.665     271.351
102     240.384     270.609
103     240.384     269.785
104     240.384     268.938
105     240.384     268.244
106     240.384     267.862
107     240.384     267.145
108     240.384     266.685
109     240.384     266.302
110     240.384     265.649
111     240.384     265.186
112     237.132      264.66
113     237.132     264.042
114     237.132     263.302
115     237.132     263.017
116     237.132     262.505
117     237.132     261.848
118     237.132     261.312
119     237.132     260.699
120     237.132     260.592
121     233.944     259.803
122     233.944     259.065
123     233.944      258.64
124     233.944     258.176
125     233.944      257.61
126     233.944     256.878
127     233.944     256.513
128     229.375     255.676
129     224.767     255.092
130     224.767     254.299
131     224.767     253.473
132     224.767     252.867
133     224.767     252.326
134     224.767     251.701
135     224.767     250.941
136     224.767     250.437
137     224.767     249.811
138     224.767     249.255
139     224.767     248.777
140     224.767     248.557
141     224.767     247.909
142     224.767     247.259
143     224.767     246.708
144     224.767     245.995
145     217.164     245.297
146     217.164     244.787
147     217.164     244.383
148     217.164       243.8
149     217.164      243.35
150     217.164     243.084
151     217.164     242.626
152     217.164     242.157
153     217.164     241.792
154     217.164     240.965
155     217.164     240.576
156     217.164     240.043
157     217.164     239.733
158     217.164     239.063
159     217.164     238.635
160     217.164     237.991
161     217.164     237.189
162     217.164     236.819
163     217.164     236.365
164     217.164     235.809
165     217.164     235.275
166     217.164     235.002
167     217.164     234.506
168     217.164     234.247
169     209.187     233.417
170     209.187     232.922
171     209.187     232.315
172     209.187     231.911
173     209.187     231.227
174     209.187     230.804
175     209.187     230.452
176     209.187     229.886
177     209.187     229.268
178     209.187     229.018
179     209.187     228.393
180     209.187     227.963
181     209.187     227.569
182     209.187      227.17
183     209.187     226.968
184     209.187     226.622
185     209.187      226.22
186     209.187     225.917
187     209.177     225.569
188     205.847      225.16
189     205.847     224.627
190     205.847     224.117
191     205.847     223.966
192     205.847     223.719
193     205.847     223.451
194     205.847     223.041
195     205.847     222.935
196     205.847      222.72
197     205.847      222.39
198     205.847     221.936
199     205.847     221.399
200     205.635     221.142
201     205.635     220.959
202     205.635     220.678
203     205.635     220.534
204     205.635     220.125
205     202.322     219.811
206     202.322     219.589
207     202.322     219.373
208     202.322     219.279
209     202.322     219.024
210     201.762     218.524
211     201.762     218.055
212     201.762       217.7
213     197.649     217.258
214     197.649     216.854
215     197.649     216.582
216     197.649      216.23
217     197.649      215.99
218     195.935     215.615
219     195.935     215.312
220     195.935     214.882
221     195.935     214.388
222     195.935     214.094
223     195.935     213.876
224     195.935     213.644
225     195.935     213.657
226     195.935     213.244
227     195.935     212.969
228     195.935     212.776
229     195.935     212.456
230     195.935     211.919
231     193.864     211.451
232     192.512     210.818
233     192.512     210.534
234     192.512     210.104
235     192.512     209.772
236     192.405     209.367
237     192.405     208.993
238     192.405     208.601
239     192.405     208.324
240     192.405     208.147
241     192.405     207.834
242     188.277     207.435
243     188.277     207.194
244     188.277      207.09
245     188.277     206.654
246     188.277      206.18
247     188.277     205.826
248     188.277     205.339
249     188.277     204.965
250     186.439     204.599
251     186.439     204.325
252     186.439     204.142
253     186.439     203.915
254     186.439     203.629
255     186.439     203.238
256     186.439     203.061
257     186.439     202.613
258     186.439     202.372
259     186.439     202.334
260     186.439     202.166
261     186.439     201.946
262     186.439     201.482
263     186.439     201.149
264     185.503     200.902
265     185.503     200.681
266     184.627      200.35
267     184.627     200.135
268     184.627     199.994
269     184.627     199.718
270     183.797     199.291
271     183.797     199.045
272     183.797     198.531
273     179.873     198.344
274     179.873     198.066
275     179.873     197.667
276     179.873     197.568
277     179.873     197.263
278     179.873     196.977
279     179.873     196.636
280     179.873     196.389
281     179.873     195.998
282     179.873     195.686
283     179.873     195.393
284     179.873     195.171
285     179.873     194.996
286     179.873     194.588
287     179.873     194.313
288     179.873     194.068
289     179.873     193.838
290     179.873     193.519
291     179.873      193.27
292     179.873     192.877
293     179.873     192.619
294     179.873     192.169
295     179.873     191.894
296     176.685     191.563
297     176.685     191.351
298     174.094     191.129
299     174.094     190.847
300     174.094     190.654
301     174.094     190.396
302     174.094     190.053
303     174.094     189.827
304     173.768      189.55
305     173.768       189.4
306     173.768     189.072
307     173.768     188.676
308     173.768     188.506
309     173.768     188.278
310     173.768     187.831
311     173.768      187.43
312     172.597     187.032
313     172.597      186.81
314     172.597     186.408
315     172.597     186.214
316     169.529     185.841
317     169.529      185.56
318     169.529     185.364
319     169.529     185.094
320     168.226     184.792
321     168.226     184.549
322     168.226     184.322
323     168.226     183.679
324     168.226      183.34
325     168.226     182.891
326     168.226     182.331
327     168.226     181.928
328     164.907     181.561
329     164.907     181.081
330     164.907     180.633
331     164.907     180.084
332     164.907     179.795
333     164.907     179.559
334     164.907     179.174
335     164.907       178.9
336     164.907     178.348
337     164.907     177.815
338     164.907     177.393
339     164.907     177.085
340     164.907     176.697
341     164.907     176.362
342     163.643     176.109
343     163.091     175.872
344     163.091     175.638
345     163.091     175.074
346     163.091     174.743
347     163.091     174.432
348     163.091     174.055
349     161.938     173.814
350     161.938     173.503
351     161.938     173.369
352     161.938     173.017
353     161.938     172.726
354     161.938     172.337
355     161.938     172.035
356     161.938      171.71
357     161.938     171.372
358     161.938      171.06
359     161.938     170.906
360     161.938     170.572
361     161.938     170.166
362     161.938     169.874
363     161.938     169.626
364     161.938      169.29
365     161.787      168.91
366     161.332     168.585
367     161.332     168.342
368      161.02     168.108
369     156.151     168.006
370     156.151     167.699
371     156.151     167.364
372     156.151     167.135
373     156.151     166.957
374     156.151     166.712
375     156.151     166.455
376     156.151     166.225
377     155.174     165.989
378     155.174     165.874
379     155.174     165.739
380     155.174     165.566
381     155.174     165.466
382     154.641     165.313
383     154.641     165.065
384     154.641     164.847
385     154.641     164.695
386     154.641     164.339
387     154.467     164.124
388     154.467     163.774
389     154.467     163.607
390     151.988     163.297
391     151.988     163.082
392     151.988     162.927
393     151.988     162.596
394     151.988      162.37
395     151.988     162.243
396     151.988      161.95
397     151.298      161.64
398     149.061     161.325
399     149.061     160.844
400     149.061     160.375
401     149.061     159.971
402     149.061     159.556
403     149.061     159.182
404     148.192     158.662
405     148.192     158.292
406     148.192      157.98
407     148.192     157.727
408     148.192     157.263
409     148.192     156.797
410     147.769     156.529
411     146.459      156.14
412     146.459     155.914
413     146.459      155.64
414     146.459     155.267
415     146.459     154.944
416     146.459     154.624
417     145.477     154.109
418     145.477     153.835
419     145.477     153.462
420     145.477     153.083
421     145.477     152.762
422     145.477      152.48
423     145.477      152.25
424     144.531     151.907
425     143.966     151.587
426     143.966     151.225
427     143.966     150.835
428     143.966     150.687
429     143.966     150.338
430     143.058     150.097
431     143.058     149.692
432     142.658     149.366
433     142.658     149.185
434     142.658     148.921
435     142.658      148.68
436     142.658     148.471
437     141.952     148.277
438     141.952     148.071
439     141.952     147.845
440     141.952      147.69
441     141.952     147.588
442     141.952     147.418
443     141.541     147.247
444       140.1      147.11
445       140.1     146.864
446       140.1     146.672
447       140.1     146.584
448       140.1      146.45
449     137.934     146.234
450     137.934     146.099
451     137.934     145.871
452     137.934     145.748
453     137.934     145.514
454     137.934     145.348
455     137.934     145.103
456     137.934      144.84
457     137.934     144.659
458     135.811     144.433
459     135.811     144.296
460     135.811     144.101
461     135.811     144.116
462     135.811      143.74
463     135.811     143.509
464     134.183     143.247
465     134.183     143.042
466     134.183     142.768
467     134.183     142.381
468     134.183     142.014
469     134.183     141.836
470     134.183     141.529
471     134.031     141.142
472     134.031     140.883
473     133.848     140.594
474     132.566     140.305
475     132.566     140.074
476     132.566     139.665
477     132.346     139.264
478     132.346     138.862
479     132.346     138.592
480     132.221     138.192
481     132.221      137.92
482     131.478     137.476
483     131.478     137.035
484     130.561     136.658
485     129.211     136.376
486     129.211     136.053
487     129.211     135.704
488     129.211     135.513
489     129.211      135.19
490     129.211     134.841
491     128.977     134.619
492      128.49     134.414
493      128.49     134.178
494     127.836     133.941
495     127.645      133.63
496     127.645     133.394
497     127.645     133.287
498     126.718     133.079
499     126.718     132.784
500     126.718     132.521
501     126.718     132.369
502     126.718     132.205
503     126.718     131.952
504     126.081     131.665
505     126.081     131.494
506     126.081     131.222
507     126.081     131.046
508     126.081     130.825
509     125.479     130.705
510     124.206     130.404
511     124.206     130.248
512     124.206     130.178
513     124.206      129.93
514     124.206     129.683
515     124.206     129.522
516     124.206     129.283
517     124.206     128.991
518     123.817     128.751
519     123.817     128.619
520     123.738     128.363
521     123.738     128.223
522     123.738     127.999
523     123.738     127.842
524     123.738     127.611
525      123.73     127.418
526     123.282     127.238
527     123.119     127.103
528     123.119     126.877
529     123.119      126.72
530     123.019     126.567
531     123.019     126.376
532     123.019     126.268
533     123.019      126.12
534     123.019     125.982
535     122.895     125.916
536     122.373     125.791
537     122.373     125.648
538     121.857     125.519
539     121.857     125.329
540     121.857     125.243
541     121.857     125.178
542     121.857      124.97
543     121.574     124.899
544      119.95     124.781
545      119.95     124.622
546      119.95     124.448
547      119.95     124.183
548      119.95     124.065
549      119.77     123.992
550      119.77     123.972
551      119.77     123.889
552     119.488     123.741
553     119.488     123.627
554     119.488     123.496
555     119.488     123.371
556     119.308     123.273
557     119.308     123.156
558     119.308     123.036
559     119.308     122.896
560     119.031     122.802
561     119.031     122.702
562     119.031     122.638
563     119.031     122.553
564     119.031     122.432
565     119.031     122.333
566     119.031     122.254
567     119.031     122.203
568     119.031     122.103
569     118.799     121.987
570     118.799     121.937
571     118.648     121.877
572     118.648     121.798
573     118.648      121.74
574     118.648     121.653
575     118.648     121.627
576      118.31     121.582
577      118.31      121.53
578      118.31     121.492
579      118.31     121.443
580      118.31     121.346
581      118.31     121.234
582      118.31     121.154
583      118.31     121.045
584      118.31     120.957
585      118.31     120.856
586      118.31     120.749
587      118.31     120.693
588      118.31     120.572
589      118.31     120.517
590      118.31     120.459
591      118.31     120.456
592      118.31     120.404
593      118.31     120.301
594      118.31     120.243
595     118.198     120.167
596     118.198     120.118
597     118.198     120.048
598     118.198     119.968
599     118.198     119.905
600     117.998     119.876
601     117.998     119.802
602     117.823     119.718
603     117.823      119.67
604     117.823     119.706
605     117.823     119.615
606     117.823     119.554
607     117.817     119.469
608     117.656     119.426
609     117.656     119.368
610     117.656     119.367
611     117.656     119.283
612     117.656     119.225
613     117.656     119.181
614     117.656       119.1
615     117.656     119.042
616     117.656     119.021
617     117.656     118.922
618     117.656     118.891
619     117.656     118.833
620     117.656     118.761
621     117.656     118.717
622     117.656     118.662
623     117.656     118.621
624     117.656     118.592
625     117.656     118.561
626     117.656     118.498
627     117.656     118.453
628     117.656       118.4
629     117.656     118.385
630     117.656     118.335
631     117.656     118.306
632     117.524     118.261
633     117.524     118.223
634     117.388     118.187
635     117.388     118.158
636     116.069     118.108
637     116.069      118.08
638     116.069     118.045
639     116.069     118.028
640     116.069     118.009
641     116.069     117.987
642     116.069     117.954
643     116.069     117.922
644     116.069     117.889
645     116.069     117.831
646     116.069     117.818
647     116.069     117.797
648     115.646     117.769
649     115.646     117.749
650     115.646     117.735
651     115.646     117.689
652     115.646     117.645
653     115.646     117.585
654     115.646     117.549
655     115.646     117.489
656     115.273     117.409
657     115.145     117.351
658     115.145     117.339
659     115.145     117.278
660     115.145     117.249
661     115.145     117.189
662     115.145     117.141
663     115.145     117.094
664     115.145     117.014
665     115.145     116.952
666     115.145     116.908
667     115.145     116.852
668     115.145     116.833
669     115.145     116.762
670     115.145      116.72
671     114.304     116.653
672     114.304     116.602
673     114.304      116.54
674     114.304      116.49
675     114.304     116.465
676     114.159     116.414
677     114.159     116.401
678     114.159     116.349
679     114.159     116.302
680     113.875      116.28
681     113.875     116.211
682     113.645     116.131
683     113.645     116.082
684     113.173      116.04
685     113.173     115.983
686     113.028     115.961
687     112.623     115.891
688     112.623      115.82
689     112.623     115.758
690     112.623     115.771
691     112.623     115.699
692     112.623     115.643
693     112.623     115.525
694     112.623     115.427
695     111.985     115.367
696     111.985     115.306
697     111.985     115.231
698     111.985     115.121
699     111.985     115.066
700     111.985     114.949
701     111.985     114.894
702     111.985     114.811
703     111.985     114.765
704     111.985     114.763
705     111.985     114.738
706     111.985     114.698
707     111.985     114.713
708     111.985     114.667
709     111.985     114.618
710     111.985      114.58
711     111.546     114.505
712     111.546     114.402
713     111.546     114.347
714     111.546     114.343
715     111.546     114.327
716     111.546     114.251
717     111.546     114.258
718     111.546     114.271
719     111.546     114.226
720     111.546     114.179
721     111.546     114.126
722     111.546     114.076
723     111.546      114.07
724     111.546      114.05
725     111.546     114.016
726     111.546     114.036
727     111.104     113.933
728     111.104     113.844
729     111.104     113.921
730     111.104     113.783
731     111.104      113.71
732     111.104     113.761
733     111.104     113.705
734     111.104     113.678
735     111.104     113.633
736     111.104     113.501
737     111.104     113.477
738     111.104     113.455
739     110.574      113.49
740     110.574     113.487
741     110.574     113.427
742     110.574     113.399
743     110.574     113.371
744     110.574     113.375
745     110.574     113.303
746     110.574      113.31
747     110.574     113.253
748     110.574     113.291
749     110.574     113.251
750     110.574     113.191
751     110.574     113.091
752     110.574     113.066
753     110.574     113.065
754     110.574     113.003
755     110.574     112.919
756     110.574     112.891
757     110.574     112.799
758     110.574     112.758
759     110.574     112.755
760     110.574      112.76
761     110.295      112.69
762     110.295     112.735
763     110.295     112.696
764     110.094     112.677
765     109.251     112.694
766     109.251     112.629
767     109.251      112.51
768     109.251     112.457
769     109.251     112.381
770     109.251     112.378
771     109.251     112.283
772     109.251      112.26
773     109.251     112.265
774     109.251     112.232
775     109.251     112.216
776     109.251     112.139
777     109.251     112.146
778     109.251     112.116
779     109.251     112.128
780     109.251     112.123
781     108.631     112.012
782     108.631     111.965
783     108.631     111.884
784     108.631     111.811
785     108.631     111.727
786     108.631     111.698
787     108.631     111.724
788     108.631     111.671
789     108.631     111.636
790     108.631     111.596
791     108.631     111.573
792     108.631     111.596
793     108.631     111.573
794     108.631     111.539
795     108.631     111.488
796     108.631     111.478
797     108.631     111.446
798     108.631     111.422
799     108.631     111.413
800     108.631     111.393
801     108.631     111.384
802     108.631     111.398
803     108.631     111.399
804     108.631     111.364
805     108.631      111.41
806     108.631     111.389
807     108.631     111.345
808     108.631     111.305
809     108.631     111.283
810     108.631     111.193
811     108.631     111.171
812     108.631     111.126
813     108.631     111.011
814     108.631     111.015
815     108.631     110.999
816     108.631     110.991
817     108.631     110.955
818     108.631     110.916
819     108.631     110.898
820     108.631      110.81
821     108.631      110.77
822     108.631      110.69
823     108.631     110.672
824     108.631     110.621
825     108.631     110.664
826     108.631     110.657
827     108.631     110.597
828     108.389     110.617
829     108.389     110.582
830     108.389     110.533
831     108.389     110.499
832     108.389     110.504
833     108.389     110.467
834     108.389     110.392
835     108.389     110.311
836     108.389     110.255
837     108.389     110.206
838     108.389     110.108
839     108.389     110.083
840     108.389     110.053
841     108.389     110.008
842     108.389     109.949
843     108.389     109.898
844     108.389     109.875
845     108.389      109.83
846     108.389     109.765
847     108.389     109.724
848     108.389     109.697
849     108.389     109.653
850     108.389     109.614
851     108.389     109.587
852     108.389     109.566
853     108.389     109.553
854     108.389     109.528
855     108.389     109.502
856     108.389      109.49
857     108.389     109.467
858     108.389     109.459
859     108.389     109.451
860     108.389     109.436
861     108.389     109.424
862     108.389     109.446
863     108.389     109.427
864     108.389     109.422
865     108.389     109.423
866     108.389     109.431
867     108.211     109.413
868     108.211     109.409
869     108.211     109.413
870     108.211     109.412
871     108.211     109.403
872     108.211     109.458
873     108.211     109.499
874     108.211       109.5
875     108.211     109.436
876     108.211     109.449
877     108.211     109.442
878     108.211     109.436
879     108.211      109.45
880     108.211     109.418
881     108.157     109.392
882     108.157     109.374
883     108.157     109.353
884     108.157     109.349
885     108.157     109.329
886     108.157     109.309
887     108.157     109.306
888     108.157     109.275
889     108.157     109.256
890     108.157     109.215
891     108.157     109.184
892     108.157     109.137
893     107.559     109.085
894     107.559     109.048
895     107.559         109
896     107.559     108.966
897     107.461     108.935
898     106.797     108.898
899     106.797     108.864
900     106.797      108.83
901     106.797     108.777
902     106.797     108.721
903     106.797     108.685
904     106.797     108.668
905     106.797     108.639
906     106.797     108.621
907     106.797       108.6
908     106.797      108.57
909     106.797     108.554
910     106.797     108.537
911     106.797     108.506
912     106.649     108.448
913     106.649     108.401
914     106.649     108.349
915     106.453     108.302
916     105.997     108.245
917     105.997     108.194
918     105.997     108.137
919     105.997     108.084
920     105.997     108.016
921     105.997     107.959
922     105.997      107.89
923     105.997     107.813
924     105.897     107.756
925     105.897     107.724
926     105.897     107.668
927     105.897     107.624
928     105.897     107.572
929     105.897     107.526
930     105.897     107.483
931     105.897     107.436
932     105.897     107.392
933     105.802     107.309
934     105.802      107.28
935     105.802     107.241
936     105.802     107.181
937     105.802     107.143
938     105.802     107.054
939     105.802     106.966
940     105.802     106.934
941     105.802     106.916
942     105.802      106.86
943     105.802     106.851
944     105.802     106.816
945     105.802     106.784
946     105.802     106.706
947     104.677      106.66
948     104.677     106.601
949     104.677     106.567
950     104.677     106.544
951     104.677     106.496
952     104.677     106.446
953     104.677     106.406
954     104.677     106.359
955     104.677     106.316
956     104.677      106.25
957     104.677     106.237
958     104.677       106.2
959     104.677     106.152
960     104.677     106.119
961     104.677     106.091
962     104.677     106.061
963     104.677     106.044
964     104.677     105.991
965     104.677     105.959
966     104.677     105.921
967     104.677     105.907
968     104.677       105.9
969     104.677     105.887
970     104.677     105.868
971     104.677     105.845
972     104.677     105.831
973     104.677     105.827
974     104.677     105.825
975     104.677      105.82
976     104.677      105.81
977     104.677     105.805
978     104.677     105.797
979     104.677     105.791
980     104.677     105.779
981     104.677     105.778
982     104.677     105.768
983     104.581      105.76
984     104.581     105.751
985     104.581     105.744
986     104.581     105.734
987     104.581     105.719
988     104.581     105.711
989     104.581     105.699
990     104.383     105.685
991     104.383     105.692
992     103.606     105.638
993     103.606     105.607
994     103.606     105.579
995     103.408     105.531
996     103.408     105.494
997     103.408     105.468
998     103.408     105.422
999     103.408     105.401
1000     103.408     105.357
1001     103.408     105.331
1002     103.408     105.296
1003     103.408     105.277
1004     103.408     105.221
1005     103.408      105.22
1006     103.408     105.146
1007     103.333     105.102
1008     103.333     105.001
1009     103.163     104.922
1010     103.163     104.894
1011     103.163     104.825
1012     102.938     104.741
1013     102.938     104.652
1014     102.938     104.634
1015     102.938      104.61
1016     102.819     104.546
1017     102.259     104.439
1018     102.259      104.36
1019     102.259     104.273
1020     102.259      104.18
1021     101.749     104.066
1022     101.749     103.964
1023     101.749     103.885
1024     101.749     103.793
1025     101.749      103.73
1026     101.749     103.692
1027     101.749     103.641
1028     101.749     103.593
1029     101.749     103.541
1030     101.749     103.489
1031     101.749     103.456
1032     101.749     103.398
1033     101.749      103.35
1034     101.749     103.266
1035     101.749     103.195
1036     101.749     103.132
1037     101.749     103.104
1038     101.749      103.02
1039     101.749     102.934
1040     101.749      102.85
1041     101.749     102.807
1042     101.662     102.737
1043     101.662     102.628
1044     101.662     102.586
1045     101.662     102.536
1046     101.662     102.474
1047     101.662     102.383
1048     101.662     102.326
1049     101.662     102.319
1050     101.662     102.285
1051     101.662     102.224
1052     101.662     102.165
1053     101.662     102.138
1054     101.662     102.106
1055     101.662     102.071
1056     101.662     102.057
1057     101.662     102.026
1058     101.662     101.978
1059     101.662     101.966
1060     101.662     101.906
1061     101.662     101.889
1062     101.662     101.862
1063     101.662      101.82
1064     101.662     101.784
1065     101.662     101.771
1066     101.662     101.747
1067     101.662     101.728
1068     101.662     101.714
1069     101.662     101.706
1070     101.662     101.704
1071     101.662     101.702
1072     101.662     101.699
1073     101.662     101.699
1074     101.662     101.697
1075     101.662     101.693
1076     101.662     101.692
1077     101.662     101.689
1078     101.662     101.687
1079     101.662     101.684
1080     101.662     101.681
1081     101.662     101.678
1082     101.579     101.676
1083     101.579     101.674
1084      100.96     101.671
1085      100.96     101.668
1086      100.96     101.667
1087      100.96     101.663
1088      100.96     101.658
1089      100.96     101.656
1090      100.96     101.655
1091      100.96     101.655
1092      100.96     101.654
1093      100.96     101.653
1094      100.96     101.652
1095      100.96     101.651
1096      100.96     101.646
1097      100.96     101.643
1098      100.96     101.638
1099      100.96     101.634
1100      100.96     101.631
1101      100.96     101.625
1102      100.96      101.62
1103     100.877     101.615
1104     100.877      101.61
1105     100.877     101.606
1106     100.877     101.602
1107     100.877       101.6
1108     100.877     101.597
1109     100.877     101.588
1110     100.877     101.582
1111     100.877     101.576
1112     100.877     101.567
1113     100.877     101.556
1114     100.877     101.541
1115     100.877     101.524
1116     100.309     101.505
1117     100.309     101.478
1118     100.309     101.448
1119     100.309     101.406
1120     100.309      101.37
1121     100.309     101.347
1122     100.309     101.332
1123     100.309     101.317
1124     100.309     101.281
1125     100.309     101.261
1126     100.309     101.229
1127     100.309      101.22
1128     100.309     101.212
1129     100.309     101.175
1130     100.309     101.167
1131     100.309     101.154
1132     100.309     101.139
1133     100.309     101.111
1134     100.309     101.097
1135     100.309     101.084
1136     100.309     101.073
1137     100.309     101.072
1138     100.309     101.054
1139     100.309     101.046
1140     100.309     101.034
1141     100.309     101.031
1142     100.309      101.03
1143     100.309     101.012
1144     100.309     101.008
1145     100.309     100.987
1146     100.309      100.97
1147     100.309      100.94
1148     100.309     100.929
1149     100.309      100.92
1150     100.309     100.899
1151     100.309     100.887
1152     100.309     100.871
1153     100.309     100.866
1154     100.309     100.858
1155     100.309      100.85
1156     100.168      100.82
1157     100.168     100.813
1158     99.7563     100.796
1159     99.7563     100.785
1160     99.7563     100.769
1161     99.7563     100.757
1162     99.7563     100.736
1163     99.7563     100.731
1164     99.7563     100.719
1165     99.7563     100.703
1166     99.7563     100.684
1167     99.7563     100.662
1168     99.7563     100.647
1169     99.7563      100.62
1170     99.7563     100.602
1171     99.7563     100.585
1172     99.7563     100.574
1173     99.7563     100.564
1174     99.7563     100.553
1175     99.7563     100.546
1176     99.7024     100.525
1177     99.7024     100.504
1178     99.7024     100.494
1179     99.7024     100.476
1180     99.7024     100.456
1181      99.439     100.431
1182      99.439     100.421
1183      99.439     100.397
1184      99.439     100.384
1185      99.439     100.365
1186      99.439     100.344
1187      99.439     100.326
1188      99.439     100.323
1189      99.439     100.302
1190      99.439     100.278
1191      99.439     100.257
1192      99.439     100.244
1193      99.439     100.233
1194      99.439     100.222
1195      99.439     100.211
1196      99.439     100.198
1197      99.439     100.191
1198      99.439     100.177
1199      99.439     100.164
