GEN:      BEST_LOSS:      AVERAGE_LOSS: 
0     13.8471     17.6599
1     13.8471     17.1637
2     13.6906     16.7874
3     13.6906     16.5034
4     13.5954     16.2287
5     13.5774     15.9886
6     13.5774     15.7257
7      13.262     15.4382
8     12.8851     15.1685
9     12.0967      14.947
10     12.0967     14.7358
11     12.0967     14.5492
12     11.9753     14.3318
13     11.9753     14.1466
14     11.9753     13.9656
15     11.9753     13.8084
16     11.3953     13.6328
17     11.3953     13.4508
18     11.3953     13.2619
19     11.2803     13.0918
20     10.8799     12.9493
21     10.8799     12.7902
22     10.8799     12.6447
23     10.7751     12.5261
24     10.7751     12.4026
25     10.7751      12.301
26     10.7751     12.1768
27     10.4735     12.0453
28     10.4735      11.917
29     9.52354     11.7939
30     9.52354     11.6794
31     9.52354     11.5846
32     9.52354     11.4984
33     9.52354     11.4101
34     9.52354     11.3175
35     9.52354     11.2119
36     9.52354     11.1087
37     9.52354     11.0175
38     9.52354     10.9105
39     9.52354     10.8064
40     9.10364     10.7126
41     9.10364     10.6248
42      8.4567     10.5407
43      8.4567     10.4466
44      8.4567     10.3628
45      8.4567     10.2854
46      8.4567     10.2096
47      8.4567     10.1209
48      8.4567     10.0515
49      8.4567     9.97055
50      8.4567     9.89125
51      8.4567     9.81608
52     8.23861     9.73504
53     8.23861     9.66389
54     8.23861     9.58967
55     8.23861     9.51609
56     8.23861     9.43985
57     8.23861     9.35702
58     8.23861     9.28983
59     8.23861     9.22383
60     8.17688     9.15928
61     8.17688     9.09505
62     8.07452     9.04108
63     8.07452     8.99226
64     8.07452     8.93753
65     8.07452     8.88575
66     8.07452     8.83977
67     8.07452      8.7871
68     8.07452     8.74417
69     7.90856      8.6987
70     7.90856     8.65953
71     7.90856      8.6209
72       7.825     8.57739
73     7.80736     8.52997
74     7.80736     8.49437
75     7.80736     8.46426
76     7.65087     8.44316
77     7.65087     8.42437
78     7.65087     8.40217
79     7.65087     8.38106
80     7.65087     8.35826
81     7.65087     8.33094
82     7.65087     8.29846
83     7.63051     8.26641
84     7.62478     8.23222
85     7.58874     8.20825
86     7.58874     8.18333
87     7.58874     8.15088
88     7.57194     8.11699
89     7.48342     8.09173
90     7.48342      8.0693
91     7.48342     8.04908
92     7.48342     8.02469
93     7.48342     7.99248
94      7.3904     7.96012
95     6.96297     7.92497
96     6.96297     7.88906
97     6.96297     7.85342
98     6.96297     7.82195
99     6.96297     7.78827
100     6.96297     7.76223
101     6.96297     7.73596
102     6.96297     7.69996
103     6.96297     7.66413
104     6.96297     7.63591
105     6.96297     7.61165
106     6.96297     7.59116
107     6.96297     7.57098
108     6.96297     7.55087
109     6.93785      7.5309
110     6.93785     7.51317
111     6.93785     7.48918
112     6.69479     7.46959
113     6.69479     7.45392
114     6.69479     7.43627
115     6.69479     7.41472
116     6.69479     7.38414
117     6.69479     7.34403
118     6.69479     7.30948
119     6.69479     7.26678
120     6.69479     7.21687
121     6.69479     7.16523
122     6.69479     7.11779
123     6.69479     7.07727
124     6.69479     7.04252
125     6.69479     7.01468
126     6.69479     6.98405
127     6.69479     6.95405
128     6.69479     6.93553
129     6.69479     6.91957
130     6.69479     6.89996
131     6.69479     6.88451
132     6.60987     6.86239
133     6.60987      6.8277
134     6.60987      6.8039
135     6.60987     6.78753
136     6.57919     6.77198
137     6.54343     6.76496
138     6.54343     6.75836
139     6.54343     6.75095
140     6.54343     6.74341
141     6.54343     6.73105
142     6.54343     6.70721
143     6.54343     6.67743
144     6.54343     6.65777
145     6.52845     6.64584
146     6.52845     6.63872
147     6.52845     6.63413
148     6.52845       6.627
149     6.52845     6.61593
150     6.52845     6.60351
151     6.52845     6.59797
152     6.52845     6.59396
153     6.52845     6.59293
154     6.52845      6.5914
155     6.52845     6.58934
156     6.50301     6.58632
157     6.50301      6.5832
158     6.50301     6.57819
159     6.50301     6.57126
160     6.50301     6.56164
161     6.50301      6.5573
162     6.50301     6.55586
163     6.50301     6.55285
164     6.44884     6.54767
165     6.44884     6.54336
166     6.44884      6.5413
167     6.44884     6.54016
168     6.44884      6.5389
169     6.43593     6.53647
170     6.43593      6.5326
171     6.43593     6.52987
172     6.43593     6.52966
173     6.43593     6.52963
174     6.43593     6.52885
175     6.43593     6.52837
176     6.43593     6.52812
177     6.43593     6.52801
178     6.43496     6.52759
179     6.43496      6.5274
180     6.43496      6.5269
181     6.37913     6.52594
182     6.37913     6.52467
183     6.37913      6.5234
184     6.37913     6.52217
185     6.37431     6.51959
186     6.37431     6.51824
187     6.37431     6.51782
188     6.23621     6.51507
189     6.23621     6.51326
190     6.23621     6.51027
191     6.23621     6.50597
192     6.23621     6.49731
193     6.23621     6.48636
194     6.23621      6.4809
195     6.23621     6.47363
196     6.23621     6.46454
197     6.23621     6.44808
198     6.23621     6.42171
199     6.23621     6.40423
200     6.23621     6.38464
201     6.23621     6.37586
202     6.23621     6.37494
203     6.23621     6.37325
204     6.23621     6.37194
205     6.23621     6.37175
206     6.23621     6.37165
207     6.23621     6.37128
208     6.23621     6.37128
209     6.20283     6.37074
210     6.20283     6.37027
211     6.20283     6.37027
212     6.20283     6.37008
213     6.20283     6.36979
214     6.20283     6.36941
215     6.20283     6.36904
216     5.97995     6.36789
217     5.97995     6.36771
218     5.97995     6.36664
219     5.97995     6.36565
220     5.97995     6.36511
221     5.97995     6.36417
222     5.97995     6.36327
223     5.97995     6.36214
224     5.97995     6.36023
225     5.97995     6.35813
226     5.97995     6.35458
227     5.97995      6.3486
228     5.97995     6.33748
229     5.97995     6.32176
230     5.97995     6.31555
231     5.93894      6.3129
232     5.93894     6.31179
233     5.93894     6.30903
234     5.93894     6.30529
235     5.93894     6.29763
236     5.93894      6.2864
237     5.93894     6.27605
238     5.93894     6.27187
239     5.93894     6.27067
240     5.93894     6.26953
241     5.93894      6.2692
242     5.93894     6.26734
243     5.93894     6.26523
244     5.93894     6.26195
245     5.93894     6.26055
246     5.93894     6.25625
247     5.93894     6.24774
248     5.93894     6.23757
249     5.93894     6.21866
250     5.93894     6.20469
251     5.93894     6.19158
252     5.92207     6.17812
253     5.92207     6.17296
254     5.92207     6.16338
255     5.92207     6.14625
256       5.705     6.11855
257       5.705     6.08362
258     5.62866     6.04202
259     5.62866      5.9938
260     5.54075     5.96362
261     5.54075     5.94674
262     5.54075     5.93593
263     5.54075     5.93513
264     5.54075     5.93417
265     5.54075     5.93225
266     5.54075     5.93032
267     5.54075     5.92812
268     5.54075     5.92435
269     5.54075      5.9182
270     5.54075     5.91431
271     5.54075     5.91334
272     5.54075     5.91187
273     5.54075     5.90994
274     5.54075     5.90722
275     5.54075     5.90222
276     5.52388     5.89571
277     5.52388     5.88728
278     5.52388     5.87828
279     5.52388     5.87265
280     5.52388     5.86012
281     5.52388     5.84403
282     5.52388     5.81701
283     5.52388     5.76583
284     5.52388     5.69794
285     5.52388      5.6808
286     5.52388     5.67231
287     5.52388     5.65798
288     5.52388     5.63913
289     5.52388     5.61442
290     5.52388      5.5818
291     5.52388     5.55277
292     5.52388     5.53973
293     5.52388      5.5393
294     5.52388     5.53876
295     5.52388     5.53804
296     5.52388     5.53702
297     5.52388     5.53523
298     5.52388     5.53233
299     5.52388     5.52737
300     5.52388     5.52624
301      5.5229      5.5244
302      5.5229     5.52388
303      5.5229     5.52388
304      5.5229     5.52388
305      5.5229     5.52388
306      5.5229     5.52388
307      5.5229     5.52388
308      5.5229     5.52388
309      5.5229     5.52388
310      5.5229     5.52388
311      5.5229     5.52388
312      5.5229     5.52388
313      5.5229     5.52388
314      5.5229     5.52388
315      5.5229     5.52388
316      5.5229     5.52388
317      5.5229     5.52388
318      5.5229     5.52388
319      5.5229     5.52388
320      5.5229     5.52388
321      5.5229     5.52388
322      5.5229     5.52388
323      5.5229     5.52388
324      5.5229     5.52388
325      5.5229     5.52388
326      5.5229     5.52388
327      5.5229     5.52388
328      5.5229     5.52388
329      5.5229     5.52388
330      5.5229     5.52388
331      5.5229     5.52388
332      5.5229     5.52388
333      5.5229     5.52388
334      5.5229     5.52388
335      5.5229     5.52388
336      5.5229     5.52388
337      5.5229     5.52388
338      5.5229     5.52388
339      5.5229     5.52388
340      5.5229     5.52388
341      5.5229     5.52388
342      5.5229     5.52388
343      5.5229     5.52388
344      5.5229     5.52387
345      5.5229     5.52387
346      5.5229     5.52387
347      5.5229     5.52387
348      5.5229     5.52387
349      5.5229     5.52387
350      5.5229     5.52387
351     5.36845     5.52356
352     5.36845     5.52356
353     5.36845     5.52356
354     5.36845     5.52356
355     5.36845     5.52356
356     5.26869     5.52305
357     5.26869     5.52305
358     5.26869     5.52305
359     5.26869     5.52305
360     5.26869     5.52305
361     5.26869     5.52305
362     5.26869     5.52305
363     5.26869     5.52305
364     5.26869     5.52305
365     5.26869     5.52305
366     5.26869     5.52305
367     5.26869     5.52305
368     5.26869     5.52305
369     5.26869     5.52305
370     5.26869     5.52305
371     5.26869     5.52305
372     5.26869     5.52305
373     5.26869     5.52305
374     5.26869     5.52274
375     5.26869     5.52274
376     5.26869     5.52274
377     5.26869     5.52274
378     5.26869     5.52274
379     5.26869     5.52274
380     5.26869     5.52274
381     5.26869     5.52274
382     5.26869     5.52232
383     5.26869     5.52232
384     5.26869     5.52232
385     5.26869     5.52232
386     5.26869     5.52232
387     5.26869     5.52232
388     5.26869     5.52232
389     5.26869     5.52191
390     5.26869     5.52191
391     5.26869     5.52144
392     5.26869     5.52042
393     5.26869     5.52042
394     5.26869     5.51908
395     5.26869     5.51908
396     5.26869     5.51908
397     5.26869     5.51908
398     5.26869     5.51857
399     5.26869     5.51778
400     5.26869     5.51778
401     5.26869     5.51778
402     5.26869     5.51778
403     5.26869     5.51727
404     5.26869     5.51727
405     5.26869     5.51727
406     5.26869     5.51685
407     5.26869     5.51638
408     5.26869     5.51607
409     5.26869     5.51607
410     5.26869     5.51545
411     5.26869     5.51514
412     5.26869     5.51441
413     5.26869     5.51441
414     5.26869     5.51326
415     5.26869     5.51253
416     5.26869     5.51173
417     5.26869     5.51131
418     5.21681     5.50853
419     5.21681     5.50731
420     5.21681     5.50638
421     5.21681     5.50397
422     5.21681     5.50058
423     5.21681     5.49663
424     5.21681     5.48838
425     5.21681     5.47315
426     5.21681     5.45067
427     5.21681     5.40521
428     5.21681     5.34691
429     5.21681     5.33665
430     5.21681     5.31688
431     5.21681      5.2977
432     5.21681     5.28733
433     5.21681     5.26964
434     5.21681     5.25631
435     5.21681     5.24942
436     5.21681     5.23711
437     5.21681     5.22358
438     5.21681     5.21681
439     5.21681     5.21681
440     5.21681     5.21681
441     5.21681     5.21681
442     5.21681     5.21681
443     5.21681     5.21681
444     5.21681     5.21681
445     5.21681     5.21681
446     5.21681     5.21681
447     5.21681     5.21681
448     5.21681     5.21681
449     5.21681     5.21681
450     5.21681     5.21681
451     5.21681     5.21681
452     5.21681     5.21681
453     5.21681     5.21681
454     5.21681     5.21681
455     5.21681     5.21681
456     5.21681     5.21681
457     5.21681     5.21681
458     5.21681     5.21681
459     5.21681     5.21681
460     5.21681     5.21681
461     5.21681     5.21681
462     5.21681     5.21681
463     5.21681     5.21681
464     5.21681     5.21681
465     5.21681     5.21681
466     5.15845     5.21669
467     5.15845     5.21669
468     5.15845     5.21669
469     5.15845     5.21669
470     5.15845     5.21669
471     5.15845     5.21669
472     5.15845     5.21669
473     5.15845     5.21669
474     5.15845     5.21669
475     5.15845     5.21669
476     5.15845     5.21657
477     5.15845     5.21657
478     5.15845     5.21646
479     5.15845     5.21646
480     5.15845     5.21646
481     5.15845     5.21622
482     5.15845     5.21611
483     5.15845     5.21564
484     5.15845     5.21517
485     5.15845     5.21471
486     5.15845     5.21366
487     5.15845     5.21214
488     5.15845     5.21015
489     5.15845     5.20724
490     5.15845     5.20304
491     5.15845     5.19615
492     5.15845     5.18339
493     5.15845     5.16169
494     5.15845     5.15845
495     5.15845     5.15845
496     5.15845     5.15845
497     5.15845     5.15845
498     5.15845     5.15845
499     5.15845     5.15845
500     5.15845     5.15845
501     5.15845     5.15845
502     5.15845     5.15845
503     5.15845     5.15845
504     5.15845     5.15845
505     5.15845     5.15845
506     5.15845     5.15845
507     5.15845     5.15845
508     5.15845     5.15845
509     5.15845     5.15845
510     5.15845     5.15845
511     5.15845     5.15845
512     5.15845     5.15845
513     5.15845     5.15845
514     5.15845     5.15845
515     5.15845     5.15845
516     5.15845     5.15845
517     5.15845     5.15845
518     5.15845     5.15845
519     5.15845     5.15845
520     5.15845     5.15845
521     5.15845     5.15845
522     5.15845     5.15845
523     5.15845     5.15845
524     5.15845     5.15845
525     5.15845     5.15845
526     5.15845     5.15845
527     5.15845     5.15845
528     5.15845     5.15845
529     5.15845     5.15845
530     5.15845     5.15845
531     5.15845     5.15845
532     5.15845     5.15845
533     5.15845     5.15845
534     5.15845     5.15845
535     5.15845     5.15845
536     5.15845     5.15845
537     5.15845     5.15845
538     5.15845     5.15845
539     5.15845     5.15845
540     5.15845     5.15845
541     5.15845     5.15845
542     5.15845     5.15845
543     5.15845     5.15845
544     5.15845     5.15845
545     5.15845     5.15845
546     5.15845     5.15845
547     5.15845     5.15845
548     5.15845     5.15845
549     5.15845     5.15845
550     5.15845     5.15845
551     5.15845     5.15845
552     5.15845     5.15845
553     5.15845     5.15845
554     5.15845     5.15845
555     5.15845     5.15845
556     5.15845     5.15845
557     5.15845     5.15845
558     5.15845     5.15845
559     5.15845     5.15845
560     5.15845     5.15845
561     5.15845     5.15845
562     5.15845     5.15845
563     5.15845     5.15845
564     5.15845     5.15845
565      5.1372     5.15841
566      5.1372     5.15841
567      5.1372     5.15837
568      5.1372     5.15837
569      5.1372     5.15837
570      5.1372     5.15833
571      5.1372     5.15833
572      5.1372     5.15828
573      5.1372     5.15824
574      5.1372      5.1582
575      5.1372      5.1582
576      5.1372     5.15811
577      5.1372     5.15811
578      5.1372     5.15811
579      5.1372     5.15803
580      5.1372     5.15803
581      5.1372     5.15794
582      5.1372     5.15786
583      5.1372     5.15777
584      5.1372     5.15769
585      5.1372     5.15748
586      5.1372     5.15718
587      5.1372     5.15692
588     5.11393     5.15658
589     5.11393     5.15628
590     5.11393     5.15569
591     5.11393     5.15479
592     5.11393     5.15296
593     5.11393     5.15019
594     5.11393     5.14521
595     5.11393     5.13735
596     5.11393     5.13697
597     5.11393     5.13692
598     5.11393     5.13687
599     5.11393     5.13683
600     5.11393     5.13678
601     5.11393     5.13669
602     5.11393     5.13655
603     5.11393     5.13641
604     5.11393     5.13613
605     5.11393      5.1359
606     5.11393     5.13576
607     5.11393     5.13515
608     5.11393     5.13441
609     5.11393     5.13324
610     5.11393     5.13166
611     5.11393      5.1285
612     5.11393     5.12268
613     5.11393     5.11398
614     5.11393     5.11393
615     5.11393     5.11393
616     5.11393     5.11393
617     5.11393     5.11393
618     5.11393     5.11393
619     5.11393     5.11393
620     5.11393     5.11393
621     5.11393     5.11393
622     5.11393     5.11393
623     5.11393     5.11393
624     5.11393     5.11393
625     5.11393     5.11393
626     5.11393     5.11393
627     5.11393     5.11393
628     5.11393     5.11393
629     5.11393     5.11393
630     5.11393     5.11393
631     5.11393     5.11393
632     5.11393     5.11393
633     5.11393     5.11393
634     5.11393     5.11393
635     5.11393     5.11393
636     5.11393     5.11393
637     5.11393     5.11393
638     5.11393     5.11393
639     5.11393     5.11393
640     5.11393     5.11393
641     5.11393     5.11393
642     5.11393     5.11393
643     5.11393     5.11393
644     5.11393     5.11393
645     5.11393     5.11393
646     5.11393     5.11393
647     5.11393     5.11393
648     5.11393     5.11393
649     5.11393     5.11393
650     5.11393     5.11393
651     5.11393     5.11393
652     5.11393     5.11393
653     5.11393     5.11393
654     5.11393     5.11393
655     5.11393     5.11393
656     5.11393     5.11393
657     5.11393     5.11393
658     5.11393     5.11393
659     5.11393     5.11393
660     5.11393     5.11393
661     5.11393     5.11393
662     5.11393     5.11393
663     5.11393     5.11393
664     5.11393     5.11393
665     5.11393     5.11393
666     5.11393     5.11393
667     5.11393     5.11393
668     5.11393     5.11393
669     5.11393     5.11393
670     5.11393     5.11393
671     5.11393     5.11393
672     5.11393     5.11393
673     5.11393     5.11393
674     5.11393     5.11393
675     5.11393     5.11393
676     5.11393     5.11393
677     5.11393     5.11393
678     5.11393     5.11393
679     5.11393     5.11393
680     5.11393     5.11393
681     5.11393     5.11393
682     5.11393     5.11393
683     5.11393     5.11393
684     5.11393     5.11393
685     5.11393     5.11393
686     5.11393     5.11393
687     5.11393     5.11393
688     5.11393     5.11393
689     5.11393     5.11393
690     5.11393     5.11393
691     5.11393     5.11393
692     5.11393     5.11393
693     5.11393     5.11393
694     5.11393     5.11393
695     5.11393     5.11393
696     5.11393     5.11393
697     5.11393     5.11393
698     5.11393     5.11393
699     5.11393     5.11393
700     5.11393     5.11393
701     5.11393     5.11393
702     5.11393     5.11393
703     5.11393     5.11393
704     5.11393     5.11393
705     5.11393     5.11393
706     5.11393     5.11393
707     5.11393     5.11393
708     5.11393     5.11393
709     5.11393     5.11393
710     5.11393     5.11393
711     5.11393     5.11393
712     5.11393     5.11393
713     5.11393     5.11393
714     5.11393     5.11393
715     5.11393     5.11393
716     5.11393     5.11393
717     5.11393     5.11393
718     5.11393     5.11393
719     5.11393     5.11393
720     5.11393     5.11393
721     5.11393     5.11393
722     5.11393     5.11393
723     5.11393     5.11393
724     5.11393     5.11393
725     5.11393     5.11393
726     5.11393     5.11393
727     5.11393     5.11393
728     5.11393     5.11393
729     5.11393     5.11393
730     5.11393     5.11393
731     5.11393     5.11393
732     5.11393     5.11393
733     5.11393     5.11393
734     5.11393     5.11393
735     5.11393     5.11393
736     5.11393     5.11393
737     5.11393     5.11393
738     5.11393     5.11393
739     5.11393     5.11393
740     5.11393     5.11393
741     5.11393     5.11393
742     5.11393     5.11393
743     5.11393     5.11393
744     5.11393     5.11393
745     5.11393     5.11393
746     5.11393     5.11393
747     5.11393     5.11393
748     5.11393     5.11393
749     5.11393     5.11393
750     5.11393     5.11393
751     5.11393     5.11393
752     5.11393     5.11393
753     5.11393     5.11393
754     5.11393     5.11393
755     5.11393     5.11393
756     5.11393     5.11393
757     5.11393     5.11393
758     5.11393     5.11393
759     5.11393     5.11393
760     5.11393     5.11393
761     5.11393     5.11393
762     5.11393     5.11393
763     5.11393     5.11393
764     5.11393     5.11393
765     5.11393     5.11393
766     5.11393     5.11393
767     5.11393     5.11393
768     5.11393     5.11393
769     5.11393     5.11393
770     5.11393     5.11393
771     5.11393     5.11393
772     5.11393     5.11393
773     5.11393     5.11393
774     5.11393     5.11393
775     5.11393     5.11393
776     5.11393     5.11393
777     5.11393     5.11393
778     5.11393     5.11393
779     5.11393     5.11393
780     5.11393     5.11393
781     5.11393     5.11393
782     5.11393     5.11393
783     5.11393     5.11393
784     5.11393     5.11393
785     5.11393     5.11393
786     5.11393     5.11393
787     5.11393     5.11393
788     5.11393     5.11393
789     5.11393     5.11393
790     5.11393     5.11393
791     5.11393     5.11393
792     5.11393     5.11393
793     5.11393     5.11393
794     5.11393     5.11393
795     5.11393     5.11393
796     5.11393     5.11393
797     5.11393     5.11393
798     5.11393     5.11393
799     5.11393     5.11393
800     5.11393     5.11393
801     5.11393     5.11393
802     5.11393     5.11393
803     5.11393     5.11393
804     5.11393     5.11393
805     5.11393     5.11393
806     5.11393     5.11393
807     5.11393     5.11393
808     5.11393     5.11393
809     5.11393     5.11393
810     5.11393     5.11393
811     5.11393     5.11393
812     5.11393     5.11393
813     5.11393     5.11393
814     5.11393     5.11393
815     5.11393     5.11393
816     5.11393     5.11393
817     5.11393     5.11393
818     5.11393     5.11393
819     5.11393     5.11393
820     5.11393     5.11393
821     5.11393     5.11393
822     5.11393     5.11393
823     5.11393     5.11393
824     5.11393     5.11393
825     5.11393     5.11393
826     5.11393     5.11393
827     5.11393     5.11393
828     5.11393     5.11393
829     5.11393     5.11393
830     5.11393     5.11393
831     5.11393     5.11393
832     5.11393     5.11393
833     5.11393     5.11393
834     5.11393     5.11393
835     5.11393     5.11393
836     5.11393     5.11393
837     5.11393     5.11393
838     5.11393     5.11393
839     5.11393     5.11393
840     5.11393     5.11393
841     5.11393     5.11393
842     5.11393     5.11393
843     5.11393     5.11393
844     5.11393     5.11393
845     5.11393     5.11393
846     5.11393     5.11393
847     5.11393     5.11393
848     5.11393     5.11393
849     5.11393     5.11393
850     5.11393     5.11393
851     5.11393     5.11393
852     5.11393     5.11393
853     5.11393     5.11393
854     5.11393     5.11393
855     5.11393     5.11393
856     5.11393     5.11393
857     5.11393     5.11393
858     5.11393     5.11393
859     5.11393     5.11393
860     5.11393     5.11393
861     5.11393     5.11393
862     5.11393     5.11393
863     5.11393     5.11393
864     5.11393     5.11393
865     5.11393     5.11393
866     5.11393     5.11393
867     5.11393     5.11393
868     5.11393     5.11393
869     5.11393     5.11393
870     5.11393     5.11393
871     5.11393     5.11393
872     5.11393     5.11393
873     5.11393     5.11393
874     5.11393     5.11393
875     5.11393     5.11393
876     5.11393     5.11393
877     5.11393     5.11393
878     5.11393     5.11393
879     5.11393     5.11393
880     5.11393     5.11393
881     5.11393     5.11393
882     5.11393     5.11393
883     5.11393     5.11393
884     5.11393     5.11393
885     5.11393     5.11393
886     5.11393     5.11393
887     5.11393     5.11393
888     5.11393     5.11393
889     5.11393     5.11393
890     5.11393     5.11393
891     5.11393     5.11393
892     5.11393     5.11393
893     5.11393     5.11393
894     5.11393     5.11393
895     5.11393     5.11393
896     5.11393     5.11393
897     5.11393     5.11393
898     5.11393     5.11393
899     5.11393     5.11393
900     5.11393     5.11393
901     5.11393     5.11393
902     5.11393     5.11393
903     5.11393     5.11393
904     5.11393     5.11393
905     5.11393     5.11393
906     5.11393     5.11393
907     5.11393     5.11393
908     5.11393     5.11393
909     5.11393     5.11393
910     5.11393     5.11393
911     5.11393     5.11393
912     5.11393     5.11393
913     5.11393     5.11393
914     5.11393     5.11393
915     5.11393     5.11393
916     5.11393     5.11393
917     5.11393     5.11393
918     5.11393     5.11393
919     5.11393     5.11393
920     5.11393     5.11393
921     5.11393     5.11393
922     5.11393     5.11393
923     5.11393     5.11393
924     5.11393     5.11393
925     5.11393     5.11393
926     5.11393     5.11393
927     5.11393     5.11393
928     5.11393     5.11393
929     5.11393     5.11393
930     5.11393     5.11393
931     5.11393     5.11393
932     5.11393     5.11393
933     5.11393     5.11393
934     5.11393     5.11393
935     5.11393     5.11393
936     5.11393     5.11393
937     5.11393     5.11393
938     5.11393     5.11393
939     5.11393     5.11393
940     5.11393     5.11393
941     5.11393     5.11393
942     5.11393     5.11393
943     5.11393     5.11393
944     5.11393     5.11393
945     5.11393     5.11393
946     5.11393     5.11393
947     5.11393     5.11393
948     5.11393     5.11393
949     5.11393     5.11393
950     5.11393     5.11393
951     5.11393     5.11393
952     5.11393     5.11393
953     5.11393     5.11393
954     5.11393     5.11393
955     5.11393     5.11393
956     5.11393     5.11393
957     5.11393     5.11393
958     5.11393     5.11393
959     5.11393     5.11393
960     5.11393     5.11393
961     5.11393     5.11393
962     5.11393     5.11393
963     5.11393     5.11393
964     5.11393     5.11393
965     5.11393     5.11393
966     5.11393     5.11393
967     5.11393     5.11393
968     5.11393     5.11393
969     5.11393     5.11393
970     5.11393     5.11393
971     5.11393     5.11393
972     5.11393     5.11393
973     5.11393     5.11393
974     5.11393     5.11393
975     5.11393     5.11393
976     5.11393     5.11393
977     5.11393     5.11393
978     5.11393     5.11393
979     5.11393     5.11393
980     5.11393     5.11393
981     5.11393     5.11393
982     5.11393     5.11393
983     5.11393     5.11393
984     5.11393     5.11393
985     5.11393     5.11393
986     5.11393     5.11393
987     5.11393     5.11393
988     5.11393     5.11393
989     5.11393     5.11393
990     5.11393     5.11393
991     5.11393     5.11393
992     5.11393     5.11393
993     5.11393     5.11393
994     5.11393     5.11393
995     5.11393     5.11393
996     5.11393     5.11393
997     5.11393     5.11393
998     5.11393     5.11393
999     5.11393     5.11393
