GEN:      BEST_LOSS:      AVERAGE_LOSS: 
0      441.08     499.579
1      441.08      492.34
2     412.725     485.732
3     412.725     479.504
4     412.725     473.977
5     410.822     468.371
6     410.822     463.437
7     403.965     458.705
8     403.965     454.214
9     397.361     448.963
10     394.068     444.242
11     382.086     440.137
12     367.669     436.011
13     365.187     431.318
14     365.187     427.014
15     365.187     422.421
16     361.555     418.315
17     361.555     414.361
18     361.555     410.126
19     361.555     405.651
20     361.555     402.127
21      360.93     398.719
22     353.522     395.822
23     353.522     392.626
24     343.172     389.524
25     343.172     387.082
26     343.172     384.759
27     343.172     382.825
28     339.101     380.562
29     339.101     378.235
30     339.101     376.215
31     339.101     374.379
32     339.101     372.789
33     339.101     371.096
34     339.101     369.734
35     337.174      368.42
36     331.446     367.287
37     331.446     365.558
38     331.446     364.644
39     331.446     363.023
40     327.511     361.635
41     327.511     360.396
42     326.305     359.308
43     326.305     358.179
44      325.46     356.904
45      325.46     355.473
46     312.746     353.886
47     312.746     352.962
48     312.746     351.923
49     312.746     350.505
50     311.302     348.821
51     310.822     347.279
52     305.769     346.026
53     305.769     344.789
54     305.769     343.279
55     304.622     341.856
56       300.8     340.312
57       300.8     338.912
58     298.498     337.296
59     298.498     335.948
60     284.951     334.003
61     284.951     332.194
62     284.951     329.881
63     278.875     327.271
64     278.875     324.626
65     278.875     322.319
66     278.167     319.757
67     278.167     317.364
68     265.244     314.625
69     265.244      312.56
70     265.244     309.829
71     265.244     307.502
72     265.244     305.344
73     265.244     303.299
74     265.244     301.555
75     264.698     299.361
76     264.698     297.942
77     262.009     296.021
78     262.009     294.616
79     261.068     292.833
80     261.068      291.37
81     257.136     289.999
82     257.136     288.407
83     257.136     287.174
84     257.136     286.018
85     256.035     285.222
86     256.035     284.405
87     255.431     283.345
88     255.431     282.363
89     255.431     281.409
90     255.431     280.516
91     252.388     279.366
92     249.739     278.347
93     249.739     277.092
94     249.739     276.057
95     241.346     275.076
96     241.346     274.279
97     241.346     273.148
98     241.346     271.945
99     241.346     271.373
100     240.754     270.096
101     240.754     269.333
102     240.754     268.448
103     240.754     267.789
104     240.754     266.586
105     240.754     265.671
106     236.209     264.679
107     236.209     263.542
108     236.209     262.649
109     236.209      261.66
110     236.209     260.697
111     234.892      259.76
112     234.892     259.066
113     230.216     258.172
114     230.216     257.182
115     230.216     256.265
116     229.635     255.376
117     229.635     254.342
118     229.635     253.323
119     229.635     252.541
120     226.403     251.389
121     225.088     250.217
122     224.436     249.097
123       220.6     248.184
124       220.6     247.329
125       220.6     246.741
126     218.405     246.095
127     218.405     245.062
128     218.405     243.831
129     218.405     243.163
130     218.348     242.344
131     211.962     241.353
132     211.962      240.13
133     211.962     239.384
134     211.962     238.346
135     211.962     237.221
136     211.962     236.483
137     211.962     235.724
138     211.962     234.912
139     211.962     234.111
140     211.962     233.313
141     211.962     232.433
142     211.962     231.949
143     211.691     231.169
144     211.691     230.499
145     211.691     229.891
146     211.691     229.364
147     211.691     228.617
148     211.691     227.875
149     211.691     227.358
150     211.691     226.745
151     209.197     225.899
152     209.197      225.38
153     209.197     224.793
154     205.749     224.207
155     203.181     223.404
156     203.181     222.906
157     203.181     222.027
158     203.181     221.509
159     203.181     221.058
160     203.181     220.566
161     201.312     220.006
162     201.312     219.475
163     201.312      219.09
164     201.312     218.403
165     201.312      217.95
166     201.312     217.433
167     201.312     216.959
168     201.312     216.319
169     201.312     215.619
170     201.312      215.17
171     201.312     214.879
172     197.006     214.512
173     197.006     213.963
174     197.006     213.408
175     197.006     212.925
176     194.857     212.502
177     194.857     212.042
178     194.857     211.507
179     194.857     211.183
180     194.857      210.82
181     192.885     210.349
182     192.885     209.934
183     192.885      209.72
184     192.885      209.35
185     192.885      209.09
186     191.897     208.765
187     191.897     208.498
188     191.897      208.23
189     191.897     208.082
190     191.897     207.853
191     191.528      207.54
192     191.528     207.304
193     191.528     206.964
194     191.528     206.784
195     191.528     206.627
196     189.593     206.354
197     189.593     206.063
198     189.593     205.904
199     189.593     205.707
200     189.593      205.29
201     184.979     205.105
202     184.979     204.997
203     184.979     204.655
204     184.979      204.28
205     184.979     203.971
206     184.979       203.7
207     184.979     203.495
208     184.979     203.377
209     184.979     203.181
210     184.979     202.952
211     178.729     202.551
212     178.729     202.305
213     178.729     202.229
214     178.729     201.873
215     178.729     201.744
216      170.75     201.241
217      170.75     201.086
218      170.75     200.635
219      170.75     200.274
220      170.75     200.104
221      170.75     199.865
222      170.75     199.689
223      170.75     199.208
224      170.75     198.959
225      170.75     198.682
226     168.508     198.135
227     168.508      197.53
228     168.508     197.152
229     168.508     196.784
230     168.508     196.151
231     168.508     195.661
232     168.508     195.332
233     168.508       194.6
234     168.508      194.11
235     168.508     193.384
236     159.829     192.808
237     159.829     192.301
238     159.829     191.762
239     159.829     191.287
240     159.829     190.947
241     159.829     190.309
242     159.829     189.534
243     159.829     188.486
244     159.829     187.996
245     159.829     187.411
246     159.829     186.676
247     159.829     185.871
248     159.829     185.016
249     159.829      184.32
250     159.829     183.783
251     159.829     183.149
252     159.829     182.344
253     159.713     181.025
254     159.713     180.398
255     159.713     179.522
256     159.713     178.696
257     159.713     178.084
258     159.713     177.781
259     159.713     177.191
260     159.713     176.581
261     150.686     175.829
262     150.686     175.504
263     150.686     174.642
264     150.686     174.127
265     150.686     173.995
266     150.686     173.243
267     150.686     172.864
268     150.686     172.644
269     150.686     172.007
270     150.686     171.492
271     150.686     170.953
272     150.686     170.538
273     150.686     170.132
274     150.686     169.661
275     150.686     169.386
276     150.424     168.866
277     150.424     168.651
278     150.424     168.174
279     150.424     167.839
280     150.424      167.55
281      149.84      167.24
282      149.84     167.025
283      149.84     166.899
284      149.84     166.623
285      149.84     166.424
286      149.84     166.216
287      149.84     165.821
288      149.84     165.528
289      149.84     165.454
290      149.84     165.112
291      149.84     164.745
292      149.84     164.415
293      149.84     163.969
294      149.84     163.755
295     148.466     163.517
296     148.466     163.235
297     148.466     162.738
298     148.466     162.427
299     148.466     162.073
300     148.466     161.687
301     148.466     161.356
302     148.466     161.145
303     148.466     160.716
304     148.466     160.385
305     148.466     160.191
306     146.477     159.717
307     146.477     159.428
308     146.477     159.137
309     146.477     158.804
310     146.477     158.593
311     134.712     158.435
312     134.712       158.3
313     134.712     157.994
314     134.712     157.621
315     134.712     157.348
316     134.712     157.104
317     134.712     156.914
318     134.712     156.881
319     134.712     156.675
320     134.712     156.406
321     134.712     156.194
322     134.712     156.035
323     134.712     155.904
324     134.712      155.78
325     134.712     155.421
326     134.712     155.018
327     134.712     154.901
328     134.712     154.785
329     134.712     154.528
330     134.712     154.442
331     134.712     154.255
332     134.712     154.091
333     134.712     153.862
334     134.712     153.598
335     134.712     153.393
336     134.712     153.275
337     134.712     152.897
338     134.712     152.555
339     134.712     152.322
340     134.712     152.039
341     134.712     151.695
342     134.712     151.599
343     134.712     151.635
344     134.712     151.161
345     134.712     150.983
346     130.231     150.657
347     130.231     150.505
348     130.231     150.292
349     130.231     149.938
350     130.231     149.863
351     130.231     149.596
352     130.231      149.46
353     130.231     149.272
354     130.231     149.133
355     130.231     149.057
356     130.231      148.86
357     130.231     148.613
358     130.231     148.524
359     130.231     148.374
360     130.231     148.023
361     130.231       147.7
362     130.231     147.447
363     130.231     147.162
364     130.231     146.997
365     130.231     146.511
366     130.231       146.2
367     130.231     145.788
368     130.231     145.353
369     130.231     144.996
370     130.231     144.738
371     130.231     144.305
372     130.231     143.814
373     130.231     143.741
374     130.231     143.487
375     130.231     143.191
376     127.152     142.752
377     127.152      142.37
378     127.152     142.022
379     127.152     141.626
380     127.152     141.362
381     127.152      141.03
382     127.152     140.691
383     127.152     140.487
384     127.152     140.321
385     127.152     140.015
386     126.158     139.711
387     126.158     139.477
388     126.158      139.31
389     126.158     139.063
390     126.158     138.726
391     121.313      138.63
392     121.313     138.405
393     121.313     138.119
394     121.313      137.86
395     121.313     137.639
396     121.313     137.382
397     121.313     137.086
398     121.313     136.742
399     121.313     136.378
400     121.313     135.943
401     121.313     135.631
402     121.313     135.318
403     121.313     135.179
404     121.313     135.011
405     121.313     134.738
406     121.313     134.404
407     121.313     134.108
408     121.313     133.958
409     121.313     133.614
410     121.313     133.346
411     120.948     133.011
412     120.948     132.815
413     120.948     132.367
414     120.948     132.261
415     120.948     132.067
416     120.948     131.829
417     120.948     131.759
418     120.948     131.498
419     120.948     131.493
420     120.948      131.28
421     120.948     130.936
422     120.948     130.654
423     120.948     130.409
424     120.948     130.219
425     120.948     130.115
426     120.948      129.95
427     120.948     129.634
428     120.427     129.522
429     120.427     129.382
430     120.427     129.278
431     120.427     129.141
432     120.427     128.837
433     120.427     128.654
434     119.754     128.466
435     119.754     128.265
436     119.754     127.886
437     119.754     127.547
438     119.754     127.439
439     119.754     127.228
440     119.754     127.083
441     118.158     126.689
442     117.328     126.455
443     117.328     126.375
444     117.328     126.217
445     117.328     126.038
446     117.328     125.958
447     117.328     125.923
448     117.328     125.793
449     117.328     125.774
450     117.328     125.667
451     117.328     125.577
452     117.328     125.442
453     117.328     125.316
454     117.328     125.221
455     117.328     125.152
456     115.317     124.999
457     115.317     125.061
458     115.317     125.083
459     115.317     124.894
460     115.317     124.881
461     114.964     124.617
462     114.964     124.444
463     114.964     124.337
464     114.964     124.149
465     114.964     124.036
466     114.964     123.958
467     114.964     123.786
468     114.964     123.623
469     114.964       123.5
470     114.964     123.434
471     113.083     123.302
472     113.083     123.203
473     113.083     123.071
474     113.083     122.856
475     113.083     122.708
476     112.841     122.568
477     112.841     122.243
478     112.841     121.981
479     112.841     121.915
480     112.841     121.793
481      112.33     121.711
482      112.33     121.672
483      112.33     121.492
484      112.33     121.417
485      112.33     121.293
486      112.33     121.088
487      112.33     120.987
488      112.33     120.822
489      112.33     120.628
490      112.33      120.55
491      112.33     120.329
492      112.33     120.206
493      112.33     120.128
494      112.33     119.908
495     112.299     119.737
496     108.188      119.66
497     108.188      119.46
498     108.188     119.348
499     108.188     119.162
500     108.188     118.911
501     108.188     118.646
502     108.188     118.421
503     108.188     118.249
504     108.188     117.981
505     108.188     117.698
506     108.188     117.456
507     108.188     117.231
508     108.188     116.962
509     108.188     116.595
510     108.188     116.391
511     108.188     116.163
512     107.636     115.917
513     107.636      115.61
514     107.636     115.349
515     107.636     114.988
516     106.609     114.751
517     106.609      114.61
518     106.609     114.413
519     106.609     114.253
520     106.609     114.036
521     106.292     113.864
522     106.292     113.638
523     106.292     113.424
524     106.292     113.305
525     106.292     113.016
526     105.561     112.869
527     105.561     112.771
528     105.561     112.645
529     105.561     112.434
530     105.561      112.27
531     103.647     112.085
532     103.647     111.948
533     103.647     111.656
534     103.647      111.55
535     103.647     111.402
536     103.647     111.319
537     103.647     111.186
538     103.647     111.027
539     103.647     110.761
540     103.647     110.631
541     103.206     110.475
542     103.206     110.288
543     103.206     110.092
544     102.827      109.98
545     102.827     109.805
546     102.827     109.693
547     102.649     109.505
548     102.649     109.338
549     102.649     109.198
550     101.817     108.983
551     100.141     108.741
552     100.141     108.511
553     100.141     108.253
554     100.141      107.97
555     100.141     107.806
556     100.679     107.597
557     100.679      107.52
558     100.679     107.346
559     100.679     107.158
560     99.3165     106.967
561     99.3165      106.74
562     99.3165     106.459
563     99.3165     106.308
564     99.3165     106.131
565     99.3165     105.936
566     99.1874     105.757
567     99.1874     105.494
568     99.1874     105.406
569     98.0517      105.16
570     98.0517      105.01
571     98.0517     104.735
572     98.0517     104.597
573     98.0517     104.458
574     98.0517     104.392
575     98.0517     104.337
576     97.3329     104.102
577     97.3329     103.827
578     97.3329     103.731
579     97.3329     103.579
580     97.3329     103.428
581     97.3329     103.374
582     97.3329     103.189
583     97.3329     103.087
584     97.3329     102.945
585     97.3329     102.836
586     97.2684     102.787
587      96.487     102.603
588      96.487     102.464
589      96.487     102.311
590      96.487     102.131
591      96.487     101.962
592      96.487     101.742
593     95.1506     101.575
594     95.1506     101.402
595     95.1506     101.215
596     95.1506     101.097
597     95.1506     100.963
598     93.5107     100.851
599     93.5107     100.669
600     93.5107     100.516
601     93.5107     100.386
602     93.5107     100.284
603     93.5107     100.131
604     93.5107     100.011
605     93.5107     99.8872
606     93.5107     99.7311
607     92.9415     99.5906
608     92.9415     99.4353
609     92.9415     99.2627
610     92.9415     99.1415
611     92.9415     99.0824
612     92.9415     98.9336
613     92.9415     98.7794
614     92.9415     98.6299
615     92.9415     98.5412
616     92.9415     98.4149
617     92.9415     98.2737
618     92.9415     98.2018
619     92.9415     98.1107
620     92.9415     97.8691
621     92.4519     97.7878
622     92.4519     97.6273
623     92.4519     97.4854
624     92.0647      97.373
625     92.0647     97.2945
626     92.0647      97.139
627     92.0647      97.021
628     92.0647      96.882
629     92.0647     96.7316
630     92.0647     96.5988
631     91.9557     96.5129
632     91.9557     96.3831
633     91.9557     96.2728
634     91.9557     96.1668
635     91.9557     95.9781
636     91.2828     95.8655
637     91.2828     95.6064
638     91.2828      95.469
639     91.2828      95.348
640     91.2828     95.2398
641     91.2586     95.0607
642     91.2586     94.9014
643     91.0903     94.7149
644     90.8866      94.533
645     90.8866     94.4432
646     90.8866     94.3158
647     90.8866     94.1563
648     90.8866     94.0183
649     90.8239     93.9305
650     90.8239     93.7804
651     90.8239      93.681
652     90.8225      93.523
653     90.8225     93.3768
654     90.7703     93.2663
655     90.3877     93.1996
656     90.3877     93.1409
657     90.3877     93.0329
658     90.3877     92.9518
659     90.3528      92.889
660     90.3528     92.7823
661     90.3528     92.7012
662     90.3528     92.6124
663     90.3528     92.4628
664     90.3528     92.3926
665     90.3528     92.3319
666     90.3528     92.2433
667     90.3528     92.1773
668     90.3528     92.1672
669     90.3528     92.1068
670     90.3528     91.9929
671     90.3528     91.9359
672     90.3528     91.8599
673     90.3528     91.7763
674     90.1803     91.7073
675     89.6418     91.6157
676     89.6418     91.5487
677     87.9259     91.4812
678     87.9259     91.4479
679     87.9259     91.3971
680     87.9259     91.3292
681     87.9259     91.2891
682     87.9259     91.2363
683     87.9259     91.1934
684     87.9259     91.1662
685     87.9259     91.1535
686     87.9259     91.1322
687     87.9259     91.1008
688     87.9259     91.0832
689     87.9259     91.0465
690     87.9259     91.0122
691     87.9259      90.958
692     87.9259     90.9244
693     87.9259     90.9046
694     87.8254     90.8619
695     87.8254     90.8479
696     87.8254     90.8314
697     87.8254     90.7885
698     87.8254     90.7573
699     87.8254     90.7062
700     87.8254     90.6717
701     87.8254     90.6511
702     87.8254     90.6042
703     87.8254     90.5626
704     87.8254     90.5533
705     87.8254       90.54
706     87.8254     90.5039
707     87.8254       90.48
708     87.8254     90.4391
709     87.8254     90.3978
710     87.8254     90.3788
711     87.8254     90.3517
712     87.8254     90.3252
713     87.8254     90.2887
714     87.8254     90.2383
715     87.8254     90.2062
716     87.8254     90.1886
717     87.8254     90.1594
718     87.8254     90.0989
719     87.6577     90.0744
720     87.6577      90.046
721     87.6577     90.0077
722     87.6577     89.9781
723     87.6577     89.9142
724     87.6577      89.867
725     87.6577     89.8126
726     87.6577     89.7535
727     87.0304     89.7117
728     87.0304     89.6771
729     87.0304     89.6299
730     87.0304     89.6077
731     87.0304     89.5733
732     87.0304     89.5284
733     87.0304     89.4679
734     87.0304     89.4471
735     87.0304     89.3925
736     87.0304     89.3572
737     87.0304     89.3214
738     87.0304     89.2773
739     87.0304      89.261
740     87.0304     89.2361
741     87.0304     89.1979
742     87.0304     89.1759
743     87.0304     89.1534
744     87.0304     89.1478
745     87.0304     89.0994
746     86.8764     89.0707
747     86.8764     89.0083
748     86.8764       88.97
749     86.8764     88.9569
750     86.8764     88.9036
751     86.8764     88.8952
752     86.8764     88.8731
753     86.2441     88.8037
754     86.2441      88.753
755     86.2441     88.7299
756     85.3481     88.6986
757     85.3481     88.6959
758     85.3481      88.596
759     85.3481     88.5734
760     85.3481     88.5689
761     84.5038     88.5089
762     84.5038     88.4432
763     84.5038     88.4079
764     84.5038     88.3781
765     84.5038     88.3062
766     84.5038      88.289
767     84.5038     88.2582
768     84.5038     88.2066
769     84.5038     88.1781
770     84.5038     88.1379
771     84.5038     88.1082
772     84.5038     88.0542
773     84.5038     88.0163
774     84.5038     87.9817
775     84.5038     87.9569
776     84.5038     87.9629
777     84.5038     87.9027
778     84.5038     87.8853
779     84.5038     87.8615
780     84.5038     87.8317
781     84.5038     87.7888
782     84.5038     87.7471
783     83.9949     87.6965
784     83.9949     87.6442
785     83.9949     87.6023
786     83.6964     87.5352
787     83.6964     87.5164
788     83.6964     87.4593
789     83.6964     87.3803
790     83.6964      87.314
791     83.6964     87.2646
792     83.6964     87.1717
793     83.6964      87.035
794     83.6964     86.9763
795     83.6964      86.878
796     83.3835     86.8184
797     83.3835      86.763
798     83.3835     86.6365
799     83.3835     86.5264
800     83.3835     86.4671
801     83.3835     86.3521
802     83.3835     86.2482
803     83.3835     86.1613
804     83.3835      86.092
805     83.3835     86.0357
806     83.3835     85.9466
807     83.3835      85.829
808     83.1521      85.653
809     83.1521     85.5758
810     83.1521      85.524
811     83.1521     85.3762
812     82.8328     85.2223
813     82.8328     85.1335
814     82.8328     84.9764
815     82.8328     84.8518
816     82.8328     84.7749
817     82.8328     84.6877
818     82.8328     84.5571
819     82.8328     84.4388
820     82.8328     84.3748
821     82.8328     84.3076
822     82.8328       84.21
823     82.8328     84.1353
824     82.8328     84.0714
825     82.8281     84.0429
826     82.1882     83.9812
827     82.1882     83.9306
828     82.1882     83.8627
829     82.1882     83.8437
830     82.1882     83.8219
831     82.1505     83.7868
832     82.1505     83.7772
833     80.8206     83.7197
834     80.8206     83.6542
835     80.8206     83.6152
836     80.8206     83.5998
837     80.8206      83.549
838     80.8206      83.507
839     80.2735     83.4632
840     80.2735     83.3995
841     80.2735     83.3816
842     80.2735     83.3446
843     80.2735     83.2732
844     80.2735      83.251
845     80.2735      83.224
846     80.2735     83.1802
847     80.2735     83.1245
848     80.2735     83.0793
849     80.2735     83.0126
850     80.2735     82.9705
851     80.2735     82.9239
852     80.2735     82.8464
853     80.2735     82.8079
854     80.2735     82.7687
855     80.2735     82.7006
856      77.401     82.6493
857      77.401     82.5991
858      77.401     82.5934
859      77.401     82.5653
860      77.401      82.512
861      77.401     82.4592
862      77.401     82.4364
863      77.401       82.42
864      77.401     82.3968
865      77.401     82.3712
866     76.2514     82.3366
867     76.2514     82.3002
868     76.2514     82.2621
869     76.2514     82.2487
870     76.2514     82.1979
871     76.2514     82.1447
872     76.2514     82.0874
873     76.2514     82.0519
874     76.2514     82.0456
875     76.2514     82.0353
876     76.2514     81.9702
877     76.2514      81.937
878     76.2514     81.9119
879     76.2514     81.8707
880     76.2514     81.8534
881     76.2514     81.8385
882     76.2514     81.8192
883     76.2514     81.8473
884     76.2514     81.8226
885     76.2514     81.8189
886     76.2514     81.8358
887     76.2514      81.824
888     76.2514     81.8517
889     76.2514     81.8278
890     76.2514     81.8432
891     76.2514     81.8487
892     76.2514     81.8036
893     76.2514      81.764
894     76.2514     81.8015
895     76.2514     81.7838
896     76.2514     81.7658
897     76.2514      81.745
898     76.2514     81.7274
899     76.2514      81.716
900     76.2514     81.6701
901     76.2514     81.6318
902     76.2514     81.6218
903     76.2514      81.612
904     76.2514     81.6247
905     76.2514     81.6093
906     76.2514     81.5485
907     76.2514     81.5482
908     76.2514      81.557
909     76.2514     81.5714
910     76.2514     81.5081
911     76.2514     81.5261
912     76.2514     81.4603
913     76.2514     81.4335
914     76.2514     81.4247
915     76.2514     81.3685
916     76.2514     81.3352
917     76.2514     81.2773
918     76.2514     81.3922
919     76.2514     81.2875
920     76.2514     81.2743
921     76.2514      81.238
922     76.2514     81.2062
923     76.1975     81.0716
924     76.1975     81.0047
925     76.1975     80.8815
926     76.1975     80.8393
927     76.1975     80.8022
928     76.0703     80.6771
929     76.0703     80.6236
930     76.0703     80.5486
931     75.9037     80.4499
932     75.9037     80.3331
933     75.6349     80.1209
934     75.6349     79.9616
935     75.6349     79.7739
936     75.2652     79.4823
937     75.2652     79.1719
938     75.2652     78.9293
939     75.2652     78.6881
940     75.1073     78.4433
941     75.1073     78.2638
942     75.1073     78.0833
943     75.1073     77.8969
944     75.1073      77.667
945     75.1073     77.5109
946     75.1073     77.3393
947     75.1073      77.179
948     75.1073     77.0285
949     75.1073     76.9723
950     75.1073     76.8441
951     75.0127     76.7899
952     75.0127     76.6962
953     75.0127     76.6396
954     75.0127     76.5781
955     74.8964     76.4751
956     74.5731     76.3385
957     74.5731     76.2785
958     74.5731     76.2367
959     74.5731     76.1726
960     74.5731     76.0965
961     74.5731     76.0475
962     74.5731     76.0192
963     74.5731     75.9995
964     74.5731     75.9831
965     74.5731     75.9445
966     74.4363     75.8883
967     74.4363     75.8271
968     74.4363     75.7698
969     74.3823     75.7162
970     74.3823      75.629
971     74.3823       75.58
972     74.3823      75.516
973     74.2661     75.5048
974      74.116      75.457
975     74.0886     75.3897
976     73.6137     75.3588
977      73.552     75.3027
978      73.552     75.2691
979      73.552      75.231
980      73.552     75.2024
981      73.552     75.1398
982     73.4884     75.0981
983     73.3789     75.0504
984     73.3789     75.0048
985     73.3789     74.9483
986     73.3789      74.925
987     73.3789     74.8827
988     73.3789     74.8209
989     73.3789     74.7958
990     73.3789     74.7122
991     73.3789     74.6497
992     73.3789     74.6056
993     73.3789     74.5461
994     73.3789     74.4897
995     73.3789      74.453
996     73.2339     74.4162
997     73.2339     74.3683
998     73.2339     74.3429
999     73.2339     74.2889
1000     73.2339      74.232
1001      73.177     74.1638
1002      73.177     74.1068
1003      73.177     74.0671
1004      73.177     73.9885
1005      73.177     73.9939
1006      73.177     73.9142
1007      73.177     73.8761
1008      73.177     73.8392
1009      73.177     73.8035
1010      73.177     73.7745
1011     72.2499     73.7269
1012     72.2499     73.7083
1013     72.2499     73.6871
1014     72.2499     73.6301
1015     72.2499     73.6208
1016     72.2499     73.5987
1017     72.2499     73.5706
1018     72.2499     73.5295
1019     72.2499     73.5063
1020     72.2499     73.4848
1021     72.2499     73.4626
1022     72.2499     73.4613
1023     72.2499     73.4524
1024     72.2499     73.4366
1025     72.2499     73.4117
1026     72.2499     73.3985
1027     72.2499     73.3736
1028     72.2499     73.3462
1029     72.2499     73.3364
1030     72.2499     73.3126
1031     72.2499     73.3045
1032     72.2499     73.2943
1033     72.2499     73.2759
1034     72.2499     73.2709
1035     72.2499      73.259
1036     72.2499     73.2505
1037     72.2499     73.2474
1038     72.2499     73.2374
1039     72.2499     73.2224
1040     72.2499     73.2111
1041     72.2499     73.2011
1042     72.2499     73.1958
1043     72.2499     73.1955
1044     72.2499      73.191
1045     72.2499     73.1907
1046     72.2499     73.1873
1047     72.2499     73.1862
1048     72.2499     73.1837
1049     72.2499     73.1806
1050     72.2499     73.1778
1051     72.2499     73.1717
1052     72.2499     73.1694
1053     72.2499     73.1685
1054     72.2499     73.1681
1055     72.2499     73.1676
1056      72.123     73.1648
1057      72.123     73.1647
1058      72.123     73.1644
1059      72.123      73.164
1060      72.123     73.1638
1061      72.123     73.1635
1062      72.123     73.1632
1063      72.123     73.1627
1064      72.123     73.1622
1065      72.123     73.1621
1066      72.123     73.1617
1067     71.6557     73.1581
1068     71.6557     73.1579
1069     71.6557     73.1544
1070     71.6557      73.154
1071     71.6557     73.1538
1072     71.6557     73.1533
1073     71.6557      73.153
1074     71.6557     73.1527
1075     71.6557     73.1525
1076     71.6557     73.1481
1077     71.6557     73.1477
1078     71.6557     73.1476
1079     71.6557      73.147
1080     71.6557     73.1428
1081     71.6557     73.1421
1082     71.6557     73.1413
1083     71.6557     73.1401
1084     71.6557     73.1384
1085     71.6557     73.1372
1086     71.0382     73.1294
1087     71.0382     73.1288
1088     71.0382     73.1231
1089     71.0382     73.1265
1090     71.0382     73.1196
1091     71.0382     73.1155
1092     71.0382     73.1107
1093     71.0382     73.1044
1094     71.0382     73.0945
1095     71.0382     73.0839
1096     71.0382     73.0778
1097     71.0382     73.0762
1098     71.0382     73.0709
1099     71.0382     73.0673
1100     71.0382     73.0652
1101     71.0382     73.0622
1102     71.0382     73.0571
1103     71.0382     73.0531
1104     71.0382     73.0496
1105     71.0382     73.0427
1106     71.0382      73.033
1107     71.0382     73.0269
1108     71.0382      73.022
1109     71.0382     73.0148
1110     71.0382     73.0065
1111     71.0382     73.0083
1112     71.0382     73.0016
1113     71.0382     73.0063
1114     71.0382     72.9992
1115     71.0382     72.9965
1116     71.0382     72.9928
1117     71.0382     72.9879
1118     71.0382     72.9805
1119     71.0382       73.01
1120     71.0382     72.9964
1121     71.0382      72.981
1122     71.0382     72.9766
1123     71.0382      72.982
1124     71.0382     72.9705
1125     71.0382      72.977
1126     71.0382     72.9918
1127     71.0382     73.0035
1128     71.0382     73.0091
1129     71.0382      72.972
1130     71.0382     72.9445
1131     71.0382     72.9349
1132     71.0382     72.9193
1133     71.0382     72.9123
1134     71.0382     72.9013
1135     71.0382     72.8901
1136     71.0382     72.8828
1137     71.0382     72.8783
1138     71.0382     72.8937
1139     71.0382     72.8756
1140     71.0382     72.8765
1141     71.0382     72.8621
1142     71.0382     72.8528
1143     71.0382     72.8467
1144     71.0382     72.8432
1145     71.0382     72.8368
1146     71.0382      72.828
1147     71.0382     72.8193
1148     71.0382     72.8158
1149     71.0382     72.8096
1150     71.0382     72.8118
1151     71.0382     72.8081
1152     71.0382      72.808
1153     71.0382     72.8032
1154     71.0382     72.8016
1155     71.0382     72.7964
1156     71.0382     72.8812
1157     71.0382     72.8604
1158     71.0382     72.8142
1159     71.0382     72.9062
1160     71.0382      72.835
1161     71.0382     72.8397
1162     71.0382     72.8072
1163     71.0382       72.78
1164     71.0382     72.7714
1165     71.0382     72.8194
1166     71.0382     72.7973
1167     71.0382     72.8344
1168     71.0382     72.8277
1169     71.0382     72.8255
1170     71.0382     72.8244
1171     71.0382     72.8324
1172     71.0382     72.8561
1173     71.0382      72.949
1174     71.0382     72.9455
1175     71.0382     72.9113
1176     71.0382     73.0212
1177     71.0382     73.0517
1178     71.0382     73.0126
1179     71.0382     73.0178
1180     71.0382     73.1466
1181     70.8184     73.1005
1182     70.8184     73.1349
1183     70.8184     73.0586
1184     70.8184     72.9746
1185     70.8184     72.9258
1186     70.8184     72.8477
1187     70.7895     72.8074
1188     70.5927     72.7632
1189     70.5927     72.6742
1190     70.5927     72.6381
1191     70.5927     72.5984
1192     70.5927     72.4999
1193     70.5927     72.4242
1194     70.5927      72.388
1195     70.5927     72.3168
1196     70.5927     72.1731
1197     70.5354     72.0472
1198     70.5354     71.9942
1199     70.5354     71.9755
1200     70.5354     71.9631
1201     70.5354     71.8646
1202     70.5354     71.8739
1203     70.5354     71.8074
1204     70.5354      71.752
1205     70.5354     71.6429
1206     70.5354     71.5788
1207     70.5354     71.4705
1208     70.5354     71.4128
1209     70.5354     71.3802
1210     70.5354     71.3073
1211     70.5354     71.2484
1212     70.5354     71.1867
1213     70.5354     71.1128
1214     70.5354     71.0699
1215     70.5354     71.0261
1216     70.5354     70.9505
1217     70.5354     70.8973
1218     70.5268     70.8625
1219     70.5268     70.8182
1220     70.5268     70.7588
1221     70.5268     70.7218
1222     70.5268     70.6762
1223     70.5268     70.6618
1224     70.5268     70.6533
1225     70.5268     70.6495
1226     70.5268     70.6376
1227     70.5268     70.6222
1228     70.5268      70.608
1229     70.5268     70.5989
1230     70.5268      70.591
1231     70.5268     70.5824
1232     70.5268      70.577
1233     70.5268     70.5714
1234     70.5268     70.5691
1235     70.5268     70.5668
1236     70.5268     70.5644
1237     70.5268     70.5631
1238     70.5268      70.562
1239     70.5268     70.5618
1240     70.5268     70.5605
1241     70.5268     70.5598
1242     70.5268     70.5582
1243     70.5268     70.5566
1244     70.5268     70.5551
1245     70.5268      70.555
1246     70.5268     70.5527
1247     70.5268     70.5515
1248     70.5268     70.5495
1249     70.5268     70.5473
1250     70.5268     70.5458
1251     70.5268     70.5434
1252     70.5268     70.5411
1253     70.5268     70.5388
1254     70.5268     70.5368
1255     70.5268     70.5341
1256     70.5268     70.5326
1257     70.5268     70.5316
1258     70.5268     70.5296
1259     70.5268     70.5281
1260     70.5268     70.5273
1261     70.5268     70.5269
1262     70.5268     70.5268
1263     70.5268     70.5268
1264     70.5268     70.5268
1265     70.5268     70.5268
1266     70.5268     70.5268
1267     70.5268     70.5268
1268     70.5268     70.5268
1269     70.5268     70.5268
1270     70.5268     70.5268
1271     70.4124     70.5265
1272     70.4124     70.5265
1273     70.4124     70.5263
1274     70.4124     70.5263
1275     70.4124     70.5261
1276     70.4124     70.5256
1277     70.4124     70.5256
1278     70.4124     70.5252
1279     70.4124     70.5249
1280     70.4124     70.5249
1281     70.4124     70.5245
1282     70.4124      70.524
1283     70.4124     70.5236
1284     70.4124     70.5229
1285     70.4124     70.5224
1286     70.4124     70.5208
1287     70.4124      70.519
1288     70.4124     70.5165
1289     70.4124     70.5142
1290     70.4124     70.5098
1291     70.4124     70.5034
1292     70.4124     70.4954
1293     70.4124     70.4897
1294     70.4124     70.4876
1295     70.4124     70.4831
1296     70.4124     70.4822
1297     70.4124     70.4801
1298     70.4124      70.476
1299     70.4124     70.4721
1300     70.4124     70.4691
1301     70.4124     70.4645
1302     70.4124     70.4609
1303     70.4124     70.4572
1304     70.4124     70.4526
1305     70.4124     70.4492
1306     70.4124     70.4462
1307     70.4124     70.4428
1308     70.4124     70.4405
1309     70.4124     70.4385
1310     70.4124     70.4353
1311     70.4124     70.4341
1312     70.4124       70.43
1313     70.4124     70.4266
1314     70.4124     70.4231
1315     70.4124     70.4188
1316     70.4124     70.4142
1317     70.4124     70.4124
1318     70.4124     70.4124
1319     70.4124     70.4124
1320     70.4124     70.4124
1321     70.4124     70.4124
1322     70.4124     70.4124
1323     70.4124     70.4124
1324     70.4124     70.4124
1325     70.4124     70.4124
1326     70.4124     70.4124
1327     70.4124     70.4124
1328     70.4124     70.4124
1329     70.4124     70.4124
1330     70.4124     70.4124
1331     70.4124     70.4124
1332     70.4124     70.4124
1333     70.4124     70.4124
1334     70.4124     70.4124
1335     70.4124     70.4124
1336     70.4124     70.4124
1337      69.863     70.4113
1338      69.863     70.4113
1339      69.863     70.4113
1340      69.863     70.4113
1341      69.863     70.4113
1342      69.863     70.4113
1343      69.863     70.4113
1344      69.863     70.4113
1345      69.863     70.4113
1346      69.863     70.4113
1347      69.863     70.4113
1348      69.863     70.4113
1349      69.863     70.4113
1350      69.863     70.4113
1351      69.863     70.4113
1352      69.863     70.4113
1353      69.863     70.4113
1354      69.863     70.4113
1355      69.863     70.4113
1356      69.863     70.4113
1357      69.863     70.4113
1358      69.863     70.4185
1359      69.863     70.4113
1360      69.863     70.4113
1361      69.863     70.4113
1362      69.863     70.4113
1363      69.863     70.4113
1364      69.863     70.4113
1365      69.863     70.4113
1366      69.863     70.4113
1367      69.863     70.4113
1368      69.863     70.4113
1369      69.863     70.4113
1370      69.863     70.4113
1371      69.863     70.4113
1372      69.863     70.4113
1373      69.863     70.4113
1374      69.863     70.4113
1375      69.863     70.4113
1376      69.863     70.4113
1377      69.863     70.4113
1378      69.863     70.4113
1379      69.863     70.4113
1380      69.863     70.4113
1381      69.863     70.4113
1382      69.863     70.4113
1383      69.863     70.4113
1384      69.863     70.4113
1385      69.863     70.4113
1386      69.863     70.4113
1387      69.863     70.4113
1388      69.863     70.4113
1389      69.863     70.4113
1390      69.863     70.4113
1391      69.863     70.4113
1392      69.863     70.4113
1393      69.863     70.4113
1394      69.863     70.4113
1395      69.863     70.4113
1396      69.863     70.4113
1397      69.863     70.4113
1398      69.863     70.4113
1399      69.863     70.4113
1400      69.863     70.4113
1401      69.863     70.4113
1402      69.863     70.4113
1403      69.863     70.4113
1404      69.863     70.4113
1405      69.863     70.4113
1406      69.863     70.4113
1407      69.863     70.4113
1408      69.863     70.4113
1409      69.863     70.4113
1410      69.863     70.4113
1411      69.863     70.4112
1412      69.863     70.4112
1413      69.863     70.4112
1414      69.863     70.4112
1415      69.863     70.4128
1416      69.863     70.4112
1417      69.863     70.4111
1418      69.863     70.4111
1419      69.863     70.4111
1420      69.863     70.4111
1421      69.863      70.411
1422      69.863      70.411
1423      69.863     70.4109
1424      69.863     70.4109
1425      69.863     70.4108
1426      69.863     70.4107
1427      69.863     70.4105
1428      69.863     70.4103
1429      69.863       70.41
1430      69.863     70.4097
1431      69.863     70.4093
1432      69.863     70.4089
1433      69.863     70.4082
1434      69.863     70.4073
1435      69.863     70.4062
1436      69.863     70.4053
1437      69.863     70.4048
1438      69.863     70.4041
1439      69.863     70.4033
1440      69.863     70.4026
1441      69.863     70.4023
1442      69.863     70.4017
1443      69.863     70.4013
1444      69.863     70.4009
1445      69.863     70.4007
1446      69.863     70.3997
1447      69.863     70.3989
1448      69.863     70.3985
1449      69.863     70.3981
1450      69.863     70.3975
1451      69.863     70.3964
1452      69.863     70.3961
1453      69.863     70.3952
1454      69.863     70.3948
1455      69.863     70.3947
1456      69.863     70.3942
1457      69.863     70.3938
1458      69.863      70.393
1459      69.863     70.3924
1460      69.863     70.3907
1461      69.863     70.3876
1462      69.863     70.3855
1463      69.863     70.3849
1464      69.863     70.3837
1465      69.863     70.3821
1466      69.863     70.3804
1467      69.863     70.3767
1468      69.863     70.3743
1469      69.863     70.3673
1470      69.863     70.3586
1471      69.863     70.3485
1472      69.863     70.3381
1473      69.863     70.3311
1474      69.863     70.3209
1475      69.863     70.3129
1476      69.863     70.3109
1477      69.863     70.3048
1478      69.863     70.3018
1479      69.863     70.2961
1480      69.863     70.2902
1481      69.863     70.2876
1482      69.863     70.2817
1483      69.863     70.2792
1484      69.863     70.2776
1485      69.863     70.2694
1486      69.863      70.262
1487      69.863     70.2583
1488     69.8449     70.2529
1489     69.8449     70.2454
1490     69.8449     70.2404
1491     69.8449     70.2336
1492     69.8449     70.2277
1493     69.8449     70.2165
1494     69.8449     70.2093
1495     69.8449     70.2078
1496     69.8449     70.2043
1497     69.8449     70.1977
1498     69.8449     70.1883
1499     69.8449     70.1784
1500     69.8449     70.1702
1501     69.8449      70.169
1502     69.8449      70.163
1503     69.8449     70.1539
1504     69.8449     70.1479
1505     69.8449     70.1431
1506     69.8449     70.1411
1507     69.8449     70.1385
1508     69.8449     70.1374
1509     69.8449     70.1362
1510     69.8449     70.1344
1511     69.8449     70.1334
1512     69.8449     70.1324
1513     69.8449     70.1324
1514     69.8449     70.1317
1515     69.8449     70.1301
1516     69.5389     70.1272
1517     69.5389     70.1264
1518     69.5389     70.1236
1519     69.5389     70.1223
1520     69.5389     70.1204
1521     69.5389     70.1189
1522     69.5389     70.1156
1523     69.5389     70.1106
1524     69.5389     70.1099
1525     69.5389     70.1064
1526     69.5389     70.1018
1527     69.5389     70.1018
1528     69.5389     70.0959
1529     69.5389     70.0901
1530     69.5389     70.0808
1531     69.5389      70.076
1532     69.5389      70.068
1533     69.5389     70.0551
1534     69.5389     70.0346
1535     69.5389     70.0087
1536     69.5389     69.9699
1537     69.5389     69.9421
1538     69.5389     69.9284
1539     69.5389     69.9015
1540     69.5389     69.8887
1541     69.5389      69.883
1542     69.5389     69.8667
1543     69.5389     69.8551
1544     69.5389     69.8389
1545     69.5389     69.8273
1546     69.5389     69.8132
1547     69.5389     69.8039
1548     69.5389     69.7887
1549     69.5389     69.7608
1550     69.5389     69.7457
1551     69.5389     69.7387
1552     69.5389      69.722
1553     69.5389     69.7091
1554     69.5389     69.6905
1555     69.5389     69.6789
1556     69.5389     69.6637
1557     69.5389     69.6649
1558     69.5389     69.6486
1559     69.5389     69.6288
1560     69.5389     69.6172
1561     69.5389     69.6056
1562     69.5389      69.587
1563     69.5389     69.5684
1564     69.5389     69.5544
1565     69.5389     69.5389
1566     69.5389     69.5389
1567     69.5389     69.5389
1568     69.5389     69.5389
1569     69.5389     69.5389
1570     69.5389     69.5389
1571     69.5389     69.5389
1572     69.5389     69.5389
1573     69.5389     69.5389
1574     69.5389     69.5389
1575     69.5389     69.5389
1576     69.5389     69.5389
1577     69.5389     69.5389
1578     69.5389     69.5389
1579     69.5389     69.5389
1580     69.5389     69.5389
1581     69.5389     69.5389
1582     69.5389     69.5389
1583     69.5389     69.5389
1584     69.5389     69.5389
1585     69.5389     69.5389
1586      69.379     69.5386
1587      69.379     69.5386
1588      69.379     69.5386
1589      69.379     69.5386
1590      69.379     69.5386
1591     68.9751     69.5363
1592     68.9751     69.5363
1593     68.9751     69.5363
1594     68.9751      69.536
1595     68.9751      69.536
1596     68.9751     69.5349
1597     68.9751     69.5345
1598     68.9751     69.5345
1599     68.9751     69.5345
1600     68.9751     69.5342
1601     68.9751     69.5336
1602     68.9751     69.5329
1603     68.9751     69.5326
1604     68.9751     69.5326
1605     68.9751     69.5312
1606     68.6545     69.5273
1607     68.6545     69.5255
1608     68.6545     69.5249
1609     68.6545     69.5233
1610     68.6545     69.5199
1611     68.6545     69.5177
1612     68.6545     69.5145
1613     68.6545     69.5116
1614     68.6545     69.5062
1615     68.6545     69.5004
1616     68.6545     69.4879
1617     68.6545     69.4828
1618     68.6545     69.4759
1619     68.6545     69.4731
1620     68.6545     69.4679
1621     68.6545      69.463
1622     68.6545     69.4608
1623     68.6545     69.4584
1624     68.6545     69.4579
1625     68.6545     69.4543
1626     68.6545     69.4522
1627     68.6545     69.4506
1628       68.29      69.446
1629       68.29     69.4448
1630       68.29     69.4435
1631       68.29     69.4412
1632       68.29     69.4394
1633     68.1301     69.4345
1634     68.1301     69.4332
1635     68.1301     69.4316
1636     68.1301     69.4282
1637     68.1301      69.427
1638     68.1301     69.4252
1639     68.1301     69.4228
1640     68.1301     69.4215
1641     68.1301     69.4196
1642     68.1301     69.4176
1643     68.1301     69.4151
1644     68.1301     69.4135
1645     68.1301     69.4119
1646     68.1301     69.4084
1647     68.1301     69.4167
1648     68.1301     69.4082
1649     68.1301     69.4022
1650     68.1301     69.4151
1651     68.1301      69.402
1652     68.1301     69.3993
1653     68.1301     69.3952
1654     68.1301     69.3926
1655     68.1301     69.3896
1656     68.1301     69.4244
1657     68.1301      69.381
1658     68.1301     69.3837
1659     68.1301     69.3834
1660     68.1301     69.3775
1661     68.1301     69.3767
1662     68.1301     69.3617
1663     68.1301     69.3556
1664     68.1301     69.3539
1665     68.1301     69.3468
1666     68.1301      69.346
1667     68.1301     69.3204
1668     68.1301     69.3051
1669     68.1301     69.3176
1670     68.1301     69.2736
1671     68.1301     69.2538
1672     68.1301     69.2296
1673     68.1301     69.2118
1674     68.1301     69.1922
1675     68.1301     69.1712
1676     68.1301     69.1385
1677     68.1301     69.1004
1678     68.1301     69.0808
1679     68.1301     69.0599
1680     68.1301     69.0236
1681     68.1301     68.9989
1682     68.1301     68.9841
1683     68.1301     68.9377
1684     68.1301     68.8937
1685     68.1301     68.8672
1686     68.1301     68.7992
1687     68.1301     68.7727
1688     68.1301     68.7645
1689     68.1301     68.7163
1690     68.1301     68.6746
1691     68.1301     68.6546
1692     68.1301     68.6036
1693     68.1301     68.5464
1694     68.1301     68.5155
1695     68.1301      68.488
1696     68.1301     68.4563
1697     68.1301     68.4335
1698     68.1301     68.4188
1699     68.1301     68.3517
1700     68.1301     68.3131
1701     68.1301     68.3085
1702     68.1301     68.2747
1703     68.1301     68.2611
1704     68.1301     68.2446
1705     68.1301     68.2104
1706     68.1301     68.1822
1707     68.1301     68.1571
1708     68.1301     68.1539
1709     68.1301       68.14
1710     68.1301     68.1394
1711     68.1301     68.1362
1712     68.1301     68.1301
1713     68.1301     68.1301
1714     68.1301     68.1301
1715     68.1301     68.1301
1716     68.1301     68.1301
1717     68.1301     68.1301
1718     68.1301     68.1301
1719     68.1301     68.1301
1720     68.1301     68.1301
1721     68.1301     68.1301
1722     68.1301     68.1305
1723     68.1301     68.1301
1724     68.1301     68.1301
1725     68.1301     68.1301
1726     68.1301     68.1301
1727     68.1301     68.1301
1728     68.1301     68.1301
1729     68.1301     68.1788
1730     68.1301     68.1301
1731     67.9965     68.1296
1732     67.9965     68.1296
1733     67.9965     68.1296
1734     67.9965     68.1296
1735     67.9965     68.1296
1736     67.9965     68.1293
1737     67.9965     68.1293
1738     67.9965     68.1293
1739     67.9965     68.1293
1740     67.9965     68.1288
1741     67.9965     68.1277
1742     67.9965     68.1272
1743     67.9965     68.1261
1744     67.9965     68.1253
1745     67.9965     68.1248
1746     67.9965     68.1229
1747     67.9965     68.1216
1748     67.9965     68.1192
1749     67.9965     68.1152
1750     67.9965     68.1101
1751     67.9965     68.1048
1752     67.9965     68.0981
1753     67.9965     68.0901
1754     67.9965      68.085
1755     67.9965     68.0815
1756     67.9965     68.0788
1757     67.9965     68.0751
1758     67.9965     68.0703
1759     67.9965     68.0663
1760     67.9965     68.0628
1761     67.9965     68.0596
1762     67.9965     68.0561
1763     67.9965     68.0533
1764     67.9965     68.0522
1765     67.9965     68.0488
1766     67.9965     68.0464
1767     67.9965     68.0453
1768     67.9965     68.0407
1769     67.9965     68.0349
1770     67.9965     68.0282
1771     67.9965     68.0261
1772     67.9965     68.0207
1773     67.9965     68.0146
1774     67.9965     68.0122
1775     67.9965     68.0028
1776     67.9965     67.9993
1777     67.9965     67.9965
1778     67.9965     67.9965
1779     67.9965     67.9965
1780     67.9965     67.9965
1781     67.9965     67.9965
1782     67.9965     67.9965
1783     67.9965     67.9965
1784     67.9965     67.9965
1785     67.9965      67.999
1786     67.9965     67.9965
1787     67.9965     67.9965
1788     67.9965     67.9965
1789     67.9965     67.9965
1790     67.9965     67.9965
1791     67.9965     67.9965
1792     67.9965     67.9965
1793     67.9965     67.9965
1794     67.9965     67.9965
1795     67.9965     67.9965
1796     67.9965     67.9965
1797     67.9965     67.9965
1798     67.9965     67.9965
1799     67.9965     67.9965
1800     67.9965     67.9965
1801     67.9965     67.9965
1802     67.9965     67.9965
1803     67.9965     67.9965
1804     67.9965     67.9965
1805     67.9965     67.9965
1806     67.9965     67.9965
1807     67.9965     67.9965
1808     67.9965     67.9965
1809     67.9965     67.9965
1810     67.9965     67.9965
1811     67.9965     67.9965
1812     67.9965     67.9965
1813     67.9965     67.9965
1814     67.9965     67.9965
1815     67.9965     67.9965
1816     67.8362     67.9959
1817     67.8362     67.9956
1818     67.8362     67.9956
1819     67.8362     67.9953
1820     67.8362     67.9946
1821     67.8362      67.994
1822     67.8362      67.994
1823     67.8362     67.9927
1824     67.8362     67.9917
1825     67.8362     67.9911
1826     67.8362     67.9908
1827     67.8362     67.9892
1828     67.8362     67.9869
1829     67.8362      67.985
1830     67.8362     67.9824
1831     67.8362     67.9786
1832     67.8362     67.9743
1833     67.8362     67.9685
1834     67.8362     67.9608
1835     67.8362     67.9503
1836     67.8362     67.9403
1837     67.8362     67.9346
1838     67.8362     67.9291
1839     67.8362     67.9256
1840     67.8362     67.9182
1841     67.8362     67.9137
1842     67.8362     67.9115
1843     67.8362     67.9035
1844     67.8362     67.9003
1845     67.8362     67.8951
1846     67.8362     67.8922
1847     67.8362     67.8887
1848     67.8362     67.8829
1849     67.8362     67.8797
1850     67.8362     67.8769
1851     67.8362     67.8733
1852     67.8362     67.8691
1853     67.8362     67.8663
1854     67.8362     67.8621
1855     67.8362     67.8602
1856     67.8362     67.8582
1857     67.8362     67.8554
1858     67.8362     67.8528
1859     67.8362     67.8486
1860     67.8362      67.847
1861     67.8362     67.8412
1862     67.8362     67.8362
1863     67.8362     67.8362
1864     67.8362     67.8362
1865     67.8362     67.8362
1866     67.8362     67.8362
1867     67.8362     67.8362
1868     67.8362     67.8362
1869     67.8362     67.8362
1870     67.8362     67.8362
1871     67.8362     67.8362
1872     67.8362     67.8362
1873     67.8362     67.8362
1874     67.8362     67.8362
1875     67.8362     67.8362
1876     67.7282      67.836
1877     67.7282     67.8358
1878     67.7282     67.8358
1879     67.7282     67.8358
1880     67.7282     67.8358
1881     67.7282     67.8358
1882     67.7282     67.8358
1883     67.7282     67.8356
1884     67.7282     67.8356
1885     67.7282     67.8349
1886     67.7282     67.8347
1887     67.7282     67.8339
1888     67.7282      67.833
1889     67.7282     67.8326
1890     67.3941     67.8305
1891     67.3941     67.8301
1892     67.3941     67.8291
1893     67.3941     67.8277
1894     67.3941     67.8262
1895     67.3941      67.824
1896     67.3941     67.8202
1897     67.3941     67.8162
1898     67.3941     67.8118
1899     67.3941      67.806
1900     67.3941        67.8
1901     67.5663     67.7956
1902     67.5663     67.7928
1903     67.5663     67.7881
1904     67.5663     67.7868
1905     67.5663     67.7852
1906     67.5663     67.7833
1907     67.5663     67.7814
1908     67.5663     67.7793
1909     67.5663     67.7779
1910     67.5663     67.7766
1911     67.5663      67.774
1912     67.5663     67.7704
1913     67.5663     67.7694
1914     67.5663     67.7681
1915     67.5663     67.7638
1916     67.5663     67.7611
1917     67.5663     67.7596
1918     67.5663     67.7539
1919     67.5663     67.7516
1920     67.5663     67.7494
1921     67.5663     67.7463
1922     67.5663     67.7435
1923     67.5663     67.7396
1924     67.5663     67.7384
1925     67.5663     67.7351
1926     67.5663     67.7315
1927     67.5663     67.7275
1928     67.5663     67.7244
1929     67.5663     67.7216
1930     67.5663     67.7205
1931     67.5663     67.7182
1932     67.5663     67.7178
1933     67.5663     67.7165
1934     67.5663     67.7156
1935     67.5663     67.7139
1936     67.5663     67.7123
1937     67.5663     67.7101
1938     67.5663     67.7075
1939     67.5663     67.7042
1940     67.5663     67.7003
1941     67.5663     67.6958
1942     67.5663      67.689
1943     67.5663     67.6809
1944     67.5663     67.6751
1945     67.5663     67.6702
1946     67.5663     67.6631
1947     67.5663     67.6599
1948     67.5663     67.6576
1949     67.5663     67.6528
1950     67.5663     67.6508
1951     67.5663     67.6405
1952     67.5663     67.6363
1953     67.5663     67.6314
1954     67.5663     67.6339
1955     67.5663     67.6236
1956     67.5663     67.6214
1957     67.5663     67.6152
1958     67.5663     67.6126
1959     67.5663       67.61
1960     67.5663     67.6084
1961     67.3941     67.6029
1962     67.3941     67.5993
1963     67.3941     67.5948
1964     67.3941     67.5919
1965     67.3941     67.5887
1966     67.3194     67.5855
1967     67.3194     67.5864
1968     67.3194     67.5803
1969     67.3194      67.579
1970     67.3194     67.5774
1971     67.3194     67.5725
1972     67.3194     67.5728
1973     67.3194     67.5645
1974     67.3194     67.5627
1975     67.3194     67.5622
1976     67.3194     67.5608
1977     67.3194     67.5593
1978     67.3194     67.5581
1979     67.3194      67.556
1980     67.3194     67.5539
1981     67.3194     67.5523
1982     67.3194      67.549
1983     67.3194      67.547
1984     67.3194      67.542
1985     67.3194     67.5375
1986     66.9854     67.5292
1987     66.9854      67.522
1988     66.9854     67.5095
1989     66.9854     67.5037
1990     66.9854     67.5009
1991     66.9854     67.4876
1992     66.9854     67.4795
1993     66.9854     67.4716
1994     66.9854     67.4595
1995     66.9854     67.4528
1996     66.7121     67.4439
1997     66.7121     67.4392
1998     66.7121     67.4308
1999     66.7121     67.4274
