GEN:      BEST_LOSS:      AVERAGE_LOSS: 
0     433.513     499.937
1     433.513     492.088
2     431.916     484.344
3     414.205     477.219
4     414.205     471.129
5     407.342     465.856
6     407.342     460.311
7     407.342     454.829
8     407.258      449.99
9     381.365     444.376
10     381.365     439.991
11     381.365     435.738
12     380.993      432.15
13     380.993     428.382
14     380.993     424.966
15     377.859     421.779
16     375.287     418.612
17     375.287     415.139
18     366.852     411.856
19     366.852     409.254
20     366.852      406.46
21     359.846     403.667
22     359.846     400.844
23     348.918     398.438
24     348.918      396.08
25      337.54     392.921
26      337.54     390.275
27      337.54     387.702
28      337.54     385.911
29      334.34     383.306
30      334.34     380.803
31      334.34     378.288
32     333.462     376.105
33     333.462     373.933
34     323.263     371.437
35     323.263     369.531
36     323.263     366.701
37     323.263     364.372
38     323.263     362.323
39     323.263     359.773
40     323.263     357.338
41     323.118     355.391
42     322.596     353.038
43     313.026     351.189
44     309.467     349.448
45     309.467     347.381
46     297.782     345.357
47     297.782     343.662
48     297.782     342.123
49     297.782     340.339
50     297.782      338.62
51     297.782     336.643
52     297.782     334.757
53     297.782     332.778
54     297.782     331.242
55     297.782     329.821
56     297.191     328.596
57     297.191     326.953
58     297.191     325.362
59     297.191     324.479
60     289.383     322.886
61     289.383     321.561
62     289.383     320.166
63     289.383     319.269
64     282.277     317.828
65     282.277     316.729
66     282.277     315.499
67     282.277     314.155
68     274.395     312.925
69     274.395     311.785
70     273.986     310.633
71     273.986     309.262
72     273.986     307.655
73     273.986     306.243
74     273.986     304.597
75     270.405      303.41
76     270.405     301.786
77     270.405     300.584
78     270.405     299.458
79     270.405     298.079
80     261.419     296.845
81     261.419      295.69
82     259.021     294.132
83     259.021     292.677
84     254.979     291.004
85     254.979     289.869
86     254.979     289.033
87     254.979     287.884
88     254.979     286.901
89     254.979     285.867
90     253.808      285.27
91     253.808     284.353
92     253.808     283.608
93     253.808     282.587
94     253.808     281.526
95     253.808      280.77
96     253.808     280.035
97     245.282     279.138
98     245.282     278.666
99     245.282     277.718
100     245.282     276.811
101     244.139     276.314
102     244.139     275.596
103     238.759     274.962
104     238.759     274.822
105     238.759      273.85
106     238.759     273.386
107     238.759     272.964
108     238.759     272.614
109     238.759     272.035
110     238.759     271.237
111     238.759     270.493
112     238.759     269.425
113     237.845     268.888
114     237.845     268.226
115     237.845     267.216
116     233.827     266.012
117     233.827     265.316
118     233.827     264.026
119     230.406     262.976
120     230.406      262.26
121     230.406     261.383
122     230.406     260.384
123     230.406     259.431
124     230.406     258.171
125     230.406     257.085
126     230.343     256.477
127     230.343     255.311
128     230.343     254.573
129     230.343     253.662
130     230.343     252.929
131     226.969     252.303
132     226.969     251.574
133     226.969     251.219
134     226.969     250.695
135     226.969     249.978
136     226.969     249.509
137     226.969     248.731
138     226.187     247.939
139     226.187     247.315
140     226.187     246.848
141     223.174     246.136
142     223.174     245.846
143     223.174     245.467
144     223.174     245.008
145     223.174     244.366
146     210.157     243.783
147     210.157     243.043
148     210.157     242.542
149     210.157     242.013
150     210.157     241.605
151      208.23     241.034
152      208.23     240.881
153      208.23     240.257
154      208.23     239.877
155      208.23     239.343
156     205.749     238.894
157     205.749     238.314
158     205.749     237.643
159     205.749     237.123
160     205.749     236.071
161     205.749     235.601
162     205.749     234.983
163     205.749     234.284
164     205.749     233.603
165     205.749     232.829
166     205.749     232.134
167     205.749     231.601
168     205.749     231.141
169     205.749     230.445
170     205.749     229.743
171     205.602     229.267
172     203.555     228.438
173     203.555     227.798
174     203.555     227.247
175     203.555      226.59
176     203.555     225.981
177     188.963     225.455
178     188.963     224.945
179     188.963     224.516
180     188.963     224.357
181     188.963     223.918
182     188.963      223.25
183     188.963     222.703
184     188.963     222.225
185     188.963     221.609
186     183.608     221.094
187     183.608     220.702
188     183.608     220.162
189     183.608     219.577
190     183.608     218.972
191     183.608     218.468
192     183.608     217.651
193     183.608     216.842
194     183.608     216.147
195     183.608     215.494
196     181.875     214.943
197     181.875     214.135
198     181.875     213.375
199     181.875      212.77
200     181.875     212.011
201     168.343     211.436
202     168.343     210.925
203     168.343     210.388
204     168.343     209.775
205     168.343     209.251
206     168.343      208.44
207     168.343     207.909
208     168.343     207.228
209     168.343     206.586
210     168.343     205.725
211     168.343     204.872
212     168.343     204.136
213     168.343     203.454
214     168.343     202.525
215     168.343     201.387
216     168.343     200.459
217     168.343     199.351
218     168.343     198.651
219     168.343     197.771
220     168.343     196.509
221     167.417     195.461
222     167.417     194.068
223     167.417     192.929
224     167.417     191.378
225     167.417     189.966
226     167.417     188.874
227     167.417     187.506
228     167.417     186.426
229     167.417     185.511
230     167.417     184.383
231     167.417     183.498
232     167.417     182.466
233     165.176     181.631
234     165.176     180.936
235     165.176     180.278
236     160.717     179.782
237     160.717     179.193
238     160.717     178.673
239     160.717     178.111
240     160.717     177.597
241     160.717     177.196
242     160.717     176.566
243     160.717     175.998
244     160.717     175.612
245     160.717      175.38
246     160.717     175.014
247     160.717     174.645
248     160.717      174.17
249     160.717     173.857
250     160.717     173.318
251     160.717     172.979
252     160.717     172.644
253     160.678     172.326
254     160.678     171.986
255     160.678      171.74
256     160.678     171.352
257     160.678     171.243
258     160.678     170.878
259     158.396     170.652
260     158.396     170.279
261     158.396     170.108
262     158.396     169.926
263     158.396      169.86
264     158.396     169.727
265     158.396      169.43
266     157.855     169.177
267     157.855     168.866
268     157.855     168.602
269     157.855     168.322
270     157.855     168.145
271     153.682     167.857
272     153.682     167.697
273     153.682     167.375
274     153.682     167.403
275     153.682     167.143
276     153.682     166.848
277     153.682     166.491
278     153.682     166.171
279     153.682      165.94
280     153.682     165.658
281     152.094     165.399
282     152.094     165.101
283     152.094     164.983
284     152.094     164.816
285     152.094     164.587
286     152.094     164.328
287     152.094     164.123
288     152.094     163.957
289     152.094     163.809
290     152.094     163.626
291     152.094     163.502
292     152.094     163.384
293     152.094     163.266
294     152.094     163.046
295     152.094     162.753
296     148.859     162.507
297     148.859     162.216
298     148.859     162.025
299     148.859     161.725
300     148.859     161.438
301      146.54     161.114
302      146.54     161.024
303      146.54      160.76
304      146.54     160.556
305      146.54     160.407
306     146.078     160.239
307     146.078     160.117
308     146.078     160.004
309     146.078     159.896
310     144.477     159.662
311     136.871     159.382
312     136.871     159.094
313     136.871      158.79
314     136.871     158.469
315     136.871     158.209
316     136.871     157.828
317     136.871     157.574
318     136.871     157.325
319     136.871     157.027
320     136.871     156.773
321     136.871     156.732
322     136.871     156.392
323     136.871     156.174
324     136.871     155.734
325     136.871     155.225
326     136.871     154.848
327     136.871     154.592
328     136.871      154.33
329     135.743     153.978
330     135.743     153.561
331     135.743     153.022
332     135.743     152.591
333     135.743     152.023
334     135.743     151.496
335     135.743     150.932
336     135.743     150.624
337     135.743     150.203
338     135.743     149.923
339     135.743     149.513
340     135.743     149.028
341     135.743     148.757
342     135.743     148.118
343     135.743     147.805
344     134.357     147.411
345     134.357     147.072
346     134.357     146.865
347     134.357     146.512
348     134.357     146.351
349     134.357     146.053
350     134.357     145.753
351     134.357      145.52
352     134.357     145.389
353     134.357      145.03
354     134.357     144.786
355     134.357     144.681
356     134.357     144.352
357     134.357     144.056
358     132.535     143.838
359     132.535     143.549
360      132.01     143.282
361      132.01     142.897
362     130.799     142.692
363     130.799     142.563
364     130.799     142.447
365     130.799     142.204
366      129.84     141.964
367      129.84     141.648
368      129.84     141.527
369      129.84     141.345
370      129.84     141.086
371     127.644      140.92
372     127.644     140.399
373     127.644     140.132
374     127.644     139.866
375     127.644     139.642
376     127.644     139.376
377     127.644     139.048
378     123.624     138.893
379     123.624     138.662
380     123.624     138.346
381     123.624     137.998
382     123.624      137.81
383     123.624      137.48
384     123.624     137.293
385     123.624     137.192
386     123.624     137.008
387     123.624     136.946
388     123.624     136.733
389     123.624     136.524
390     122.884     136.248
391     122.884     135.983
392     122.884     135.952
393     122.884     135.614
394     122.884     135.361
395     122.884      135.14
396     122.884     135.018
397     122.884     134.732
398     122.884     134.506
399     119.943     134.223
400     119.943     133.913
401     119.943     133.684
402     119.943     133.354
403     119.943     133.198
404     119.943     132.999
405     119.943     132.854
406     119.943      132.64
407     119.943     132.191
408     119.943     132.015
409     119.943       131.7
410     119.943     131.522
411     119.943     131.353
412     119.943      131.05
413     119.943     130.709
414     119.943     130.446
415     119.943     130.248
416     119.783     130.026
417     119.783     129.783
418     119.783     129.569
419     119.783     129.381
420     119.783     129.231
421     119.783     129.017
422     119.783     128.836
423     119.783     128.667
424     119.783     128.401
425     119.371     128.188
426     119.371     127.961
427     119.371     127.772
428     115.649      127.67
429     115.649     127.531
430     115.649     127.201
431     115.649     127.027
432     115.649     126.821
433     115.649     126.579
434     115.649     126.248
435     115.649     126.032
436     115.649     125.777
437     115.649     125.663
438     115.649     125.364
439     115.649     125.103
440     115.649     124.956
441     115.649     124.737
442     115.649     124.632
443     115.649     124.407
444     115.649     124.308
445     115.649     124.113
446     115.649     124.067
447     115.649      123.91
448     115.649     123.789
449     115.649     123.654
450     115.649      123.51
451     115.649     123.386
452     115.649     123.228
453     115.649     122.998
454     115.092     122.786
455     115.092     122.589
456     115.092     122.496
457     115.092     122.437
458     115.092      122.18
459     115.092     122.019
460     115.092     121.745
461     114.564     121.692
462     114.564     121.524
463     114.564     121.443
464     114.564     121.241
465     114.564     121.116
466     113.527     120.949
467     113.527     120.828
468     113.527     120.759
469     113.527     120.725
470     113.527     120.457
471     113.527     120.355
472     113.527     120.299
473     113.527     120.109
474     113.527     119.951
475     113.527     119.898
476     113.527     119.772
477     113.527     119.621
478     113.527     119.384
479     113.527     119.275
480     113.527     119.169
481     113.527     119.036
482     112.568     118.979
483     112.568     118.865
484     112.367     118.643
485     112.367     118.421
486     112.367     118.414
487     112.367     118.363
488     112.367     118.232
489     112.367     118.166
490     112.367     117.974
491     110.663     117.818
492     110.663     117.695
493     110.663     117.596
494     110.663     117.537
495     110.663     117.372
496     110.663     117.212
497     110.663     117.162
498     110.663     117.029
499     110.663     116.828
500     110.663     116.755
501     110.663     116.635
502     110.663     116.615
503     110.663     116.527
504     110.663      116.45
505     110.663     116.322
506      110.31     116.192
507      110.31     116.152
508     110.063     116.039
509     110.063     115.806
510     110.063     115.782
511     108.041     115.684
512     108.041     115.513
513     108.041      115.36
514     108.041     115.281
515     108.041     115.124
516     107.591      114.89
517     107.137     114.731
518     106.496     114.562
519     106.496     114.354
520     106.496     114.194
521     106.496     114.136
522     106.496     114.132
523     106.496     113.926
524     106.496     113.866
525     106.496      113.68
526     106.449     113.607
527      104.92     113.491
528      104.92     113.264
529      104.92     113.147
530      104.92     113.068
531      104.92     113.015
532      104.92     112.799
533      104.92     112.578
534      104.92      112.49
535      104.92     112.303
536     101.882     112.149
537     101.882     112.079
538     101.882     111.844
539     101.882     111.872
540     101.882     111.695
541     101.882     111.609
542     101.882      111.44
543     101.882     111.235
544     101.882     111.047
545     101.882     110.888
546     100.656     110.754
547     100.656     110.522
548     100.656     110.256
549     100.656     110.012
550     100.656     109.948
551     100.656     109.756
552     100.656     109.601
553     100.656     109.445
554     100.656     109.253
555     100.656     109.157
556     100.656     108.934
557     100.656     108.806
558     100.656     108.669
559     100.656     108.521
560     100.656      108.32
561     100.656     108.104
562     100.656     108.071
563     100.656     107.895
564     100.656     107.715
565     100.656     107.553
566     100.656     107.367
567     100.656     107.276
568     100.656     107.164
569     100.656     106.981
570     100.656     106.882
571     98.6533     106.761
572     98.6533     106.698
573     98.6533     106.599
574     98.6533     106.547
575     98.6533      106.53
576     97.7382     106.463
577     97.7382     106.305
578     97.7382     106.105
579     97.7382     105.978
580     97.7382     105.769
581     97.7382     105.589
582     97.7382     105.436
583     97.7382       105.3
584     97.4041      105.17
585     97.4041     105.029
586     97.4041     104.876
587     97.4041     104.763
588     97.4041      104.67
589     97.4041     104.522
590     97.4041     104.445
591      96.037     104.326
592      96.037      104.13
593      96.037     104.122
594      96.037     103.978
595      96.037       103.9
596      96.037     103.797
597      96.037     103.725
598      96.037     103.597
599      96.037     103.486
600      96.037     103.287
601      96.037     103.201
602      96.037     103.059
603      96.037     102.977
604      96.037     102.918
605      96.037     102.773
606      95.701     102.518
607      95.701     102.357
608      95.701     102.229
609      95.701     102.084
610      95.701     101.832
611     93.8855     101.708
612     93.8855     101.633
613     93.8855     101.505
614     93.8855     101.368
615     93.8855     101.237
616     93.5515     101.064
617     93.3036     100.898
618     93.3036     100.746
619     93.3036     100.658
620     93.3036     100.485
621     93.3036     100.362
622     93.1434     100.197
623     93.1434     99.9739
624     93.1434     99.7086
625     93.1434     99.5235
626     92.4672     99.3721
627     92.4672     99.1084
628     92.4672     98.9943
629     92.4672      98.819
630     92.4672     98.5822
631       92.13     98.3727
632       92.13     98.1807
633       92.13     97.9456
634       92.13     97.7923
635       92.13      97.445
636     91.0224     97.1763
637     91.0224     96.9214
638     90.8781     96.6179
639     90.8781      96.361
640     90.8781     96.1774
641     90.8781     96.0688
642     90.8781     95.9151
643     90.8781     95.6353
644     90.8781     95.4757
645     90.8781     95.2689
646     90.4861     95.2095
647     90.4861     95.0319
648     90.4861     94.9253
649     90.4861     94.6964
650     90.4861     94.4211
651     90.4861     94.2826
652     90.4861     94.2109
653     90.4861     94.0906
654     90.4861     93.9126
655     90.4861     93.7688
656     90.4861     93.7383
657     90.4861     93.6663
658     90.4861      93.585
659     90.4861     93.5474
660     90.4861     93.4691
661     90.4861     93.4527
662     89.5573     93.3998
663     89.5573     93.2757
664     89.5573     93.1907
665     89.5573     93.1316
666     89.5573     93.0192
667     89.5573     92.9272
668     89.5573      92.836
669     89.5573     92.7597
670     89.3314     92.6033
671     89.3314     92.4952
672     88.8338     92.3255
673     88.8338     92.2272
674     88.8338     92.1715
675     88.6146      92.093
676     88.6146     91.9957
677     88.6146     91.8441
678     88.6146     91.7852
679     88.6146     91.7522
680     88.6146        91.7
681     88.6146     91.5604
682      88.303     91.4614
683     88.0593     91.3393
684     88.0593     91.3084
685     88.0593     91.2068
686     88.0593     91.1218
687     88.0593     91.0911
688     88.0593     90.9743
689     87.9978     90.8931
690     87.7986     90.7909
691     87.7986     90.6664
692     86.5551     90.5991
693     86.5551     90.5255
694     86.5551     90.4167
695     86.5551     90.3309
696     86.5551     90.2513
697     86.5551     90.2171
698     86.5551     90.2031
699     86.5551     90.0779
700     86.5551     90.0283
701     86.5551      89.946
702     86.5551     89.8697
703     86.5551     89.7981
704     86.5551     89.7239
705     86.5551     89.6705
706     86.5551     89.5926
707     86.5551     89.5515
708     86.5551      89.481
709     86.5551     89.4033
710     86.5551     89.3928
711     86.5551     89.2993
712     86.5551     89.1924
713     86.5551     89.1596
714     86.5551     89.0522
715     86.5551     89.0307
716     86.5551     89.0105
717     86.5551     88.9152
718     86.5551     88.8805
719     86.5551     88.8579
720     86.5551     88.7998
721     86.5551     88.7334
722     86.5551     88.7039
723     86.5551     88.6408
724     86.5551     88.5889
725     86.5551     88.4912
726     86.5551     88.4415
727     86.5551     88.3559
728     86.4745     88.2985
729     86.4745     88.2232
730     86.4745     88.1842
731     86.2755     88.1199
732     86.2755     88.0653
733     86.2755     88.0113
734     86.2755     87.9911
735     86.2755     87.9124
736     86.2755      87.852
737     86.2755     87.7747
738     86.2755     87.7585
739     86.2755      87.692
740     86.2755     87.6227
741     86.2755     87.5813
742     86.2755     87.5249
743     86.2755      87.456
744     86.2755     87.4209
745     86.2755     87.3877
746     86.2755     87.3445
747     86.2755     87.3163
748     86.2755     87.3198
749     86.2755     87.2938
750     86.2755     87.2566
751     86.2755     87.2148
752     86.2755     87.1717
753     86.2755     87.1358
754     86.2755     87.1088
755     84.4773     87.0561
756     84.4773     87.0383
757     84.4773     87.0019
758     84.4773     86.9564
759     84.4773     86.9102
760     84.4773     86.8495
761     84.4773     86.8313
762     84.4773     86.8013
763     84.4773     86.7615
764     84.4773     86.7476
765     84.4773     86.7344
766     84.4773     86.7268
767     84.4773      86.697
768     84.4773     86.6876
769     84.4773     86.6581
770     84.4773     86.6481
771     84.4773     86.6336
772     84.4773     86.6241
773     84.4773     86.5849
774     84.4773     86.5784
775     84.4773     86.5461
776     84.4773     86.5169
777     84.4773     86.4728
778     84.4773     86.4339
779     84.4773     86.3989
780     84.4773     86.3707
781     84.4773     86.3411
782     84.4773     86.3008
783     84.4773     86.2593
784     84.4773     86.2224
785     84.2977      86.185
786      84.192     86.1366
787      84.192     86.1205
788      84.192     86.0846
789      83.906      86.046
790      83.906     86.0032
791      83.906     85.9411
792      83.906     85.8907
793      83.906     85.8693
794      83.906     85.8243
795      83.906     85.7708
796      83.906     85.7161
797      83.906     85.6851
798     83.8216     85.6564
799     83.8216     85.5926
800     83.8216       85.52
801     83.8216     85.4605
802     83.4155     85.3988
803     83.4155     85.3687
804     83.1287     85.3313
805     83.1287     85.2848
806     83.1287      85.228
807     83.1287     85.2054
808     82.9631     85.1209
809     82.9631      85.075
810     82.9631     85.0141
811     82.9631     84.9702
812     82.9631     84.9301
813     82.1911     84.8899
814     82.1911     84.8451
815     82.1911     84.8317
816     82.1911     84.8133
817     82.1911     84.7661
818     82.1911     84.6656
819     82.1911     84.6475
820     82.1911     84.6424
821     82.1911     84.5913
822     82.1911     84.5413
823     82.1911     84.5166
824     82.1911     84.5221
825     82.1911     84.4695
826     82.1911     84.4032
827     82.1911     84.3745
828     82.1911      84.316
829     82.1911     84.3013
830     82.1911     84.2442
831     82.1911     84.2127
832     82.1911     84.2125
833     82.1911     84.1782
834     82.1911     84.1666
835     82.1911     84.1616
836     82.1911     84.1339
837     82.1911     84.1068
838     82.1911     84.0772
839     82.1911     84.0121
840     82.1911     83.9649
841     82.1911     83.9602
842     82.1911      83.941
843     81.7849     83.9513
844     81.7849     83.9051
845     81.7849     83.8788
846      80.475     83.8632
847      80.475     83.8352
848      80.475      83.806
849      80.475      83.758
850      80.475     83.7151
851      80.475     83.6963
852      80.475      83.659
853      80.475     83.6348
854      80.475     83.5989
855      80.475     83.5546
856      80.475     83.5463
857      80.475     83.5225
858      80.475     83.4953
859      80.475     83.4937
860      80.475     83.5043
861      80.475      83.461
862      80.475     83.4877
863      80.475     83.4811
864      80.475     83.4802
865      80.475      83.439
866      80.475     83.4246
867      80.475     83.3898
868      80.475      83.338
869      80.475     83.3083
870      80.475     83.2771
871      80.475     83.2246
872      80.475     83.2183
873      80.475     83.2039
874      80.475     83.1948
875      80.475     83.2728
876      80.475     83.2038
877      80.475     83.1741
878      80.475     83.1545
879      80.475     83.1308
880      80.475     83.1257
881     76.1975     83.0815
882     76.1975     83.0672
883     76.1975     83.0406
884     76.1975     83.0308
885     76.1975     82.9863
886     76.1975     82.9582
887     76.1975     82.9496
888     76.1975     82.9245
889     76.1975     82.9146
890     76.1975      82.878
891     76.1975      82.872
892     76.1975     82.8233
893     76.1975     82.8524
894     76.1975      82.855
895     76.1975      82.859
896     76.1975     82.8356
897     76.1975     82.8216
898     76.1975     82.7832
899     76.1975     82.7501
900     76.1975     82.7401
901     76.1975     82.7519
902     76.1975     82.6502
903     76.1975     82.6254
904     76.1975      82.635
905     76.1975     82.5932
906     76.1975     82.6151
907     76.1975     82.5475
908     76.1975     82.5341
909     76.1975     82.4743
910     76.1975     82.4732
911     75.1177     82.3877
912     75.1177     82.3462
913     75.1177     82.3225
914     75.1177     82.2451
915     75.1177     82.2253
916     75.1177     82.1745
917     75.1177     82.1214
918     75.1177     82.1522
919     75.1177     82.1232
920     75.1177     82.0875
921     74.7287     82.0682
922     74.7287     82.0607
923     74.7287     82.0457
924     74.7287     82.0568
925     74.7287     82.0235
926     74.7287     81.9506
927     74.7287     81.9445
928     74.7287      81.937
929     74.7287     81.9406
930     74.7287     81.9104
931     74.7287     81.9049
932     74.7287       81.94
933     74.7287      81.933
934     74.7287     81.8929
935     74.7287     81.8882
936     74.7287     81.8632
937     74.7287     81.8336
938     74.7287     81.7991
939     74.7287     81.8037
940     74.7287     81.7751
941     74.7287     81.7347
942     74.7287     81.7266
943     74.7287     81.7083
944     74.7287     81.6681
945     74.7287      81.606
946     74.7287     81.5495
947     74.7287     81.4878
948     74.7287     81.4205
949     74.7287     81.2866
950     74.7287     81.2673
951     74.7287     81.2176
952     74.7287     81.1438
953     74.7287     81.0713
954     74.7287     81.0311
955     74.7287     80.9306
956     74.7287     80.7417
957     74.7287     80.5462
958     74.7287     80.3545
959     74.7287     80.1475
960     74.7287     80.0317
961     74.7287     79.8064
962     74.7287     79.6738
963     74.7287     79.4622
964     74.7287      79.262
965     74.7287     78.9338
966     74.7287     78.7009
967     74.7287     78.4976
968     74.7287      78.313
969     74.7287     78.1982
970     74.7287     78.0297
971     73.7595     77.7925
972     73.7595     77.5343
973     73.7595      77.261
974     73.7595     77.1691
975     73.7595     76.9882
976     73.7595     76.7774
977     73.7595     76.6459
978     73.7134     76.5112
979     73.7134      76.314
980     73.7134     76.1963
981     73.3789     75.9723
982     73.3789     75.8287
983     73.3789     75.7265
984     73.3789     75.5865
985     73.3789     75.5568
986     73.3789      75.465
987     73.3789     75.3184
988     73.3789     75.2399
989     73.3501     75.1202
990     73.3501     75.0809
991     73.3501     74.9681
992     73.3501     74.8809
993     73.3501     74.7866
994     73.3501     74.7346
995     73.3501      74.687
996      73.177     74.6347
997      73.177     74.5875
998      73.177     74.4849
999      73.177     74.4357
1000      73.177     74.3527
1001     73.1838     74.2811
1002     73.1838     74.2251
1003     73.1838     74.1927
1004     73.1838      74.124
1005     73.1838     74.0664
1006     73.1838     74.0084
1007      73.177     73.9518
1008      73.177     73.8506
1009      73.177     73.8142
1010      72.023     73.7686
1011      72.023     73.7083
1012     71.9594     73.6965
1013     71.8777     73.6704
1014     71.8777     73.6382
1015     71.8777     73.5894
1016     71.8777     73.5492
1017     71.8777     73.5189
1018     71.8777     73.4874
1019     71.8777      73.455
1020     71.8777     73.4263
1021     71.8777      73.407
1022     71.8777     73.3854
1023     71.8777     73.3412
1024     71.8777     73.3223
1025     71.8777     73.3126
1026     71.8777     73.2892
1027     71.8777     73.2678
1028     71.8777     73.2589
1029     71.8777     73.2424
1030     71.8777     73.2312
1031     71.8777     73.2385
1032     71.8777     73.2251
1033     71.8777     73.2187
1034     71.8777     73.2218
1035     71.8777     73.2107
1036     71.8777     73.2003
1037     71.8777     73.1983
1038     71.8777      73.197
1039     71.8777     73.1901
1040     71.8777      73.186
1041     71.8777     73.1838
1042     71.8777     73.1831
1043     71.8777     73.1806
1044     71.8777     73.1796
1045     71.8777     73.1786
1046     71.6728     73.1748
1047     71.6728     73.1701
1048     71.6728     73.1676
1049     71.6728     73.1666
1050     71.6728     73.1656
1051     71.6728     73.1653
1052     71.6728     73.1653
1053     71.6728     73.1652
1054     71.6728     73.1651
1055     71.6728      73.165
1056     71.6728     73.1644
1057     71.6728     73.1644
1058     71.6728     73.1665
1059     71.6728     73.1643
1060     71.6728     73.1587
1061     71.6728     73.1573
1062     71.6728     73.1572
1063     71.6728      73.157
1064     71.6728     73.1564
1065     71.6728     73.1564
1066     71.6728     73.1533
1067     71.6728     73.1533
1068     71.6728     73.1529
1069     71.6728     73.1524
1070     71.6728     73.1524
1071     71.6728     73.1518
1072     71.6728     73.1504
1073     71.6728     73.1503
1074     71.6728     73.1496
1075     71.6728     73.1476
1076     71.6728     73.1458
1077     71.6728     73.1435
1078     71.6728     73.1386
1079     71.6728     73.1357
1080     71.6728     73.1335
1081     71.6728     73.1262
1082     71.6728     73.1223
1083     71.6728     73.1171
1084     71.6728     73.1332
1085     71.6728     73.0995
1086      71.459     73.0897
1087      71.459     73.0979
1088      71.459     73.0801
1089      71.459     73.0707
1090      71.459     73.0629
1091     71.0951     73.0552
1092     71.0951     73.0514
1093     71.0951     73.0459
1094     71.0951      73.038
1095     71.0951       73.03
1096     71.0951     73.0243
1097     71.0951     73.0236
1098     71.0951     73.0971
1099     71.0951     73.0278
1100     71.0951     73.0425
1101     71.0951      73.031
1102     71.0951     73.0123
1103     71.0951     72.9992
1104     71.0951     72.9907
1105     71.0951     72.9834
1106     71.0951     72.9866
1107     71.0951     72.9881
1108     71.0951     72.9641
1109     71.0951     72.9661
1110     71.0951     73.0166
1111     71.0951     72.9619
1112     71.0951     72.9577
1113     71.0951     72.9506
1114     71.0951     72.9449
1115     71.0951     72.9388
1116     71.0951       72.93
1117     71.0951     72.9211
1118     71.0951     72.9119
1119     71.0951     72.9101
1120     71.0951     72.9222
1121     71.0951      72.915
1122     71.0951     72.9082
1123     71.0951     72.8992
1124     71.0951      72.893
1125     71.0951     72.8919
1126     71.0951     72.8888
1127     71.0951     72.8836
1128     71.0951     72.8757
1129     71.0951     72.8705
1130     71.0951     72.9603
1131     71.0951     72.8734
1132     71.0951     72.8814
1133     71.0951      72.942
1134     71.0951     72.8983
1135     71.0951     72.8829
1136     71.0951     72.8739
1137     71.0951     72.8988
1138     71.0951     72.8712
1139     71.0951     72.9483
1140     71.0951     72.9595
1141     71.0951     72.9143
1142     71.0951     72.9997
1143     71.0951      72.956
1144     71.0951     72.8939
1145     71.0951      72.906
1146     71.0951     72.8743
1147     71.0951     72.9164
1148     71.0382     72.9277
1149     71.0382     73.0309
1150     71.0382      73.091
1151     71.0382     73.0897
1152     71.0382     73.1422
1153     71.0382     73.1613
1154     71.0382     73.3334
1155     71.0382     73.3223
1156     71.0382     73.2404
1157     71.0382     73.2608
1158     71.0382     73.2958
1159     71.0382     73.3206
1160     71.0382     73.4541
1161     71.0382     73.4784
1162     71.0382     73.3914
1163     71.0382     73.4747
1164     71.0382     73.6285
1165     71.0382     73.6338
1166     71.0382     73.6048
1167     71.0382     73.5567
1168     71.0382     73.5153
1169     71.0382     73.6064
1170     71.0382     73.5623
1171     70.8244      73.541
1172     70.7955     73.4823
1173     70.7955     73.4934
1174     70.6563     73.4873
1175     70.6563     73.4032
1176     70.6563     73.4642
1177     70.5927     73.4135
1178     70.5927     73.5146
1179     70.5927     73.4782
1180     70.5927     73.3692
1181     70.5927     73.4186
1182     70.5927     73.3882
1183     70.5927     73.3912
1184     70.5927     73.2726
1185     70.5927     73.0883
1186     70.5927     73.0192
1187     70.5927      72.832
1188     70.5927     72.7679
1189     70.5927     72.7237
1190     70.5841     72.6051
1191     70.5841     72.4505
1192     70.5841     72.2983
1193     70.5841     72.2775
1194     70.5841      72.088
1195     70.5841     71.9419
1196     70.5841     71.9216
1197     70.5841     71.8375
1198     70.5841     71.7681
1199     70.5841     71.7214
1200     70.5841     71.6574
1201     70.5841     71.5936
1202     70.5841     71.5212
1203     70.5841     71.4398
1204     70.5841     71.3912
1205     70.5841     71.3064
1206     70.5354     71.2861
1207     70.5354     71.2073
1208     70.5354     71.1095
1209     70.5354     71.0361
1210     70.5354     70.9934
1211     70.5354     70.9578
1212     70.5354     70.9216
1213     70.5354     70.8824
1214     70.5354     70.8216
1215     70.5354     70.7445
1216     70.5841     70.7139
1217     70.5841     70.6913
1218     70.5841     70.6494
1219     70.5841     70.6415
1220     70.5841     70.6242
1221     70.5841     70.6207
1222     70.5841     70.6113
1223     70.5841     70.6051
1224     70.5841     70.6039
1225     70.5841     70.6009
1226     70.5841     70.5976
1227     70.5841     70.5927
1228     70.5841     70.5895
1229     70.5841     70.5882
1230     70.5841     70.5877
1231     70.5268     70.5873
1232     70.5268     70.5871
1233     70.5268      70.587
1234     70.5268     70.5869
1235     70.5268     70.5866
1236     70.5268     70.5864
1237     70.5268     70.5861
1238     70.5268     70.5856
1239     70.5268     70.5855
1240     70.5268     70.5855
1241     70.5268     70.5848
1242     70.5268     70.5847
1243     70.5268     70.5847
1244     70.5268     70.5845
1245     70.5268     70.5842
1246     70.5268      70.584
1247     70.5268     70.5836
1248     70.5268     70.5835
1249     70.5268      70.583
1250     70.5268     70.5827
1251     70.5268     70.5823
1252     70.5268     70.5823
1253     70.5268      70.582
1254     70.5268     70.5816
1255     70.5268     70.5815
1256     70.5268     70.5812
1257     70.5268     70.5809
1258     70.5268     70.5808
1259     70.5268     70.5802
1260     70.5268     70.5798
1261     70.5268     70.5792
1262     70.5268      70.579
1263     70.5268     70.5782
1264     70.5268     70.5771
1265     70.5268     70.5758
1266     70.4697     70.5742
1267     70.4124     70.5714
1268     70.4124     70.5676
1269     70.4124     70.5634
1270     70.4124     70.5611
1271     70.4124     70.5573
1272     70.4124     70.5562
1273     70.4124     70.5542
1274     70.4124     70.5607
1275     70.4124     70.5509
1276     70.4124     70.5472
1277     70.4124     70.5428
1278     70.4124     70.5403
1279     70.4124      70.534
1280     70.4124       70.53
1281     70.4124     70.5254
1282     70.4124     70.5176
1283     70.4124      70.508
1284     70.4124     70.5075
1285     70.4124     70.4994
1286     70.4124     70.4944
1287     70.4124     70.4907
1288     70.4124     70.4865
1289     70.4124     70.4837
1290     70.4124     70.4789
1291     70.4124     70.4775
1292     70.4124     70.4744
1293     70.4124     70.4707
1294     70.4124     70.4697
1295     70.4124     70.4642
1296     70.4124      70.461
1297     70.4124     70.4579
1298     70.4124     70.4572
1299     70.4124     70.4545
1300     70.4124     70.4499
1301     70.4124     70.4478
1302     70.4124     70.4462
1303     70.4124     70.4423
1304     70.4124     70.4394
1305     70.4124     70.4362
1306     70.4124     70.4343
1307     70.4124     70.4307
1308     70.4124     70.4284
1309     70.4124     70.4231
1310     70.4124     70.4206
1311     70.4124     70.4176
1312     70.4124     70.4174
1313     70.4124     70.4144
1314     70.4124     70.4124
1315     70.4124     70.4124
1316     70.4124     70.4124
1317     70.4124     70.4124
1318     70.4124     70.4124
1319     70.4124     70.4124
1320     70.4124     70.4124
1321     70.4124     70.4124
1322     70.4124     70.4124
1323     70.4124     70.4124
1324     70.4124     70.4124
1325     70.4124     70.4124
1326     70.4124     70.4124
1327     70.4124     70.4124
1328     70.4124     70.4124
1329     70.4124     70.4124
1330     70.4124     70.4124
1331     70.4124     70.4124
1332     70.4124     70.4124
1333     70.4124     70.4124
1334     70.4124     70.4124
1335     70.4124     70.4124
1336     70.4124     70.4124
1337     70.4124     70.4124
1338     70.4124     70.4202
1339     70.4124     70.4124
1340     70.4124     70.4124
1341     70.4124     70.4124
1342     70.4124     70.4124
1343     70.4124     70.4124
1344     70.4124     70.4136
1345     70.4124     70.4124
1346     70.4124     70.4124
1347     70.4124     70.4124
1348     70.4124     70.4124
1349     70.4124     70.4124
1350     70.4124     70.4124
1351     70.4124     70.4124
1352     70.4124     70.4124
1353     70.4124     70.4124
1354     70.4124     70.4124
1355     70.4124     70.4124
1356     70.4124     70.4257
1357     70.4124     70.4124
1358     70.4124     70.4124
1359     70.4124     70.4124
1360     70.4124     70.4124
1361     70.4124     70.4124
1362     70.4124     70.4124
1363     70.4124     70.4124
1364     70.4124     70.4124
1365     70.4124     70.4124
1366     70.4124     70.4124
1367     70.4124     70.4124
1368     70.4124     70.4124
1369     70.4124     70.4124
1370     70.4124     70.4124
1371     70.4124     70.4124
1372     70.4124     70.4124
1373     70.4124     70.4554
1374     70.4124     70.4329
1375     70.4124     70.4124
1376     70.4124     70.4124
1377     70.4124     70.4124
1378     70.4124     70.4124
1379     70.4124     70.4293
1380     70.4124     70.4124
1381     70.4124     70.4124
1382     70.4124     70.4124
1383     70.4124     70.4124
1384     70.4124     70.4124
1385     70.4124     70.4124
1386     70.4124     70.4124
1387     70.4124     70.4124
1388     70.4124     70.4124
1389     70.4124     70.4124
1390     70.4124     70.4124
1391     70.4124     70.4124
1392     70.4124     70.4124
1393     70.4124     70.4124
1394     70.4124     70.4124
1395     70.4124     70.4124
1396     70.4124     70.4124
1397     70.4124     70.4124
1398     70.4124     70.4124
1399     70.4124     70.4124
1400     70.4124     70.4124
1401     70.3943     70.4123
1402     70.3943     70.4123
1403     70.3943     70.4123
1404     70.3943     70.4123
1405     70.3943     70.4122
1406     70.3943     70.4122
1407     70.3943     70.4122
1408     70.3943     70.4122
1409     70.3943     70.4121
1410     70.3943     70.4136
1411     70.3943     70.4118
1412     70.3943     70.4115
1413     70.3943     70.4112
1414     70.3943      70.411
1415     70.3943     70.4107
1416     70.3943       70.41
1417     70.3943     70.4095
1418     70.3943     70.4085
1419     70.3943     70.4072
1420     70.3943     70.4066
1421     70.3943     70.4063
1422     70.3943     70.4057
1423     70.3943     70.4053
1424     70.3943     70.4047
1425     70.3943     70.4041
1426     70.3943     70.4037
1427     70.3943     70.4031
1428     70.3943     70.4024
1429     70.3943     70.4015
1430     70.3943     70.4012
1431     70.1886     70.4001
1432     70.1886     70.3999
1433     70.1886     70.3993
1434     70.1886      70.399
1435     70.1886     70.3981
1436     70.1886     70.3974
1437     70.1886     70.3964
1438     70.1886     70.3954
1439     70.1886     70.3949
1440     70.1886     70.3981
1441     70.1886     70.3938
1442     70.1886     70.3933
1443     70.1886     70.3929
1444     70.1886     70.3921
1445     70.1886     70.3918
1446     70.1886     70.3914
1447     70.1886      70.391
1448     70.1886     70.3901
1449     70.1886     70.3889
1450     70.1886     70.3889
1451     70.1886     70.3869
1452     70.1886     70.3856
1453     70.1886     70.3836
1454     70.1886     70.3819
1455     70.1886     70.3799
1456     70.1886     70.3778
1457     70.1886     70.3741
1458     70.1886     70.3683
1459     70.1886     70.3646
1460     70.1886     70.3581
1461     70.1886     70.3494
1462     70.1886     70.3375
1463     70.1886     70.3326
1464     70.1886     70.3206
1465     70.1886     70.3174
1466     70.1209     70.3086
1467     70.1209     70.3036
1468     70.1209     70.2986
1469     70.1209      70.289
1470     70.1209     70.2805
1471     70.1209     70.2771
1472     70.1209     70.2736
1473     70.1209     70.2633
1474     70.1209     70.2682
1475     70.1209     70.2576
1476     70.1209     70.2553
1477     70.1209     70.2502
1478     70.1209     70.2367
1479     70.1209     70.2286
1480     70.1209     70.2212
1481     70.1209     70.2157
1482     70.1209     70.2089
1483     70.1209     70.1976
1484     70.1209     70.1913
1485     70.1209     70.1857
1486     70.1209     70.1793
1487     70.1209     70.1718
1488     70.1209     70.1605
1489     70.1209      70.158
1490     70.1209     70.1552
1491     70.1209     70.1545
1492     70.1209     70.1534
1493     70.1209     70.1519
1494     70.1209     70.1503
1495     70.1209     70.1499
1496     70.1209     70.1492
1497     70.1209     70.1472
1498     70.1209     70.1453
1499     70.1209     70.1445
1500     70.1209     70.1418
1501     70.1209     70.1399
1502     70.1209     70.1376
1503     70.1209     70.1353
1504     70.1209     70.1326
1505     70.1209     70.1311
1506     70.1209     70.1292
1507     70.1209     70.1273
1508     70.1209     70.1271
1509     70.1209     70.1256
1510     70.1209     70.1232
1511     70.1209     70.1216
1512     70.1209     70.1209
1513     70.1209     70.1209
1514     70.1209     70.1209
1515     70.1209     70.1261
1516     70.1209     70.1209
1517     70.1209     70.1209
1518     70.1209     70.1209
1519     70.1209     70.1209
1520     70.1209     70.1209
1521     70.1209     70.1209
1522     70.1209     70.1209
1523     70.1209     70.1209
1524     70.1209     70.1209
1525     70.1209     70.1209
1526     70.1209     70.1209
1527     70.1209     70.1209
1528     70.1209     70.1209
1529     70.1209     70.1209
1530     70.1209     70.1209
1531     69.5389     70.1165
1532     69.5389     70.1153
1533     69.5389      70.113
1534     69.5389     70.1107
1535     69.5389     70.1084
1536     69.5389     70.1036
1537     69.5389     70.0989
1538     69.5389     70.0908
1539     69.5389     70.0859
1540     69.5389     70.0731
1541     69.5389     70.0556
1542     69.5389     70.0358
1543     69.5389      70.015
1544     69.5389     69.9814
1545     69.2872     69.9562
1546     69.5389     69.9362
1547     69.5389     69.9265
1548     69.5389     69.9124
1549     69.5389     69.9018
1550     69.5389     69.8901
1551     69.5389     69.8727
1552     69.5389     69.8517
1553     69.5389     69.8506
1554     69.5389     69.8284
1555     69.5389     69.8156
1556     69.5389     69.8075
1557     69.5389     69.7982
1558     69.5389     69.7784
1559     69.5389     69.7644
1560     69.5389     69.7446
1561     69.5389       69.74
1562     69.5389     69.7207
1563     69.5389     69.7102
1564     69.5389     69.6914
1565     69.5389      69.684
1566     69.5389     69.6735
1567     69.5389     69.6514
1568     69.5389     69.6281
1569     69.5389     69.6119
1570     69.5389      69.606
1571     69.5389     69.5944
1572     69.5389     69.5816
1573     69.5389     69.5723
1574     69.5389     69.5595
1575     69.5389     69.5536
1576     69.5389     69.5431
1577     69.5389     69.5389
1578     69.5389     69.5389
1579     69.5389     69.5389
1580     69.5389     69.5389
1581      69.379     69.5386
1582      69.379     69.5386
1583      69.379     69.5386
1584      69.379     69.5386
1585      69.379     69.5386
1586      69.379     69.5376
1587      69.379      69.537
1588      69.379      69.536
1589      69.379      69.535
1590      69.379     69.5334
1591      69.379     69.5322
1592      69.379     69.5306
1593      69.379     69.5299
1594      69.379      69.528
1595      69.379     69.5258
1596     68.8152     69.5224
1597     68.8152     69.5189
1598     68.8152     69.5133
1599     68.8152     69.5059
1600     68.8152     69.4976
1601     68.8152     69.4928
1602     68.8152      69.489
1603     68.8152     69.4835
1604     68.8152       69.48
1605     68.8152     69.4768
1606     68.6224     69.4736
1607     68.6224       69.47
1608     68.6224     69.4675
1609     68.6224     69.4633
1610     68.6224     69.4587
1611     68.6224     69.4536
1612     68.6224     69.4462
1613     68.6224     69.4449
1614     68.6224     69.4416
1615     68.6224     69.4396
1616     68.6224     69.4353
1617     68.6224     69.4328
1618     68.6224     69.4307
1619     68.6224     69.4288
1620     68.6224     69.4248
1621     68.6224     69.4226
1622     68.6224     69.4281
1623     68.6224     69.4203
1624     68.6224     69.4142
1625     68.6224     69.4121
1626     68.6224     69.4084
1627     68.6224     69.4052
1628     68.6224     69.4043
1629     68.6224     69.4027
1630     68.6224     69.4008
1631     68.6224     69.3982
1632     68.6224     69.3947
1633     68.6224     69.3925
1634     68.6224     69.3881
1635     68.6224      69.387
1636     68.6224     69.3828
1637     68.6224     69.3816
1638     68.6224     69.3768
1639     68.6224     69.3737
1640     68.6224     69.3692
1641     68.6224     69.3669
1642     68.6224     69.3837
1643     68.4625     69.3627
1644     68.4625     69.3611
1645     68.4625     69.3611
1646     68.4625     69.3608
1647     68.4625     69.3594
1648     68.4625     69.3594
1649     68.4625     69.3582
1650     68.4625     69.3582
1651     68.4625     69.3568
1652     68.4625     69.3568
1653     68.1301     69.3505
1654     68.1301     69.3491
1655     68.1301      69.348
1656     68.1301     69.3648
1657     68.1301     69.3456
1658     68.1301     69.3456
1659     68.1301     69.3407
1660     68.1301     69.3377
1661     68.1301     69.3329
1662     68.1301     69.3395
1663     68.1301     69.3517
1664     68.1301     69.3666
1665     68.1301     69.3386
1666     68.1301     69.3354
1667     68.1301      69.316
1668     68.1301     69.3129
1669     68.1301     69.3064
1670     68.1301     69.2959
1671     68.1301     69.2863
1672     68.1301     69.2756
1673     68.1301     69.2487
1674     68.1301     69.2431
1675     68.1301      69.207
1676     68.1301     69.1809
1677     68.1301     69.1498
1678     68.1301     69.1462
1679     68.1301     69.1294
1680     68.1301     69.1189
1681     68.1301     69.1035
1682     68.1301     69.0855
1683     68.1301     69.0706
1684     68.1301     69.0617
1685     68.1301     69.0285
1686     68.1301     69.0078
1687     68.1301      69.004
1688     68.1301     68.9925
1689     68.1301     68.9757
1690     68.1301     68.9683
1691     68.1301     68.9569
1692     68.1301     68.9441
1693     68.1301     68.9152
1694     68.1301     68.8881
1695     67.9965     68.8598
1696     67.9965     68.8354
1697     67.9965     68.8659
1698     67.9965     68.8313
1699     67.9965     68.7852
1700     67.9965     68.7004
1701     67.9965      68.661
1702     67.9965     68.6376
1703     67.9965     68.5973
1704     67.9965     68.5816
1705     67.9965     68.5513
1706     67.9965     68.5356
1707     67.9965     68.5069
1708     67.9965     68.4752
1709     67.9965     68.4601
1710     67.9965     68.4214
1711     67.9965     68.3889
1712     67.9965     68.3666
1713     67.9965     68.3561
1714     67.9965     68.3399
1715     67.9965     68.2904
1716     67.9965     68.2702
1717     67.9965     68.2359
1718     67.9965     68.2105
1719     67.9965     68.1786
1720     67.9965     68.1709
1721     67.9965     68.1504
1722     67.9965      68.133
1723     67.9965     68.1159
1724     67.9965     68.1051
1725     67.9965     68.0871
1726     67.9965     68.0723
1727     67.9965     68.0618
1728     67.9965     68.0485
1729     67.9965     68.0431
1730     67.9965     68.0372
1731     67.9965     68.0343
1732     67.9965     68.0314
1733     67.9965     68.0265
1734     67.9965     68.0247
1735     67.9965     68.0201
1736     67.9965     68.0188
1737     67.9965      68.014
1738     67.9965       68.01
1739     67.9965     68.0046
1740     67.9965     68.0012
1741     67.9965     67.9977
1742     67.9965     67.9965
1743     67.9965     67.9965
1744     67.9965     67.9965
1745     67.9965     67.9965
1746     67.9965     67.9965
1747     67.9965     67.9965
1748     67.9965     67.9965
1749     67.9965     67.9965
1750     67.9965     67.9965
1751     67.9965     67.9965
1752     67.9965     67.9965
1753     67.9965     67.9965
1754     67.9965     67.9965
1755     67.9965     67.9965
1756     67.9965     67.9965
1757     67.9965     67.9965
1758     67.9965     67.9965
1759     67.9965     67.9965
1760     67.9965     67.9965
1761     67.9965     67.9965
1762     67.9965     67.9965
1763     67.9965     67.9965
1764     67.9965     67.9965
1765     67.9965     67.9965
1766     67.9965     67.9965
1767     67.9965     67.9965
1768     67.9965     67.9965
1769     67.9965     67.9965
1770     67.9965     67.9965
1771     67.9965     67.9965
1772     67.9965     67.9965
1773     67.9965     67.9965
1774     67.9965     67.9965
1775     67.9965     67.9965
1776     67.9965     67.9965
1777     67.9965     67.9965
1778     67.9965     67.9965
1779     67.9965     67.9965
1780     67.9965     67.9965
1781     67.9965     67.9965
1782     67.9965     67.9965
1783     67.9965     67.9965
1784     67.9965     67.9965
1785     67.9965     67.9965
1786     67.9965     67.9965
1787     67.9965     67.9965
1788     67.9965     67.9965
1789     67.9965     67.9965
1790     67.9965     67.9965
1791     67.9965     67.9965
1792     67.9965     67.9965
1793     67.9965     67.9965
1794     67.9965     67.9965
1795     67.9965     67.9965
1796     67.9965     67.9965
1797     67.9965     67.9965
1798     67.9965     67.9965
1799     67.9965     67.9965
1800     67.9965     67.9965
1801     67.9965     67.9965
1802     67.9965     67.9965
1803     67.9965     67.9965
1804     67.9965     67.9965
1805     67.9965     67.9965
1806     67.9965     67.9965
1807     67.9965     67.9965
1808     67.9965     67.9965
1809     67.9965     67.9965
1810     67.9965     67.9965
1811     67.9965     67.9965
1812     67.9965     67.9965
1813     67.9965     67.9965
1814     67.9965     67.9965
1815     67.9965     67.9965
1816     67.9965     67.9965
1817     67.9965     67.9965
1818     67.9965     67.9965
1819     67.9965     67.9965
1820     67.9965     67.9965
1821     67.9965     67.9965
1822     67.9965     67.9965
1823     67.9965     67.9965
1824     67.9965     67.9965
1825     67.9965     67.9965
1826     67.8362     67.9959
1827     67.8362     67.9956
1828     67.8362     67.9956
1829     67.8362     67.9949
1830     67.8362     67.9943
1831     67.8362     67.9927
1832     67.8362     67.9911
1833     67.8362     67.9895
1834     67.8362     67.9875
1835     67.8362     67.9859
1836     67.8362     67.9827
1837     67.8362     67.9784
1838     67.8362     67.9729
1839     67.8362     67.9652
1840     67.8362     67.9537
1841     67.8362     67.9454
1842     67.8362     67.9412
1843     67.8362     67.9348
1844     67.8362     67.9301
1845     67.8362     67.9224
1846     67.8362     67.9176
1847     67.8362     67.9131
1848     67.8362     67.9118
1849     67.8362     67.9073
1850     67.8362     67.9022
1851     67.8362     67.8951
1852     67.8362     67.8922
1853     67.8362       67.89
1854     67.8362     67.8861
1855     67.8362     67.8839
1856     67.8362      67.882
1857     67.8362     67.8768
1858     67.8362     67.8714
1859     67.7282     67.8667
1860     67.7282     67.8604
1861     67.7282      67.853
1862     67.7282     67.8463
1863     67.7282     67.8406
1864     67.7282      67.838
1865     67.7282     67.8356
1866     67.7282     67.8354
1867     67.7282     67.8354
1868     67.7282     67.8352
1869     67.7282     67.8345
1870     67.7282     67.8341
1871     67.7282     67.8336
1872     67.7282     67.8336
1873     67.7282     67.8336
1874     67.7282     67.8332
1875     67.7282     67.8328
1876     67.7282     67.8326
1877     67.7282     67.8321
1878     67.5663     67.8305
1879     67.5663     67.8296
1880     67.5663     67.8285
1881     67.5663     67.8287
1882     67.5663     67.8269
1883     67.5663     67.8246
1884     67.5663     67.8207
1885     67.5663      67.815
1886     67.5663     67.8092
1887     67.5663     67.8032
1888     67.5663     67.7991
1889     67.5663     67.7958
1890     67.5663     67.7935
1891     67.5663     67.7917
1892     67.5663     67.7865
1893     67.5663     67.7834
1894     67.5663     67.7819
1895     67.5663     67.7793
1896     67.5663     67.7766
1897     67.5663     67.7738
1898     67.5663     67.7736
1899     67.5663     67.7696
1900     67.5663     67.7667
1901     67.5663     67.7636
1902     67.5663     67.7608
1903     67.5663     67.7587
1904     67.5663     67.7549
1905     67.5663     67.7524
1906     67.5663     67.7486
1907     67.5663     67.7453
1908     67.5663     67.7428
1909     67.5663     67.7393
1910     67.5663     67.7342
1911     67.5663     67.7327
1912     67.5663     67.7305
1913     67.5663     67.7258
1914     67.5663     67.7198
1915     67.5663      67.716
1916     67.5663     67.7072
1917     67.5663     67.6984
1918     67.5663     67.6936
1919     67.5663     67.6851
1920     67.5663     67.6715
1921     67.5663     67.6646
1922     67.5663     67.6615
1923     67.5663     67.6589
1924     67.5663     67.6511
1925     67.5663     67.6466
1926     67.5663     67.6431
1927     67.5663     67.6385
1928     67.5663     67.6314
1929     67.5663     67.6295
1930     67.5663     67.6278
1931     67.5663     67.6233
1932     67.5663     67.6185
1933     67.5663     67.6123
1934     67.5663     67.6107
1935     67.5663     67.6036
1936     67.5663     67.6003
1937     67.5663     67.5926
1938     67.5663     67.5877
1939     67.5663     67.5832
1940     67.5663     67.5796
1941     67.5663     67.5738
1942     67.5663     67.5676
1943     67.5663     67.5663
1944     67.5663     67.5663
1945     67.5663     67.5663
1946     67.5663     67.5663
1947     67.5663     67.5663
1948     67.5663     67.5663
1949     67.5663     67.5663
1950     67.5663     67.5663
1951     67.5663     67.5663
1952     67.5663     67.5663
1953     67.5663     67.5663
1954     67.5663     67.5663
1955     67.5663     67.5663
1956     67.5663     67.5663
1957     67.5663     67.5663
1958     67.5663     67.5663
1959     67.5663     67.5663
1960     67.5663     67.5663
1961     67.5663     67.5663
1962     67.5663     67.5663
1963     67.5663     67.5663
1964     67.5663     67.5663
1965     67.5663     67.5663
1966     67.5663     67.5663
1967     67.5663     67.5663
1968     67.5663     67.5663
1969     67.5663     67.5663
1970     67.5663     67.5663
1971     67.3194     67.5654
1972     67.3194     67.5654
1973     67.3194     67.5654
1974     67.3194     67.5649
1975     67.3194     67.5649
1976     67.3194     67.5627
1977     67.3194     67.5617
1978     67.3194     67.5597
1979     67.3194     67.5579
1980     67.3194      67.556
1981     67.3194     67.5527
1982     67.3194     67.5493
1983     67.3194     67.5442
1984     67.0461     67.5409
1985     67.0461     67.5359
1986     67.0461     67.5281
1987     66.9854     67.5175
1988     66.9854     67.4988
1989     66.9854     67.4914
1990     66.9854     67.4848
1991     66.9854      67.473
1992     66.9854     67.4644
1993     66.9854     67.4578
1994     66.9854     67.4497
1995     66.9854     67.4368
1996     66.9854     67.4294
1997     66.9854     67.4216
1998     66.9854     67.4102
1999     66.9854     67.3954
