GEN:      BEST_LOSS:      AVERAGE_LOSS: 
0      441.36     500.588
1     421.811      492.97
2     421.811      486.56
3     421.811     480.643
4     418.592     474.955
5     418.183     469.371
6     418.183     465.126
7     418.183     460.484
8     408.756     456.378
9     408.228     452.712
10     395.041     448.672
11     395.041     445.377
12     395.041     442.619
13     395.041     439.396
14       388.4     436.034
15       388.4     433.904
16       388.4     431.461
17       388.4     428.519
18       388.4     426.269
19     386.517     423.987
20     386.517     421.634
21     372.862     419.248
22     372.862     417.296
23     365.759     414.943
24     365.759     412.694
25     353.543     410.359
26     347.149      407.47
27     347.149     404.319
28     347.149     401.805
29     347.149     399.172
30     347.149     396.302
31     347.149     393.722
32     347.149     390.739
33     347.149     388.433
34     347.149     385.747
35     347.149     383.396
36      339.26     380.667
37     337.533     377.992
38     336.491     375.619
39     323.777     373.468
40     323.149     370.652
41     323.149      368.63
42     322.607     366.517
43     322.607     363.938
44     322.607     361.765
45     322.607     360.097
46     322.607     358.011
47     322.607     356.715
48     322.607     355.245
49     322.607      353.15
50      319.95     351.328
51     313.643      349.08
52     307.485     346.938
53     307.485     345.176
54     307.485     343.799
55     307.485     342.085
56     307.485     340.333
57     307.485     339.026
58     300.078     337.833
59     300.078     335.856
60     297.192     333.951
61       288.8      331.82
62     276.028     329.457
63     276.028     327.485
64     276.028     325.142
65     276.028     322.788
66     272.321     320.665
67     272.321     318.469
68     272.321     316.192
69     272.321     313.931
70     272.321      311.95
71     272.321     309.571
72     272.321      307.95
73     272.321     306.571
74     272.321     304.986
75      271.89     303.208
76      271.89     301.612
77     260.929     300.196
78     260.645     298.281
79     257.136     296.636
80     257.136     294.802
81     257.136     292.807
82     254.542     290.633
83     253.363     288.569
84     253.363     286.409
85     247.332     284.191
86     247.332     281.686
87     247.332     279.194
88     243.967     276.983
89     243.967     275.051
90     243.967     273.387
91     243.836     271.983
92     243.836     270.421
93     243.836     269.222
94     243.836     268.073
95     242.284     266.695
96     242.284     265.391
97      228.63     263.921
98      228.63      262.34
99      228.63     261.056
100      228.63     259.661
101      228.63     258.854
102      228.63     258.024
103      228.63     257.123
104      228.63      256.23
105      228.46     255.353
106      228.46     254.603
107      228.46     254.022
108     223.595     253.384
109     223.595     252.452
110     221.243     251.819
111     221.243     251.183
112     221.243     250.238
113     221.243     249.679
114     221.243     248.844
115     221.243     247.678
116     221.243     246.972
117     221.243     245.826
118     221.243     244.899
119     209.374     243.936
120     209.374     242.708
121     209.374     241.379
122     209.374     240.103
123     209.374     239.259
124      209.31     238.052
125      209.31     237.012
126      209.31     235.785
127      209.31     234.681
128      209.31     233.747
129      209.31     232.983
130     208.822     232.124
131     208.822      231.36
132     208.822      230.63
133     208.822     229.719
134     208.822     228.964
135     208.822      228.37
136     208.822     227.694
137     208.822      226.93
138     208.822     226.363
139      205.76     225.893
140      205.76     225.392
141      205.76     224.661
142      205.76     224.159
143      205.76     223.569
144      205.76     223.139
145      205.76     222.814
146      205.76     222.344
147      205.76     221.912
148      205.76     221.581
149      205.76     221.152
150      205.76     220.915
151      205.76     220.328
152      205.76     219.972
153      205.76     219.482
154      205.76     219.053
155     203.863     218.722
156     203.863     218.565
157     203.863     218.244
158     203.863     218.051
159     203.782     217.567
160     203.782     217.019
161      194.37     216.695
162      194.37     216.375
163      194.37     216.154
164      194.37     215.922
165      194.37     215.802
166      194.37     215.376
167      194.37     215.188
168      194.37     214.946
169      194.37     214.711
170      194.37     214.524
171       193.8     214.299
172       193.8     214.162
173       193.8     213.916
174       193.8     213.762
175       193.8     213.518
176     193.545     213.305
177     193.545      213.15
178     193.545     212.821
179     193.545     212.607
180     193.545     212.474
181     189.932     212.275
182     189.932     212.085
183     189.932     212.012
184     189.932       211.7
185     189.932     211.373
186     189.932     210.974
187     186.721     210.749
188     186.721     210.391
189     186.721     209.455
190     186.721     208.879
191     186.721     208.503
192     185.133     207.745
193     185.133     206.994
194     185.133     206.166
195     185.133     204.993
196     183.102     204.021
197     180.926     203.265
198     180.926      202.52
199     180.926     202.006
200     180.926     201.297
201     179.003     200.409
202     179.003     199.818
203     179.003     199.036
204     178.482       198.2
205     173.848     197.617
206     173.848     196.812
207     173.848     196.142
208     173.848     195.561
209     173.848     194.911
210     173.848     194.609
211     173.848     194.075
212     173.848     193.668
213     173.848     193.078
214     173.848     192.485
215     170.876     192.015
216      162.41     191.275
217      162.41     190.719
218      162.41     190.138
219      162.41      189.77
220      162.41     189.311
221      162.41     188.904
222      162.41     188.504
223      162.41     188.231
224      162.41     187.754
225      162.41     187.224
226      162.41     186.812
227      162.41     186.254
228      162.41     185.716
229      162.41     185.297
230      162.41     184.788
231      162.41     184.394
232      162.41       183.8
233      162.41     183.124
234      162.41     182.593
235      162.41     182.146
236      162.41     181.703
237      162.41     181.043
238      162.41     180.699
239      162.41     180.037
240      162.41     179.654
241      162.41     179.152
242      162.41     178.782
243      162.41     178.391
244      162.41     178.007
245      162.41     177.645
246      162.41     177.333
247      162.41     176.959
248      162.41     176.578
249      162.41     176.167
250      162.41      175.56
251     156.326     174.842
252     156.326     174.227
253     156.326      173.77
254     156.326     173.518
255     156.326     173.235
256     156.326     172.965
257     156.326     172.584
258      155.97     172.317
259      155.97     171.832
260     155.688     171.377
261     155.688     170.984
262     152.308      170.31
263     152.308     169.874
264     152.308       169.6
265     152.308     169.261
266     152.308     168.896
267     152.308      168.57
268     152.308     168.354
269     152.308     167.978
270     152.308     167.373
271     152.308     166.882
272     152.308     166.466
273     152.308     165.911
274     152.114     165.473
275     152.114     165.052
276     152.114      164.47
277     152.114     163.885
278     152.114     163.485
279     152.114     163.038
280     152.114     162.814
281     150.536     162.301
282     150.536     161.813
283     149.588     161.431
284     149.588     161.119
285     147.576     160.604
286     147.576     160.233
287     147.576     159.789
288     147.576     159.457
289     146.333     159.215
290     145.436     158.663
291     145.436     158.436
292     145.436     158.013
293     145.436     157.634
294     145.436     157.278
295     145.436     157.201
296     145.436     156.866
297     145.436     156.601
298     145.436     156.386
299     145.436     156.146
300     145.436     155.933
301     145.436     155.617
302     145.436     155.152
303     145.088     154.899
304     145.088     154.671
305     144.725      154.43
306     144.485     154.095
307     144.485     153.892
308     143.793     153.687
309     143.793     153.544
310     143.793     153.477
311     137.927     153.179
312     137.927     152.942
313     137.927     152.637
314     137.927     152.311
315     137.927     151.983
316     137.927     151.783
317     137.927     151.601
318     137.927     151.306
319     137.927     151.013
320     137.927     150.642
321     137.927     150.454
322     137.927     150.142
323     137.927     149.843
324     137.927     149.772
325     137.927     149.498
326     137.927     149.233
327     137.927     148.909
328     137.513     148.563
329     137.325     148.022
330     137.325     147.718
331     134.374     147.405
332     134.374     147.136
333     134.374     146.718
334     134.374     146.491
335      134.13     146.055
336      134.13     145.741
337      134.13     145.529
338      134.13     145.299
339      134.13     144.957
340      134.13     144.666
341      134.13     144.357
342     133.254     144.122
343     132.686     143.839
344     132.686      143.56
345     132.686     143.279
346     132.686     143.077
347     132.686     142.847
348     132.261     142.593
349     131.492     142.328
350     131.492      142.12
351     131.492     141.835
352     130.906     141.462
353     130.906     141.037
354     130.906     140.789
355     130.906     140.512
356     130.906     140.304
357     130.906      139.94
358     130.906     139.589
359     130.818     139.432
360     130.818     139.342
361     130.818     139.011
362     130.818     138.787
363     130.768      138.63
364     128.902     138.302
365     128.902     138.069
366     127.281     137.676
367     127.281     137.593
368     127.281      137.32
369     126.564      137.08
370     126.564     136.728
371     126.564      136.38
372     126.564     136.036
373     126.564     135.736
374     126.564     135.503
375     126.564     135.227
376     126.303     134.926
377     126.303     134.713
378     126.303     134.339
379     124.255     134.032
380     124.255     133.774
381     124.255     133.535
382     124.255     133.309
383     124.255     133.042
384     124.255     132.858
385     124.255     132.531
386     123.902     132.207
387     123.244      131.94
388     123.244     131.764
389     123.244     131.543
390     123.244       131.3
391     123.244     131.178
392     123.244     130.929
393     123.244     130.819
394     123.244     130.629
395     123.244     130.476
396     123.244     130.277
397     123.244      130.12
398     123.244     129.987
399     123.244     129.795
400     123.244     129.617
401     122.465     129.441
402     122.465     129.203
403     122.251     129.079
404     122.251     128.938
405     122.251     128.914
406     122.251     128.745
407     122.251     128.616
408     122.251     128.361
409     122.251     128.159
410     122.251     128.027
411     122.251     127.844
412     122.251     127.742
413     122.251     127.572
414     122.251     127.489
415     121.483     127.435
416     121.483      127.39
417     121.483     127.258
418     121.483     127.181
419     120.112     127.022
420     120.112     126.881
421     119.958     126.756
422     119.958     126.535
423     119.958     126.441
424     119.958     126.333
425     119.958     126.261
426     119.958      126.21
427     115.445     126.011
428     115.445     125.811
429     115.445     125.745
430     115.445     125.659
431     115.445     125.451
432     115.445     125.376
433     115.445     125.155
434     115.445      124.98
435     115.445     124.743
436     115.445     124.592
437     115.445     124.341
438     115.445     124.123
439     115.445     123.985
440     115.445     123.866
441     115.445     123.768
442     115.445     123.546
443     115.445     123.433
444     115.445     123.297
445     115.445     123.112
446     115.445     122.919
447     115.445      122.69
448     115.445     122.544
449     115.445     122.377
450     115.445     122.129
451     115.445     122.066
452     115.445     122.015
453     115.445      121.71
454     115.445     121.607
455     115.445     121.508
456     115.405     121.328
457     115.405     121.076
458     115.405      120.97
459     115.405     120.868
460     115.405       120.8
461     115.174     120.643
462     114.375     120.522
463     113.502     120.392
464     113.502     120.334
465     113.502      120.13
466     112.944     119.949
467     112.944     119.751
468     112.944     119.554
469     112.944     119.451
470     112.891     119.235
471     112.891     119.148
472     112.891     119.051
473     112.891     118.892
474     111.765     118.771
475     111.765     118.553
476     111.765     118.447
477     111.765     118.303
478     111.765       118.1
479     111.765     117.926
480     111.431       117.8
481     111.424       117.6
482     109.713     117.401
483     109.713     117.306
484     109.713     117.136
485     109.713     116.888
486     109.713     116.709
487     109.713     116.542
488     109.713      116.31
489     109.713     116.255
490     109.713     116.048
491     109.713     115.874
492     109.713      115.79
493     109.713     115.673
494     109.713     115.531
495     109.713     115.346
496     109.159     115.241
497     109.159     115.144
498     109.159     114.959
499     109.159     114.841
500     109.159     114.729
501     107.686     114.569
502     107.686     114.385
503     107.686     114.367
504     107.686     114.133
505     107.686     113.911
506     107.686     113.703
507     107.488      113.63
508     107.488     113.582
509     105.413     113.453
510     105.413     113.224
511     105.413     113.037
512     105.413     112.839
513     105.413     112.594
514     105.413      112.34
515     105.147     112.149
516     105.147     111.944
517     105.147     111.835
518     105.147     111.689
519     104.693     111.418
520     104.693     111.222
521     104.579     111.091
522     104.579     110.877
523     104.579     110.617
524     104.579     110.408
525     103.057     110.269
526     103.057     110.213
527     103.057     109.915
528     103.057      109.73
529     103.057     109.514
530     103.057     109.248
531      102.37     109.052
532      102.37     108.924
533      102.37     108.715
534      102.37     108.516
535      102.37     108.387
536      102.37     108.174
537      102.37     108.042
538      102.37     107.806
539      102.37     107.524
540     101.153      107.31
541     100.951     107.147
542     100.951     106.967
543     100.951     106.687
544     100.951     106.555
545     100.951     106.288
546     99.9943     106.035
547     99.9943     105.822
548     99.9943     105.613
549     99.9943     105.416
550     99.9943     105.358
551     99.9943     105.059
552     99.9943     104.893
553     99.7896     104.855
554     99.7896     104.706
555     99.7896     104.572
556     99.7896     104.362
557     99.7896     104.172
558     99.7896     104.073
559     99.7896     103.985
560     99.7896     103.838
561     99.7896     103.645
562     99.5183     103.496
563     99.5183      103.35
564     99.5183     103.308
565     99.5183     103.218
566     98.4867     103.038
567     98.4867     102.919
568     98.4867     102.872
569     98.4867     102.765
570     98.4867     102.624
571     98.4867     102.545
572     97.5097     102.384
573     97.5097     102.183
574     97.5097     102.088
575     97.5097     102.005
576     97.0314     101.945
577     97.0314     101.879
578     97.0314     101.793
579     97.0314      101.66
580     97.0314     101.559
581     97.0314     101.479
582     97.0314     101.404
583     97.0314     101.341
584     97.0314      101.22
585     97.0314     101.145
586     97.0314     101.123
587     97.0314     101.022
588     97.0314     101.011
589     96.9826     100.957
590     96.9826     100.899
591     95.6422     100.733
592     95.6422     100.651
593     95.6422     100.538
594     95.6422     100.432
595     95.6422     100.361
596     95.6422     100.264
597     95.6422     100.213
598     95.6422     100.167
599     95.6422     100.077
600     95.6422     100.026
601     95.6422     100.014
602     95.6422     99.9881
603     95.6422     99.8995
604     95.6422     99.8757
605     95.6422     99.8037
606     95.6422     99.7183
607     95.6422     99.6565
608     95.6422     99.5646
609     95.6422     99.5188
610     95.6422     99.4611
611     95.1551     99.3746
612     95.1551     99.3372
613     95.0608     99.2626
614     95.0608      99.216
615     95.0608     99.1684
616     95.0608     99.0556
617     95.0608     99.0081
618     94.8288     98.9512
619     94.0722     98.8831
620     94.0722     98.7816
621     94.0722     98.7453
622     94.0722     98.7268
623     94.0722     98.6161
624     94.0722     98.5181
625     94.0722     98.5076
626     92.8455     98.3947
627     92.8455     98.2901
628     92.8455     98.2525
629     92.8455     98.1903
630     92.8455     98.1425
631     91.9206      98.031
632     91.9206     97.9776
633     91.9206      97.963
634     91.9206     97.9097
635     91.9206     97.7992
636     91.9206     97.7484
637     91.9206     97.6399
638     91.9206     97.5831
639     91.9206      97.582
640     91.9206     97.5078
641     91.9206     97.5128
642     91.9206     97.3826
643     91.9206     97.3414
644     91.9206     97.3369
645     91.9206     97.2657
646     91.9206     97.2619
647     91.9206     97.2289
648     91.9206     97.1217
649     91.9206     97.0479
650     91.9206     96.9859
651     91.9206     96.9315
652     91.9206     96.8068
653     91.9206     96.7623
654     91.9206     96.6164
655     91.9206     96.5655
656     91.4774     96.4244
657     91.4774     96.3993
658     91.4774     96.4046
659     91.4774     96.3356
660     91.4774     96.2658
661     91.4774     96.1972
662     91.4774     96.1747
663     91.4774      96.184
664     91.4774     96.1325
665     91.4774     96.0108
666     91.3518     95.9047
667     91.3518     95.8431
668     91.3518     95.7296
669     91.3518      95.608
670     91.3518     95.5552
671     91.3518     95.5232
672     91.3518     95.4969
673     91.3518     95.4415
674     91.3518     95.3893
675     91.3384     95.3368
676     91.3384     95.2296
677     91.3384     95.2093
678     91.3384     95.1128
679     91.3384     95.1054
680     91.0405     94.9737
681     90.2872     94.8882
682     90.2872     94.7923
683     90.2872     94.7351
684     90.2872      94.662
685     90.2872     94.5701
686     90.2872     94.5261
687     90.2872     94.4396
688     87.6126     94.4212
689     87.6126     94.3236
690     87.6126     94.2301
691     87.6126     94.1721
692     87.6126     94.0988
693     87.6126     94.0072
694     87.6126     93.8484
695     87.6126     93.7615
696     87.6126     93.6452
697     87.6126     93.5583
698     87.6126     93.5014
699     87.6126     93.4333
700     87.6126     93.3444
701     87.6126     93.2843
702     87.6126     93.0683
703     87.6126     92.9544
704     87.6126     92.8816
705     87.6126     92.7899
706     87.6126     92.6873
707     87.6126     92.7305
708     87.6126     92.6445
709     87.6126     92.5392
710     87.6126     92.4735
711     87.6126     92.4095
712     87.6126     92.3272
713     87.6126     92.3506
714     87.3503     92.2926
715     87.3503     92.1363
716     87.3503     92.0855
717     87.3503     91.9958
718     87.3503      91.897
719     87.3503     91.8581
720     87.3503     91.8521
721     87.3503     91.8204
722     87.3503     91.7438
723     87.3256     91.6502
724     87.3256     91.6179
725     87.3256     91.5328
726     87.3256     91.4276
727     87.3256     91.3672
728     87.3256      91.266
729     87.3256     91.2719
730     87.3256     91.2269
731     87.1385     91.0994
732     87.1385     91.0398
733     87.1385     90.9865
734     87.1385     90.9129
735     86.9022     90.7999
736     86.3916     90.7278
737     86.3916     90.6676
738      85.029     90.6054
739      85.029     90.5154
740      85.029     90.4333
741      85.029       90.36
742      85.029     90.2203
743      85.029     90.1527
744      85.029     90.0775
745      85.029     89.9961
746      85.029     89.9345
747      85.029     89.8021
748      85.029     89.6443
749      85.029     89.5236
750      85.029     89.4131
751      85.029     89.2862
752     84.3767     89.2091
753     84.3767     89.0118
754     84.3767     88.9277
755     82.7868     88.7615
756     82.7868     88.6397
757     82.7868      88.516
758     82.7868     88.3654
759     82.7868     88.2233
760     82.7868     88.0896
761     82.7868     87.9309
762     82.7868     87.7272
763     82.7868       87.65
764     82.7868     87.5658
765     82.7868     87.4378
766     82.7868     87.3354
767     82.7868     87.2172
768     82.7868      87.116
769     82.7868     86.9528
770     82.7868     86.8876
771     82.7868     86.7718
772     82.7868     86.6989
773     82.7868     86.6128
774     82.7868     86.5488
775     82.7868     86.4408
776     82.7868     86.3311
777     82.7868     86.3179
778     82.7868     86.2763
779     82.7868     86.2262
780     82.7868     86.1644
781     82.7868     86.0977
782     82.7868     86.0706
783     82.7868      86.046
784     82.7868     85.9745
785     82.7868     85.9458
786     82.7868     85.9016
787     82.7868     85.8452
788     82.7868     85.8011
789     82.7868     85.7887
790     82.7868     85.7268
791     82.7283     85.6904
792     82.7283     85.6739
793     82.7283     85.6257
794     82.7283     85.5804
795     82.7283     85.5286
796     82.7283     85.4794
797     82.7283     85.4682
798     82.7283     85.4593
799     82.7283     85.4333
800     82.7283     85.4123
801     82.7868     85.3574
802     82.7868     85.3422
803     82.7868     85.2976
804     82.7868     85.2631
805     82.7868     85.2254
806     82.7868      85.192
807     82.7868     85.1428
808     82.7868     85.1075
809     82.7868     85.0707
810     82.7868     85.0145
811     82.7868     85.0167
812     82.7868     84.9785
813     82.7868     84.9501
814     82.5487     84.9306
815     82.5487     84.9219
816     82.5487     84.9319
817     82.5487     84.9377
818     82.5487     84.9363
819     82.5487      84.905
820     82.5285     84.8742
821     82.5285     84.8674
822     82.5285     84.8599
823     78.2419      84.844
824     78.2419      84.819
825     78.2419     84.7752
826     78.2419     84.7878
827     78.2419     84.7744
828     78.2419     84.7617
829     78.2419     84.7296
830     78.2419     84.7384
831     78.2419     84.6975
832     78.2419     84.6569
833     78.2419     84.6066
834     78.2419     84.5721
835     78.2419     84.5686
836     78.2419     84.4823
837     78.2419     84.4327
838      77.304     84.3801
839      77.304     84.3075
840      77.304     84.1883
841      77.304     84.1437
842      77.304     84.0484
843      77.304     83.9899
844      77.304     83.9813
845      77.304     83.9075
846      77.304     83.8591
847      77.304     83.7754
848      77.304     83.7107
849      77.304     83.6665
850      77.304     83.6583
851      77.304     83.6208
852      77.304      83.533
853      77.304     83.4921
854     76.8006     83.4934
855     76.8006      83.393
856     76.8006     83.3097
857     76.8006      83.258
858     76.8006     83.1655
859     76.8006     83.1435
860     76.8006     83.0695
861     76.8006     83.0258
862     76.8006     82.9926
863     76.8006     83.0005
864     76.8006     82.9767
865     76.8006     82.9251
866     76.8006      82.868
867     76.8006     82.8248
868     76.8006     82.7772
869     76.8006     82.7757
870     76.8006     82.7369
871     76.8006     82.7194
872     76.8006     82.7123
873     76.8006     82.7152
874     76.8006     82.6166
875     76.8006     82.5963
876     76.8006     82.5948
877     76.8006     82.5094
878     76.8006     82.4546
879     76.8006     82.3427
880     76.8006     82.2658
881     76.8006     82.2306
882     76.8006      82.231
883     76.8006     82.1447
884     76.8006     82.1108
885     76.8006     82.0529
886     76.8006     81.9763
887     76.8006     81.9562
888     76.8006     81.9744
889     76.8006     81.9107
890     76.7547     81.8753
891     76.7547     81.8585
892     76.7547     81.8642
893     76.7547     81.8799
894     76.7547     81.9166
895     76.7547     81.8456
896     76.7547     81.8066
897     76.7547     81.7521
898     76.7547     81.7518
899     76.7547     81.7119
900     76.7547       81.67
901     76.7547     81.6388
902     76.7547     81.6121
903     76.7547     81.5612
904     76.2883     81.3936
905     76.2883      81.298
906     76.1975     81.2381
907      75.578     81.1058
908      75.578      80.996
909      75.578     80.7963
910      75.578     80.7624
911     75.3848     80.5507
912     75.3848     80.4196
913     75.3848     80.2872
914     75.3848     80.1615
915     75.3848     80.0249
916     74.7826     79.9042
917     74.7826     79.7262
918     74.7826     79.5129
919     74.7826     79.2851
920     74.7826     79.1311
921     74.7826     79.0309
922     74.7826     78.8736
923     74.7826     78.7412
924     74.7826     78.5491
925     74.7826     78.2788
926     74.7826     78.1514
927     74.7826     78.0508
928     74.7596     77.9145
929     74.7596     77.8705
930     74.7596     77.7589
931     73.7824     77.5456
932     73.7824     77.3859
933     73.7824     77.2817
934     73.7824     77.2784
935     73.7824     77.1052
936     73.7824     76.9258
937     73.7824     76.7907
938     73.7824     76.6915
939     73.7824     76.5651
940     73.7824     76.4162
941     73.7824     76.3282
942     73.7824     76.2599
943     73.7824     76.1651
944     73.7824     76.0979
945     73.7824     75.9966
946     73.7824      75.952
947     73.7824     75.8649
948     73.7824     75.8289
949     73.7824     75.7611
950     73.7824       75.67
951     73.7824     75.5598
952     73.7284      75.483
953     73.7284     75.4138
954     73.7284     75.3427
955     73.7284     75.2938
956     73.7284     75.2334
957     73.7284     75.1875
958     73.7284     75.1379
959     73.7284     75.1103
960     73.7284     75.0809
961     73.7284     75.0414
962     73.7284     75.0235
963     73.7284     74.9889
964     73.7284     74.9602
965     73.7284     74.9509
966     73.7284     74.9336
967     73.7284     74.8958
968     73.7284     74.8589
969     73.7284     74.8209
970     73.7284     74.7896
971     73.7284     74.7728
972     73.7284      74.758
973     73.7284     74.7482
974     73.7284     74.7255
975     73.7284     74.7059
976     73.7284     74.6948
977     73.7284     74.6787
978     73.4097     74.6625
979     73.4097     74.6445
980     73.2865     74.6313
981     73.2865     74.6257
982     73.2865     74.6001
983     73.2865     74.5733
984     73.2865     74.5444
985     73.2865     74.5191
986     73.2865     74.4693
987     73.2865     74.4484
988     73.2865     74.4201
989     73.2865     74.3791
990     73.2865     74.3528
991     73.2865     74.3127
992     73.2865     74.2957
993      73.281     74.2605
994      73.281     74.2172
995      73.281     74.1894
996     72.5829     74.1752
997     72.5829     74.1301
998     72.5829     74.0874
999     72.5829     74.0454
1000     72.5829     74.0132
1001     72.5829     73.9597
1002     72.5829     73.9144
1003     72.5829     73.8597
1004     72.5829     73.8247
1005     72.5829     73.7898
1006     72.5829     73.7427
1007     72.5829     73.6655
1008     72.5829      73.632
1009     72.5829     73.5788
1010     72.5829     73.5481
1011     72.5829     73.5116
1012     72.5829     73.4898
1013     72.5829     73.4698
1014     72.5829     73.4464
1015     72.5829     73.4365
1016     72.5829     73.4224
1017     72.5829     73.4014
1018     72.5829      73.391
1019     72.5829     73.3635
1020     72.5829     73.3563
1021     72.5829     73.3432
1022     72.5829     73.3318
1023     72.5829     73.3266
1024     72.5829     73.3151
1025     72.5829     73.3005
1026     72.5829     73.2966
1027     72.5829     73.2912
1028     72.5829     73.2857
1029     72.5829      73.285
1030     72.5829     73.2805
1031     72.5829     73.2797
1032     71.8057     73.2761
1033     71.8057      73.275
1034     71.8057     73.2744
1035     71.8057     73.2736
1036     71.8057     73.2719
1037     71.8057     73.2707
1038     71.8057     73.2689
1039     71.8057     73.2662
1040     71.8057     73.2598
1041     71.8057     73.2567
1042     71.8057      73.252
1043     71.6728     73.2443
1044     71.6728     73.2397
1045     71.6728     73.2352
1046     71.6728     73.2323
1047     71.6728     73.2286
1048     71.6728     73.2242
1049     71.6728     73.2215
1050     71.6728     73.2196
1051     71.6728     73.2145
1052     71.6728     73.2108
1053     71.6728      73.206
1054     71.6728     73.2044
1055     71.6728     73.2029
1056     71.6728     73.2002
1057     71.6728     73.1978
1058     71.6728     73.1944
1059     71.6728     73.1911
1060     71.6728     73.1897
1061     71.6728     73.1832
1062     71.6728     73.1859
1063     71.6728     73.1815
1064     71.6728     73.1808
1065     71.6728      73.179
1066     71.6728     73.1761
1067     71.6728     73.1745
1068     71.6728     73.1714
1069     71.6728     73.1697
1070     71.6728     73.1691
1071     71.6728     73.1688
1072     71.6728     73.1678
1073     71.6728     73.1671
1074     71.6728     73.1671
1075     71.6728     73.1666
1076     71.0951      73.161
1077     71.0951     73.1605
1078     71.0951     73.1585
1079     71.0951     73.1556
1080     71.0951      73.153
1081     71.0951     73.1467
1082     71.0951     73.1446
1083     71.0951     73.1437
1084     71.0951     73.1405
1085     71.0951     73.1401
1086     71.0951     73.1394
1087     71.0951     73.1539
1088     71.0951      73.139
1089     71.0951     73.1384
1090     71.0951     73.1381
1091      71.459     73.1387
1092      71.459     73.1383
1093      71.459     73.1377
1094      71.459     73.1365
1095      71.459     73.1347
1096      71.459     73.1334
1097      71.459     73.1332
1098      71.459     73.1299
1099      71.459     73.1287
1100      71.459     73.1277
1101      71.459     73.1264
1102      71.459     73.1252
1103      71.459     73.1245
1104      71.459     73.1231
1105      71.459     73.1988
1106      71.459     73.1447
1107      71.459     73.1189
1108      71.459     73.1169
1109      71.459     73.1128
1110      71.459     73.1054
1111      71.459     73.1068
1112      71.459     73.0967
1113      71.459     73.0887
1114      71.459     73.0838
1115      71.459     73.0758
1116      71.459     73.0692
1117      71.459     73.0614
1118      71.459     73.1258
1119      71.459     73.0677
1120      71.459     73.0475
1121      71.459      73.042
1122      71.459     73.0408
1123      71.459     73.0417
1124      71.459     73.0362
1125      71.459     73.0293
1126      71.459     73.0189
1127      71.459      73.008
1128      71.459      72.999
1129      71.459      72.981
1130     71.4472     72.9681
1131     71.4472     72.9606
1132     71.4472     72.9514
1133     71.4472     72.9447
1134     71.4472     72.9428
1135     71.4472     72.9292
1136     71.4472     72.9257
1137     71.4472      72.918
1138     71.4472     72.9123
1139     71.4472     72.9079
1140     71.4472     72.8982
1141     71.4472     72.8906
1142     71.4472     72.8835
1143     71.4472     72.8842
1144     71.4472     72.8785
1145     71.4472     72.8909
1146     71.4472     72.8743
1147     71.4472     72.8689
1148     71.4472     72.8647
1149     71.4472     72.8571
1150     71.4472     72.8434
1151     71.4472     72.8337
1152     71.4472     72.8279
1153     71.4472      72.824
1154     71.4472      72.826
1155     71.4472     72.8251
1156     71.1767     72.8121
1157     71.1767     72.8414
1158     71.1767     72.8056
1159     71.1767     72.7969
1160     71.1767     72.7858
1161     71.1767      72.777
1162     71.1767     72.7715
1163     71.1767     72.7664
1164     71.1767     72.7546
1165     71.1767     72.7406
1166     71.1767     72.7294
1167     71.1767     72.7232
1168     71.1767     72.7239
1169     71.1767     72.7175
1170     71.1767     72.7209
1171     71.0382     72.7194
1172     71.0382     72.7095
1173     71.0382     72.7142
1174     71.0382     72.7069
1175     71.0382     72.7047
1176     71.0382     72.7165
1177     71.0382     72.7056
1178     71.0382     72.7018
1179     71.0382     72.6958
1180     71.0382     72.6967
1181     71.0382     72.6936
1182     71.0382     72.6929
1183     71.0382     72.6892
1184     71.0382     72.6927
1185     71.0382     72.6812
1186     70.5841      72.691
1187     70.5841     72.6815
1188     70.5841      72.676
1189     70.5841     72.6863
1190     70.5841     72.6856
1191     70.5841     72.6893
1192     70.5841     72.6868
1193     70.5841     72.6886
1194     70.5841     72.7287
1195     70.5841     72.7001
1196     70.5841     72.7192
1197     70.5841      72.703
1198     70.5841     72.6915
1199     70.5841     72.7347
1200     70.5841     72.7439
1201     70.5841     72.7743
1202     70.5354     72.7802
1203     70.5354     72.7839
1204     70.5354     72.7624
1205     70.5354     72.7772
1206     70.5354     72.7983
1207     70.5354     72.7978
1208     70.5354     72.8765
1209     70.5354     72.8391
1210     70.5354     72.9418
1211     70.5354     72.8414
1212     70.5354     72.9205
1213     70.5354     72.8288
1214     70.5354     73.0364
1215     70.5354     73.0222
1216     70.5354     72.9328
1217     70.5354      72.819
1218     70.5354     72.7362
1219     70.5354     72.5359
1220     70.5354     72.3941
1221     70.5354     72.2745
1222     70.5268     72.1202
1223     70.5268     72.0328
1224     70.5268     72.0087
1225     70.5268     71.9313
1226     70.5268     71.8469
1227     70.5268     71.7845
1228     70.5268     71.7321
1229     70.5268     71.6876
1230     70.5268     71.6001
1231     70.5268     71.4888
1232     70.5268      71.447
1233     70.5268     71.3671
1234     70.5268     71.2992
1235     70.5268     71.2801
1236     70.5268     71.2086
1237     70.5268     71.1232
1238     70.5268     71.1003
1239     70.5268     71.0569
1240     70.5268     70.9675
1241     70.5268     70.9135
1242     70.5268     70.8584
1243     70.5268     70.8095
1244     70.5268     70.7978
1245     70.5268     70.7537
1246     70.5268       70.73
1247     70.5268     70.7018
1248     70.5268     70.6779
1249     70.5268     70.6512
1250     70.5268     70.6327
1251     70.5268      70.622
1252     70.5268     70.6146
1253     70.5268     70.6062
1254     70.5268     70.5974
1255     70.5268     70.5855
1256     70.5268     70.5788
1257     70.5268     70.5695
1258     70.5268     70.5659
1259     70.5268     70.5653
1260     70.5268     70.5624
1261     70.4124     70.5602
1262     70.4124     70.5564
1263     70.4124     70.5551
1264     70.4124     70.5531
1265     70.4124     70.5517
1266     70.4124     70.5496
1267     70.4124     70.5464
1268     70.4124      70.544
1269     70.4124     70.5406
1270     70.4124     70.5395
1271     70.4124     70.5367
1272     70.4124     70.5327
1273     70.4124     70.5294
1274     70.4124     70.5264
1275     70.4124     70.5211
1276     70.4124     70.5141
1277     70.4124     70.5062
1278     70.4124     70.4964
1279     70.4124     70.4896
1280     70.4124     70.4849
1281     70.4124      70.477
1282     70.4124     70.4727
1283     70.4124     70.4677
1284     70.4124     70.4673
1285     70.4124     70.4627
1286     70.4124     70.4604
1287     70.4124     70.4579
1288     70.4124     70.4574
1289     70.4124     70.4542
1290     70.4124     70.4499
1291     70.4124     70.4458
1292     70.4124     70.4423
1293     70.4124     70.4417
1294     70.4124     70.4375
1295     70.4124     70.4339
1296     70.4124     70.4295
1297     70.4124     70.4275
1298     70.4124     70.4243
1299     70.4124     70.4218
1300     70.4124     70.4179
1301     70.4124     70.4142
1302     70.4124     70.4124
1303     70.4124     70.4124
1304     70.4124     70.4124
1305     70.4124     70.4124
1306     70.4124     70.4124
1307     70.4124     70.4124
1308     70.4124     70.4124
1309     70.4124     70.4124
1310     70.4124     70.4124
1311     70.4124     70.4124
1312     70.4124     70.4124
1313     70.4124     70.4124
1314     70.4124     70.4124
1315     70.4124     70.4124
1316     70.4124     70.4124
1317     70.4124     70.4124
1318     70.4124     70.4124
1319     70.4124     70.4124
1320     70.4124     70.4124
1321     70.4124     70.4124
1322     70.4124     70.4124
1323     70.4124     70.4124
1324     70.4124     70.4124
1325     70.4124     70.4124
1326     70.4124     70.4124
1327     70.4124     70.4124
1328     70.4124     70.4124
1329     70.4124     70.4124
1330     70.4124     70.4124
1331     70.4124     70.4124
1332     70.4124     70.4124
1333     70.4124     70.4124
1334     70.4124     70.4124
1335     70.4124     70.4124
1336     70.4124     70.4124
1337     70.4124     70.4124
1338     70.4124     70.4124
1339     70.4124     70.4124
1340     70.4124     70.4124
1341     70.4124     70.4124
1342     70.4124     70.4124
1343     70.4124     70.4124
1344     70.4124     70.4124
1345     70.4124     70.4124
1346     70.4124     70.4124
1347     70.4124     70.4124
1348     70.4124     70.4124
1349     70.4124     70.4124
1350     70.4124     70.4124
1351     70.4124     70.4124
1352     70.4124     70.4124
1353     70.4124     70.4124
1354     70.4124     70.4124
1355     70.4124     70.4124
1356     70.4124     70.4124
1357     70.4124     70.4124
1358     70.4124     70.4124
1359     70.4124     70.4124
1360     70.4124     70.4124
1361     70.4124     70.4124
1362     70.4124     70.4124
1363     70.4124     70.4124
1364     70.4124     70.4124
1365     70.4124     70.4124
1366     70.4124     70.4124
1367     70.4124     70.4124
1368     70.4124     70.4124
1369     70.4124     70.4124
1370     70.4124     70.4124
1371     70.4124     70.4124
1372     70.4124     70.4124
1373     70.4124     70.4124
1374     70.4124     70.4124
1375     70.4124     70.4124
1376     70.4124     70.4124
1377     70.4124     70.4124
1378     70.4124     70.4124
1379     70.4124     70.4124
1380     70.4124     70.4124
1381     70.4124     70.4124
1382     70.4124     70.4124
1383     70.4124     70.4124
1384     70.4124     70.4124
1385     70.4124     70.4124
1386     70.4124     70.4124
1387     70.4124     70.4124
1388     70.4124     70.4124
1389     70.4124     70.4124
1390     70.4124     70.4124
1391     70.4124     70.4124
1392     70.4124     70.4124
1393     70.4124     70.4124
1394     70.4124     70.4124
1395     70.4124     70.4124
1396     70.3943     70.4123
1397     70.3943     70.4123
1398     70.3943     70.4123
1399     70.3943     70.4123
1400     70.3943     70.4123
1401     70.3943     70.4123
1402     70.3943     70.4122
1403     70.3943     70.4122
1404     70.3943     70.4122
1405     70.3943     70.4121
1406     70.3943      70.412
1407     70.3943     70.4119
1408     70.3943     70.4118
1409     70.3943     70.4118
1410     70.3943     70.4116
1411     70.3943     70.4114
1412     70.3943     70.4111
1413     70.3943     70.4106
1414     70.3943     70.4103
1415     70.3943     70.4096
1416     70.3943     70.4085
1417     70.3943     70.4074
1418     70.3943     70.4061
1419     70.3943     70.4053
1420     70.3943     70.4048
1421     70.3943     70.4044
1422     70.3943      70.404
1423     70.3943     70.4036
1424     70.3943      70.403
1425     70.3943     70.4024
1426     70.3943     70.4019
1427     70.3943     70.4017
1428     70.3943     70.4014
1429     70.3943     70.4008
1430     70.3943     70.4002
1431     70.3943     70.3996
1432     70.3943     70.3989
1433     70.3943     70.3982
1434     70.3943     70.3976
1435     70.3943     70.3972
1436     70.3943     70.3967
1437     70.3943      70.396
1438     70.3943     70.3953
1439     70.3943     70.3949
1440     70.3943     70.3949
1441     70.1886     70.3941
1442     70.1886     70.3938
1443     70.1886     70.3938
1444     70.1886     70.3938
1445     70.1886     70.3938
1446     70.1886     70.3938
1447     70.1886     70.3934
1448     70.1886      70.393
1449     70.1886      70.393
1450     70.1886      70.393
1451     70.1886      70.393
1452     70.1886      70.393
1453     70.1886     70.3926
1454     70.1886     70.3926
1455     70.1886     70.3926
1456     70.1886     70.3922
1457     70.1886     70.3922
1458     70.1886      70.391
1459     70.1886     70.3901
1460     70.1886     70.3897
1461     70.1209     70.3888
1462     70.1209     70.3871
1463     70.1209     70.3849
1464     70.1209     70.3833
1465     70.1209     70.3812
1466     70.1209     70.3784
1467     70.1209     70.3755
1468     70.1209     70.3718
1469     70.1209     70.3681
1470     70.1209     70.3619
1471     70.1209     70.3522
1472     70.1209     70.3386
1473     70.1209     70.3286
1474     70.1209     70.3212
1475     70.1209     70.3112
1476     70.1209     70.3046
1477     70.1209     70.2998
1478     70.1209     70.2929
1479     70.1209     70.2887
1480     70.1209     70.2817
1481     70.1209     70.2791
1482     70.1209     70.2725
1483     70.1209     70.2678
1484     69.6055     70.2583
1485     69.6055     70.2485
1486     69.6055     70.2401
1487     69.6055     70.2318
1488     69.6055     70.2253
1489     69.6055      70.215
1490     69.6055     70.2117
1491     69.6055     70.2042
1492     69.6055     70.1986
1493     69.6055     70.1952
1494     69.6055     70.1884
1495     69.6055     70.1846
1496     70.1209     70.1817
1497     70.1209     70.1711
1498     70.1209     70.1684
1499     70.1209     70.1591
1500     70.1209     70.1498
1501     70.1209     70.1467
1502     70.1209     70.1445
1503     70.1209     70.1429
1504     70.1209     70.1414
1505     70.1209     70.1388
1506     70.1209     70.1381
1507     70.1209     70.1376
1508     70.1209     70.1365
1509     70.1209     70.1339
1510     70.1209     70.1318
1511     70.1209      70.131
1512     70.1209     70.1295
1513     70.1209      70.127
1514     70.1209     70.1264
1515     70.1209     70.1242
1516     70.1209     70.1235
1517     70.1209     70.1226
1518     70.1209     70.1216
1519     70.1209     70.1209
1520     70.1209     70.1209
1521     69.5389     70.1197
1522     69.5389     70.1197
1523     69.5389     70.1197
1524     69.5389     70.1186
1525     69.5389     70.1186
1526     69.5389     70.1186
1527     69.5389     70.1162
1528     69.5389     70.1151
1529     69.5389     70.1139
1530     69.5389     70.1146
1531     69.5389     70.1139
1532     69.5389     70.1116
1533     69.5389     70.1093
1534     69.5389     70.1093
1535     69.5389     70.1069
1536     69.5389     70.1023
1537     69.5389     70.0965
1538     69.5389     70.0918
1539     69.5389     70.0869
1540     69.5389     70.0884
1541     69.5389     70.0714
1542     69.5389     70.0642
1543     69.5389     70.0535
1544     69.5389      70.038
1545     69.5389     70.0131
1546     69.5389     69.9777
1547     69.5389     69.9559
1548     69.5389       69.93
1549     69.5389     69.9052
1550     69.5389     69.8844
1551     69.5389      69.871
1552     69.5389     69.8535
1553     69.5389     69.8384
1554     69.5389     69.8287
1555     69.5389     69.8107
1556     69.5389     69.7986
1557     69.5389     69.7975
1558     69.5389     69.7841
1559     69.5389     69.7713
1560     69.5389     69.7512
1561     69.5389     69.7336
1562     69.5389     69.7092
1563     69.5389     69.6824
1564     69.5389     69.6661
1565     69.5389      69.644
1566     69.5389      69.632
1567     69.5389     69.6052
1568     69.5389     69.5889
1569     69.5389     69.5773
1570     69.5389      69.565
1571     69.5389      69.551
1572     69.5389     69.5407
1573     69.5389     69.5389
1574     69.5389     69.5389
1575     69.5389     69.5389
1576     68.9751     69.5366
1577     68.9751     69.5366
1578     68.9751     69.5366
1579     68.9751     69.5366
1580     68.9751     69.5366
1581     68.9751     69.5358
1582     68.9751     69.5358
1583     68.9751     69.5347
1584     68.9751     69.5347
1585     68.9751     69.5347
1586     68.9751     69.5347
1587     68.9751     69.5347
1588     68.9751     69.5335
1589     68.9751     69.5332
1590     68.9751     69.5332
1591     68.9751     69.5315
1592     68.9751     69.5664
1593     68.9751     69.5498
1594     68.9751     69.5308
1595     68.9751     69.5294
1596     68.6224     69.5283
1597     68.6224     69.5277
1598     68.6224     69.5274
1599     68.6224     69.5261
1600     68.6224     69.5248
1601     68.6224     69.5245
1602     68.6224     69.5236
1603     68.6224     69.5226
1604     68.6224     69.5207
1605     68.6224     69.5194
1606     68.6224     69.5156
1607     68.6224     69.5285
1608     68.6224     69.5079
1609     68.6224     69.5001
1610     68.6224     69.4876
1611     68.6224     69.4814
1612     68.6224     69.4766
1613     68.6224     69.4731
1614     68.6224     69.4679
1615     68.6224     69.4663
1616     68.6224     69.4641
1617     68.6224     69.4616
1618     68.6224     69.4557
1619     68.6224     69.4531
1620     68.6224     69.4499
1621     68.6224     69.4477
1622     68.6224     69.4477
1623     68.6224      69.444
1624     68.6224     69.4405
1625     68.6224     69.4392
1626     68.6224     69.4376
1627     68.6224     69.4338
1628     68.6224     69.4302
1629     68.6224     69.4274
1630     68.6224     69.4264
1631     68.6224     69.4261
1632     68.6224     69.4292
1633     68.6224      69.426
1634     68.6224     69.4191
1635     68.6224     69.4184
1636     68.6224     69.4133
1637     68.6224     69.4133
1638     68.6224     69.4133
1639     68.6224     69.4095
1640     68.6224     69.4085
1641     68.6224      69.405
1642     68.6224     69.4028
1643     68.6224     69.4005
1644     68.6224      69.396
1645     68.6224     69.3954
1646     68.6224     69.3973
1647     68.6224     69.3925
1648     68.6224     69.3911
1649     68.6224     69.3879
1650     68.6224     69.3864
1651     68.6224     69.3843
1652     68.6224     69.3821
1653     68.6224     69.3807
1654     68.6224      69.376
1655     68.6224     69.3824
1656     68.6224     69.3861
1657     68.6224     69.3722
1658     68.6224     69.3648
1659     68.6224     69.3667
1660     68.6224     69.3594
1661     68.6224     69.3547
1662     68.6224     69.3547
1663     68.6224     69.3529
1664     68.6224     69.3529
1665     68.6224     69.3521
1666     68.6224     69.3486
1667     68.6224     69.3474
1668     68.6224     69.3461
1669     68.6224     69.3447
1670     68.6224     69.3418
1671     68.6224     69.3353
1672     68.6224     69.3326
1673     68.6224     69.3492
1674     68.6224      69.327
1675     68.4625     69.3212
1676     68.4625     69.3119
1677     68.4625     69.3025
1678     68.4625     69.2831
1679     68.4625     69.2607
1680     68.4625     69.2353
1681     68.4625     69.2139
1682     68.4625     69.1912
1683     68.4625     69.1738
1684     68.4625     69.1515
1685     68.4625     69.1439
1686     68.4625     69.1218
1687     68.4625     69.0977
1688     68.4625     69.0736
1689     68.4625     69.0499
1690     68.4625     69.0301
1691     68.1301     69.0072
1692     68.1301     68.9811
1693     68.1301     68.9689
1694     68.1301     68.9732
1695     68.1301     68.9529
1696     68.1301     68.9392
1697     68.1301     68.9219
1698     68.1301     68.9049
1699     68.1301     68.8987
1700     68.1301     68.8787
1701     68.1301      68.856
1702     68.1301     68.8422
1703     68.1301     68.8407
1704     68.1301     68.8294
1705     68.1301     68.8264
1706     68.1301     68.8154
1707     68.1301     68.8023
1708     68.1301     68.7973
1709     68.1301      68.777
1710     68.1301     68.7519
1711     68.1301     68.7403
1712     68.1301     68.7184
1713     68.1301      68.704
1714     68.1301     68.6752
1715     68.1301      68.636
1716     67.9965     68.6194
1717     67.9965     68.5669
1718     67.9965     68.5447
1719     67.9965     68.4972
1720     67.9965     68.4758
1721     67.9965     68.4601
1722     67.9965     68.4307
1723     67.9965     68.4119
1724     67.9965     68.3764
1725     67.9965     68.3615
1726     67.9965     68.3497
1727     67.9965     68.3357
1728     67.9965     68.3215
1729     67.9965     68.2988
1730     67.9965     68.2838
1731     67.9965     68.2675
1732     67.9965     68.2512
1733     67.9965      68.228
1734     67.9965     68.2072
1735     67.9965     68.1796
1736     67.9965     68.1659
1737     67.9965      68.145
1738     67.9965     68.1272
1739     67.9965     68.1042
1740     67.9965     68.0888
1741     67.9965     68.0777
1742     67.9965     68.0665
1743     67.9965     68.0647
1744     67.9965     68.0518
1745     67.9965     68.0448
1746     67.9965     68.0405
1747     67.9965      68.037
1748     67.9965     68.0325
1749     67.9965     68.0309
1750     67.9965     68.0293
1751     67.9965     68.0215
1752     67.9965      68.017
1753     67.9965     68.0163
1754     67.9965     68.0107
1755     67.9965     68.0057
1756     67.9965     68.0054
1757     67.9965     68.0006
1758     67.9965     67.9968
1759     67.9965     67.9968
1760     67.9965     67.9965
1761     67.9965     67.9965
1762     67.9965     67.9965
1763     67.9965     67.9965
1764     67.9965     67.9965
1765     67.9965     67.9965
1766     67.9965     67.9965
1767     67.9965     67.9965
1768     67.9965     67.9965
1769     67.9965     67.9965
1770     67.9965     67.9965
1771     67.9965     67.9965
1772     67.9965     67.9965
1773     67.9965     67.9965
1774     67.9965     67.9965
1775     67.9965     67.9965
1776     67.9965     67.9965
1777     67.9965     67.9965
1778     67.9965     67.9965
1779     67.9965     67.9965
1780     67.9965     67.9965
1781     67.9965     67.9965
1782     67.9965     67.9965
1783     67.9965     67.9965
1784     67.9965     67.9965
1785     67.9965     67.9965
1786     67.9965     67.9965
1787     67.9965     67.9965
1788     67.9965     67.9965
1789     67.9965     67.9965
1790     67.9965     67.9965
1791     67.9965     67.9965
1792     67.9965     67.9965
1793     67.9965     67.9965
1794     67.9965     67.9965
1795     67.9965     67.9965
1796     67.9965     67.9965
1797     67.9965     67.9965
1798     67.9965     67.9965
1799     67.9865     67.9965
1800     67.9865     67.9965
1801     67.9865     67.9965
1802     67.9865     67.9965
1803     67.9865     67.9965
1804     67.9865     67.9964
1805     67.9865     67.9964
1806     67.9865     67.9964
1807     67.9865     67.9964
1808     67.9865     67.9964
1809     67.9865     67.9963
1810     67.9865     67.9962
1811     67.9865     67.9961
1812     67.9865      67.996
1813     67.9865     67.9959
1814     67.9865     67.9957
1815     67.9865     67.9955
1816     67.9865     67.9952
1817     67.9865     67.9949
1818     67.9865     67.9946
1819     67.9865     67.9937
1820     67.9865     67.9933
1821     67.8362     67.9926
1822     67.8362     67.9922
1823     67.8362     67.9921
1824     67.8362     67.9918
1825     67.8362     67.9915
1826     67.8362     67.9904
1827     67.8362     67.9898
1828     67.8362     67.9889
1829     67.8362     67.9881
1830     67.8362     67.9872
1831     67.8362     67.9865
1832     67.8362      67.985
1833     67.8362      67.983
1834     67.8362     67.9819
1835     67.8362     67.9805
1836     67.8362     67.9784
1837     67.8362     67.9764
1838     67.8362      67.972
1839     67.8362     67.9654
1840     67.8362     67.9589
1841     67.8362     67.9501
1842     67.8362     67.9443
1843     67.8362     67.9409
1844     67.8362     67.9356
1845     67.8362     67.9331
1846     67.8362      67.927
1847     67.8362     67.9223
1848     67.8362     67.9188
1849     67.8362     67.9176
1850     67.8362     67.9112
1851     67.8362     67.9082
1852     67.8362      67.904
1853     67.8362     67.9001
1854     67.8362     67.8956
1855     67.8362     67.8932
1856     67.8362     67.8872
1857     67.8362     67.8821
1858     67.8362     67.8758
1859     67.8362     67.8706
1860     67.8362     67.8679
1861     67.8362     67.8654
1862     67.8362     67.8625
1863     67.8362      67.859
1864     67.8362     67.8569
1865     67.8362     67.8542
1866     67.8362     67.8521
1867     67.8362     67.8474
1868     67.8362     67.8455
1869     67.8362     67.8437
1870     67.8362     67.8394
1871     67.8362     67.8368
1872     67.8362     67.8362
1873     67.8362     67.8362
1874     67.8362     67.8362
1875     67.8362     67.8362
1876     67.8362     67.8362
1877     67.8362     67.8362
1878     67.8362     67.8362
1879     67.8362     67.8362
1880     67.8362     67.8362
1881     67.7282     67.8358
1882     67.7282     67.8358
1883     67.7282     67.8356
1884     67.7282     67.8356
1885     67.7282     67.8356
1886     67.7282     67.8352
1887     67.7282     67.8352
1888     67.7282     67.8345
1889     67.7282     67.8339
1890     67.7282     67.8332
1891     67.7282      67.833
1892     67.7282     67.8326
1893     67.7282     67.8321
1894     67.7282     67.8315
1895     67.7282     67.8308
1896     67.7282     67.8304
1897     67.7282     67.8287
1898     67.7282      67.828
1899     67.7282     67.8267
1900     67.7282     67.8244
1901     67.7282     67.8228
1902     67.7282     67.8194
1903     67.7282     67.8148
1904     67.7282     67.8073
1905     67.7282     67.8043
1906     67.7282     67.8019
1907     67.7282     67.7971
1908     67.7282     67.7947
1909     67.7282     67.7913
1910     67.7282     67.7893
1911     67.7282     67.7868
1912     67.7282     67.7839
1913     67.7282     67.7819
1914     67.7282     67.7776
1915     67.7282     67.7762
1916     67.5663     67.7731
1917     67.5663     67.7714
1918     67.5663     67.7683
1919     67.5663     67.7659
1920     67.5663     67.7618
1921     67.5663     67.7588
1922     67.5663     67.7567
1923     67.5663     67.7532
1924     67.5663     67.7506
1925     67.5663     67.7478
1926     67.5663     67.7439
1927     67.5663     67.7418
1928     67.5663     67.7381
1929     67.5663     67.7359
1930     67.5663     67.7333
1931     67.5663      67.731
1932     67.5663     67.7282
1933     67.5663     67.7262
1934     67.5663     67.7256
1935     67.5663     67.7256
1936     67.5663     67.7253
1937     67.5663     67.7253
1938     67.5663     67.7253
1939     67.5663     67.7249
1940     67.5663     67.7246
1941     67.5663      67.724
1942     67.5663      67.724
1943     67.5663     67.7237
1944     67.5663     67.7237
1945     67.5663     67.7237
1946     67.5663     67.7233
1947     67.5663      67.723
1948     67.5663     67.7227
1949     67.5663     67.7224
1950     67.5663      67.722
1951     67.3941     67.7207
1952     67.3941     67.7207
1953     67.3941     67.7204
1954     67.3941     67.7184
1955     67.3941     67.7175
1956     67.3941     67.7165
1957     67.3941     67.7149
1958     67.3941     67.7125
1959     67.3941     67.7119
1960     67.3941     67.7096
1961     67.3941     67.7067
1962     67.3941     67.7031
1963     67.3941     67.7127
1964     67.3941     67.6957
1965     67.3941     67.6888
1966     67.3941     67.6797
1967     67.3941      67.672
1968     67.3941     67.6694
1969     67.3941     67.6823
1970     67.3941     67.6619
1971     66.9854      67.656
1972     66.9854     67.6503
1973     66.9854     67.6442
1974     66.9854     67.6361
1975     66.9854     67.6306
1976     66.9854     67.6297
1977     66.9854     67.6238
1978     66.9854     67.6185
1979     66.9854      67.616
1980     66.9854     67.6147
1981     66.9854     67.6111
1982     66.7121     67.5978
1983     66.7121     67.5925
1984     66.7121     67.5848
1985     66.7121     67.5633
1986     66.7121     67.5493
1987     66.7121     67.5266
1988     66.7121     67.5091
1989     66.7121     67.4978
1990     66.7121     67.4742
1991     66.7121     67.4562
1992     66.7121     67.4396
1993     66.7121     67.4318
1994     66.7121      67.414
1995     66.7121     67.3859
1996     66.7121     67.3547
1997     66.7121     67.3217
1998     66.7121     67.2993
1999     66.7121     67.2835
