GEN:      BEST_LOSS:      AVERAGE_LOSS: 
0     444.701     500.018
1     437.451     492.121
2     414.134      485.51
3     414.134     480.642
4     412.658     474.242
5     412.658     469.016
6     412.658     464.261
7     403.763     458.643
8     389.421     453.162
9     389.421     448.027
10     388.685     442.884
11     387.406     438.655
12     359.232      434.35
13     359.232     430.588
14     359.232     427.145
15     359.232      423.47
16     359.232     420.436
17     359.232     417.781
18     359.232     414.586
19     359.232     411.899
20     359.232     408.958
21     359.232     406.255
22     359.232      403.74
23     359.232     401.064
24     359.232     398.391
25     358.931     395.754
26     358.931     393.557
27     358.931     391.358
28     355.569     388.766
29     355.569     386.709
30     338.872     384.423
31     338.872     381.996
32     335.516     379.812
33     335.516     377.159
34     323.326     374.269
35     323.326     371.718
36     323.326     369.029
37     323.326     366.417
38     323.326     363.871
39     323.326     361.651
40     323.326     359.746
41     318.513     357.193
42     318.513     355.007
43     318.513     353.234
44     318.513     351.618
45     314.369     349.432
46     314.369     347.445
47     314.369     345.631
48      306.87     344.655
49      306.87     343.185
50      306.87     341.967
51      306.87     340.878
52      306.87     339.364
53      306.87     338.129
54     303.531     336.949
55     303.531     335.559
56     303.531      334.13
57     303.531     332.268
58     303.531      331.12
59     294.469     329.719
60     294.469     328.405
61     294.469     326.731
62     294.469     325.041
63      292.94     323.353
64     278.662      321.59
65     278.662     320.164
66     278.662     318.502
67     278.662     317.099
68     278.662      315.43
69     278.662     313.752
70     278.662     312.632
71     278.662     311.278
72     278.662     309.806
73     273.164     308.582
74     273.164     307.344
75      271.96     306.092
76      271.96     304.437
77      271.96     303.012
78      271.96     302.082
79      271.96     300.769
80      271.96     299.465
81      271.96     298.451
82     263.845     297.506
83     263.845     296.782
84     263.845     295.777
85     263.845     294.729
86     263.845      294.02
87     263.845     293.348
88     262.047     292.407
89     255.557     291.315
90     255.557     290.805
91     255.557     289.655
92     255.557     288.787
93     255.557      287.98
94     255.557     287.327
95     255.557     286.552
96     253.525     285.784
97     253.525     284.996
98     253.525     284.171
99     253.525     283.487
100     253.525     282.579
101     253.525     281.653
102     245.193     280.352
103     245.193     279.431
104     245.193     278.523
105     245.193     277.493
106     245.193     276.787
107     245.193     275.756
108     245.193       274.5
109     245.193     273.161
110     245.193     272.214
111     242.521     271.251
112     242.521     270.436
113     242.521     269.556
114     242.521     268.932
115     242.521     267.658
116     242.521     266.747
117     241.493     265.421
118     241.493     264.408
119     241.493     263.723
120     241.493     263.057
121     233.889     262.154
122     233.889     261.208
123     233.889     260.511
124     233.889     259.948
125     233.889     258.972
126     230.317     258.121
127     230.317     257.473
128     230.317     256.489
129     230.317     255.804
130     230.317     255.216
131     230.317     254.198
132     230.317     253.868
133     230.317     253.218
134     228.118     252.511
135     228.118      252.02
136     217.519     251.316
137     217.519     250.439
138     217.519     249.608
139     217.519     248.676
140     217.519     248.136
141     217.519     247.153
142     217.519     246.293
143     217.519     245.773
144     217.519     244.974
145     217.519     244.194
146     217.519     243.159
147     215.744     242.041
148     215.744     240.876
149     215.744      240.16
150     215.744     239.189
151      214.27     238.168
152     212.697     237.369
153     212.697     236.075
154     212.697     235.226
155     212.697     234.409
156     209.635     233.709
157     209.635     232.833
158     209.635     232.001
159     209.635     231.189
160     209.635     230.578
161     209.635      230.11
162     209.635     229.809
163     202.089     228.969
164     202.089     228.175
165     202.089     227.635
166     202.089     227.019
167     201.343     226.325
168     201.343       225.4
169     201.343     224.836
170     201.343     223.964
171     201.343     223.454
172     201.343     222.693
173     201.343      222.03
174     201.343     221.508
175     201.343     220.521
176     201.343     220.106
177     198.607     219.532
178     198.607     218.997
179     198.607     218.656
180     198.189     217.961
181      186.41     217.294
182      186.41     216.644
183      186.41     215.893
184      186.41     215.232
185      186.41     214.633
186     184.189     213.948
187     184.189     213.287
188     184.189     212.558
189     184.189     211.587
190     184.189     210.738
191     184.189      210.09
192     181.925     209.483
193     181.925      208.68
194     181.925      207.68
195     181.925     206.922
196     181.925      205.64
197     181.925     204.481
198     181.925     203.516
199     181.925     202.365
200     181.925     201.285
201     181.925     199.937
202     179.801     198.737
203     179.801     197.457
204     178.508     196.286
205     172.229     195.255
206     169.783     194.415
207     169.783     193.646
208     169.783     192.771
209     169.783     192.088
210     169.783     191.302
211     169.783     190.532
212     169.783     189.744
213     169.783     189.088
214     169.783     188.493
215     169.783     187.916
216     169.835     187.322
217     169.835     186.607
218     169.835     185.962
219     169.835     185.341
220     168.946     184.751
221     168.367      184.33
222     168.367     183.797
223     168.367     183.181
224     168.367      182.69
225     168.367     182.279
226     160.815     181.742
227     160.815     181.269
228     160.815     180.805
229     160.815     180.228
230     160.815     179.575
231     160.815     179.086
232     160.815     178.839
233     160.815     178.499
234     160.815     177.882
235     160.815     177.358
236     160.815     177.174
237     160.815     176.822
238     160.815     176.354
239     160.815     176.026
240     160.815      175.74
241     160.815     175.414
242     159.552      174.98
243     159.552     174.567
244     159.552     174.163
245     159.552     173.722
246     158.333     173.294
247     158.333     172.741
248     158.333     172.232
249     158.333     171.688
250     158.333     171.511
251     158.333     171.284
252     158.333     170.894
253     158.333     170.499
254     158.333     170.176
255     157.006     169.602
256     156.134     169.382
257     156.134     168.953
258      155.03     168.509
259     154.913      167.88
260     154.913     167.443
261     154.913      167.03
262     153.445     166.722
263     153.445     166.386
264     153.445     165.828
265     151.781     165.464
266     151.781     165.011
267     151.781      164.67
268     151.781      164.39
269     151.781     164.212
270     151.781     163.882
271     151.781     163.474
272     151.781     163.302
273     151.781     163.062
274     151.781     162.795
275     151.781     162.712
276     151.781     162.602
277     151.781     162.268
278     151.781     162.116
279     150.238     162.004
280     150.238      161.78
281     150.238     161.642
282     150.238     161.347
283     150.226     161.001
284     150.226     160.797
285     149.791     160.438
286     149.287     160.166
287     147.843     159.997
288     147.843     159.709
289     147.843     159.591
290     147.843     159.367
291     147.843     159.126
292     147.843     158.848
293     147.843     158.525
294     146.051     158.122
295     146.051     157.809
296     146.051     157.558
297     146.051     157.405
298     146.051     157.232
299     146.051      157.09
300     146.051     156.786
301     146.051     156.623
302     146.051     156.399
303     146.051      156.14
304     146.051     155.849
305     145.382     155.499
306     141.841     155.205
307     141.841     154.955
308     141.841     154.601
309     141.841     154.446
310     141.841     154.123
311     141.841     153.775
312     141.841     153.665
313     141.841     153.412
314     141.841     153.298
315     141.841     153.044
316     141.841     152.918
317     141.841      152.67
318     141.841     152.445
319     141.841     152.183
320     141.841     151.806
321     139.371     151.606
322     139.371     151.355
323     139.371     151.183
324     139.371     151.055
325     139.371     150.781
326     135.716     150.674
327     135.716     150.433
328     135.716     150.236
329     135.716     150.073
330     135.716     149.892
331     134.621     149.569
332     134.621     149.388
333     134.621     149.405
334     134.621     149.249
335     134.621      149.09
336     134.621     148.915
337     134.621     148.691
338     134.621     148.455
339     134.621     148.226
340     134.621     148.024
341     134.621     147.708
342     134.621     147.506
343     134.621     147.242
344     134.621     146.946
345     134.621     146.619
346     134.621     146.461
347     134.621     146.268
348     134.621      145.92
349     134.621     145.739
350     128.848     145.568
351     128.848      145.17
352     128.848     144.908
353     128.848     144.722
354     128.848     144.475
355     128.848      144.26
356     128.848     144.061
357     128.848     143.731
358     128.848     143.486
359     127.271     143.169
360     127.271      142.97
361     127.271     142.865
362     127.271     142.684
363     127.271     142.503
364     127.271      142.18
365     127.271     141.773
366     127.271     141.573
367     127.271     141.223
368     127.271      141.08
369     127.271     140.763
370     127.271     140.711
371     127.271     140.321
372     127.271     140.009
373     127.271     139.679
374     124.924     139.237
375     124.924     138.844
376     124.924     138.517
377     124.924     138.122
378     124.522     137.609
379     124.522      137.24
380     124.522     136.763
381     124.522     136.386
382     124.522     136.068
383     124.522     135.734
384     124.522     135.421
385     124.522     134.912
386     123.246     134.479
387     123.246     134.168
388     123.246     133.939
389     123.246      133.72
390     121.313       133.6
391         122     133.336
392         122     132.948
393         122      132.71
394     119.864     132.305
395     119.864     132.098
396     119.864     131.911
397     119.864     131.666
398     119.864     131.477
399     119.864     131.278
400     119.864     131.007
401     119.864     130.782
402     119.864     130.536
403     119.864     130.383
404     119.864     130.082
405     119.864     129.746
406     116.342     129.531
407     116.342     129.405
408     116.342     129.252
409     116.342     128.937
410     116.342     128.687
411     116.342     128.557
412     116.342     128.314
413     116.342     128.196
414     116.342     128.121
415     116.342     127.932
416     116.342      127.74
417     116.342     127.441
418     116.342     127.359
419     116.342     127.131
420     116.342     126.874
421     116.342     126.635
422     116.342      126.38
423     114.955     126.134
424     114.955     125.819
425     114.955      125.79
426     114.955     125.548
427     114.955     125.428
428     114.955     125.184
429     114.955     125.041
430     114.955      124.71
431     114.955     124.463
432     114.955     124.327
433     114.955     124.034
434     114.955     123.701
435     114.955     123.566
436      114.79     123.447
437      114.79     123.264
438      114.79     122.943
439      114.79     122.559
440      114.79     122.408
441      114.79      122.19
442      114.79     121.964
443      114.79     121.728
444      114.79     121.486
445      114.79     121.319
446     114.129     121.204
447     113.951     120.955
448     113.951     120.629
449     113.527     120.497
450     113.527     120.134
451     113.527     119.955
452     113.527     119.703
453     113.527     119.481
454     113.527     119.311
455     113.349     119.048
456     112.731     118.756
457     112.731      118.55
458     112.569      118.27
459     112.569     118.059
460     112.569     117.782
461     112.569     117.599
462      112.33     117.193
463      112.33         117
464      112.33     116.859
465     112.222     116.561
466     112.016     116.436
467     112.016     116.198
468     112.001     115.969
469     112.001     115.744
470      109.93     115.507
471      109.93     115.291
472      109.93     115.017
473      109.93     114.861
474      109.93     114.753
475      109.93     114.616
476      109.93     114.431
477     108.825      114.14
478     108.825     113.976
479     108.825      113.86
480     108.825      113.69
481     108.825     113.592
482     108.825     113.359
483     108.825     113.281
484     108.825     113.175
485     108.825     112.993
486     108.825     112.838
487      108.61     112.707
488     108.262     112.504
489     108.262     112.366
490     107.898     112.116
491     107.898     111.946
492     107.898     111.752
493     107.898     111.541
494     107.898     111.278
495     107.898     111.093
496     107.591      110.94
497     106.609     110.723
498     106.609     110.583
499     106.609     110.441
500     106.609     110.294
501     106.609     110.154
502     106.609     110.016
503     106.609     109.902
504     106.609     109.807
505     106.609     109.693
506     106.609     109.564
507     106.609     109.452
508     106.609     109.377
509     106.609     109.323
510     106.609     109.225
511     106.163     109.158
512     106.163     109.069
513     106.163     109.004
514     106.062      108.82
515     106.062     108.777
516     106.062     108.691
517     105.752     108.616
518     105.752     108.545
519     105.503     108.433
520     105.503     108.367
521     102.945     108.313
522     102.945     108.279
523     102.945     108.146
524     102.945     108.081
525     102.945     108.002
526     102.945     107.926
527     102.945     107.885
528     102.945     107.876
529     102.945      107.81
530     102.945     107.717
531     102.945     107.598
532     102.945     107.509
533     102.945     107.502
534     102.945     107.441
535     102.945     107.454
536     102.894     107.393
537     102.894     107.347
538     102.891     107.345
539     102.891     107.344
540     102.891      107.23
541     102.545     107.223
542     102.545     107.177
543     102.545     107.124
544     102.545     106.972
545     101.776     106.876
546     101.776     106.745
547     101.776     106.698
548     101.776     106.589
549     101.776     106.482
550     101.555     106.349
551     101.555     106.206
552     101.555     106.138
553     101.555     105.952
554     101.555     105.807
555     101.194      105.75
556     101.194      105.63
557     101.194     105.475
558     101.194     105.309
559     101.023     105.186
560     101.023     104.983
561     99.7788     104.813
562     99.7788     104.649
563     99.7788     104.477
564     99.7788     104.335
565     99.7788      104.14
566     99.7788     104.031
567     99.7788     103.887
568     99.7788     103.718
569     99.7788     103.594
570     99.7788     103.572
571     99.7788     103.497
572     99.7788     103.333
573     99.7788     103.119
574     99.7788     102.947
575     99.7788     102.855
576     99.7788     102.742
577     99.7788     102.615
578     99.7788     102.573
579     99.7788     102.473
580     99.7788     102.395
581     97.6281     102.267
582     97.6281     102.194
583     97.6281     102.096
584     97.6281     101.956
585     97.6281     101.875
586     97.6281     101.791
587     97.6281     101.722
588     97.6281      101.64
589     97.6281      101.65
590     97.6281     101.576
591     96.1356     101.524
592     96.1356     101.424
593     96.1356     101.353
594     96.1356     101.304
595     96.1356     101.247
596     96.1356     101.173
597     96.1356      101.11
598     96.1356     101.073
599     96.1356     101.043
600     96.1356     100.968
601     96.1356     100.901
602     96.1356       100.9
603     96.1356     100.833
604     96.1356     100.756
605     96.1356     100.716
606     96.1356     100.675
607     96.1356     100.666
608     96.1356     100.629
609     96.1356     100.631
610     96.1356      100.61
611     95.1551     100.588
612     95.1551     100.568
613     95.1551     100.511
614     95.1551     100.483
615     95.1551      100.47
616     95.1551      100.41
617     95.1551     100.357
618     95.1551     100.345
619     95.1551      100.26
620     95.1551     100.127
621     94.1648     100.067
622     94.1648     100.019
623     94.1648      99.993
624     94.1648     99.9401
625     92.7776     99.8342
626     92.7776     99.8094
627     92.7776     99.8001
628     92.7776     99.7536
629     92.7776     99.6344
630     92.7776     99.5713
631     92.7776     99.5082
632     92.7776     99.4077
633     92.7776     99.3196
634     92.7776     99.2489
635     92.7776     99.1073
636     92.7776     99.0689
637     92.7776      99.065
638     92.7776     98.9175
639     92.7776     98.8312
640     92.7776     98.7799
641     92.4902     98.7535
642     92.4902     98.7041
643     92.4902     98.6133
644     92.4902     98.5796
645     92.4902     98.5094
646     91.7103      98.445
647     91.7103     98.4057
648     91.7103     98.5162
649     91.7103     98.4973
650     91.7103     98.4109
651     91.7103     98.4328
652     91.7103     98.3992
653     91.7103     98.4604
654     91.7103     98.3695
655     91.7103     98.3327
656     91.3418     98.3569
657     91.3418     98.2975
658     91.3418     98.2259
659     91.3418     98.1726
660     91.3418     98.1197
661     91.3418     98.0101
662     91.3418      98.002
663     91.3418     97.9142
664     91.3418      97.877
665     91.3418     97.7603
666     90.9045     97.7155
667     90.9045     97.6419
668     90.9045     97.6597
669     90.9045     97.5715
670     90.9045     97.5392
671     90.1071     97.4727
672     90.1071     97.4515
673     90.1071     97.3436
674     90.1071      97.291
675     90.1071     97.3055
676     90.1071     97.1401
677     90.1071     97.0034
678     90.1071     96.9477
679     90.1071     96.9158
680     90.1071     96.7835
681     90.1071     96.6718
682     90.1071     96.6464
683     90.1071     96.6017
684     90.1071     96.5291
685     90.1071     96.5046
686     90.1071     96.5132
687     90.1071     96.3432
688     90.1071     96.3628
689     90.1071     96.2999
690     90.1071     96.2094
691     88.3672     96.1553
692     88.3672     96.0635
693     88.3672     95.9872
694     88.3672      95.834
695     88.3672     95.6567
696     88.3672     95.4626
697     88.3672     95.3085
698     88.3672     95.0406
699     88.3672     94.8921
700     88.3672     94.7234
701     88.3672     94.5642
702     88.3672     94.4272
703     88.3672      94.357
704       87.64     94.2107
705       87.64     94.0525
706       87.64     93.8337
707       87.64     93.7001
708       87.64     93.5408
709       87.64     93.3446
710       87.64     93.1707
711       87.64     92.9148
712       87.64     92.7561
713       87.64     92.4804
714       87.64     92.2908
715       87.64     92.1293
716       87.64     91.9106
717       87.64     91.6842
718     86.8314     91.6556
719     86.8314     91.5077
720     86.8314     91.3862
721     86.8314     91.1947
722     86.8314     91.0427
723     86.8314     90.8624
724     86.8314      90.674
725      86.562     90.5572
726     86.4491     90.4025
727     86.4491     90.2843
728     86.4491     90.1178
729     86.4491     90.0238
730     85.7446     89.8578
731     85.7446     89.6831
732     85.5357     89.5939
733     85.5357     89.3817
734     85.5357     89.2737
735     85.5357     89.1173
736     85.5698     89.0249
737     85.3334      88.943
738     85.3334      88.826
739     85.3334     88.6945
740     85.2386     88.6118
741     85.2386      88.491
742     85.2386     88.3782
743     85.2386     88.3128
744     85.2386     88.1902
745     85.2386     88.0939
746     85.2386     87.9335
747     85.2386     87.8414
748     85.1036     87.7992
749     85.1036     87.7007
750     85.1036     87.5109
751     85.1036      87.448
752     85.1036     87.3443
753     85.1036     87.2811
754     85.1036     87.1242
755     85.1036     87.0189
756     84.8832     86.9195
757     84.8818     86.7821
758     84.8818     86.7911
759     84.8818     86.6915
760     84.8818     86.5822
761     84.8818     86.5247
762     84.8818     86.4466
763      84.825     86.3847
764      84.825     86.3134
765      84.825     86.2233
766      84.825     86.1497
767      84.825     86.1089
768      84.825     86.0631
769      84.825     86.0057
770     84.6591     85.9271
771     84.6591     85.8518
772     84.6591     85.8194
773     84.6591     85.7708
774     84.6591     85.7312
775     84.6591     85.7061
776     84.6591     85.6641
777     84.5124     85.6552
778     84.5124     85.6117
779     84.5124     85.5948
780     84.5124     85.5558
781     84.5124     85.5103
782     84.5124     85.4602
783     84.5124     85.4232
784     84.5124      85.384
785     84.5124     85.3891
786     83.9741     85.3303
787     83.9741     85.2681
788     83.9741     85.2284
789     83.9741     85.2074
790     83.9741     85.1967
791     83.9741     85.1677
792     83.9741     85.1379
793     83.9741     85.1094
794     83.9741     85.0915
795     83.9741      85.071
796     83.5502     85.0225
797     83.5502     85.0077
798     83.5502     84.9784
799     83.5502     84.9301
800     83.5502     84.9199
801     83.5123      84.897
802     83.5123     84.8866
803     83.5123     84.8759
804     83.5123     84.8541
805     83.5123     84.8223
806     83.5123      84.805
807     83.5123     84.7973
808     83.5123     84.7776
809     83.5123     84.7568
810     83.5123     84.7167
811     83.4507     84.6941
812     83.4507     84.6762
813     82.6093      84.671
814     82.5797      84.651
815     82.5797     84.6439
816     82.5797     84.6282
817     82.5797     84.6044
818     82.5797     84.5902
819     82.5588     84.5707
820     82.5588     84.5571
821     82.5588     84.5293
822     82.5588     84.5061
823     82.5588     84.4929
824     82.5588     84.4558
825     82.5588     84.4316
826     77.0887     84.3934
827     77.0887     84.3773
828     77.0887     84.3535
829     77.0887     84.3469
830     77.0887     84.3124
831     77.0887     84.2884
832     77.0887     84.3041
833     77.0887     84.2882
834     77.0887     84.2576
835     77.0887     84.2094
836     77.0887     84.1838
837     77.0887     84.1521
838     77.0887     84.1227
839     77.0887      84.084
840     77.0887     84.0546
841     77.0887     84.0092
842     77.0887     83.9796
843     77.0887       83.97
844     77.0887     83.9585
845     77.0887       83.95
846     77.0887     83.9115
847     77.0887     83.8766
848     77.0887     83.8533
849     77.0887     83.8291
850     77.0887     83.8234
851     77.0887     83.7708
852     77.0887     83.7687
853     77.0887       83.75
854     77.0887     83.7389
855     77.0887     83.6904
856     77.0887     83.6551
857     77.0887     83.6163
858     77.0887     83.5761
859     77.0887      83.538
860     77.0887     83.5166
861     77.0887     83.4611
862     77.0887     83.4101
863     77.0887     83.3904
864     77.0887     83.3518
865     77.0887     83.3051
866     77.0887     83.2976
867     77.0887      83.214
868     77.0887     83.2164
869     77.0887       83.18
870     77.0887     83.1436
871     77.0887     83.1414
872     77.0887     83.1067
873     77.0887     83.0801
874     77.0887      83.044
875     77.0887     83.0137
876     77.0887     82.9846
877     77.0887     82.9839
878     77.0887      82.934
879     77.0887     82.8934
880     77.0887     82.8579
881     76.1975     82.8434
882     76.1975     82.8219
883     76.1975     82.7772
884     76.1975      82.735
885     76.1975     82.7372
886     76.1975     82.7252
887     76.1975      82.714
888     76.1975     82.7018
889     76.1975      82.698
890     76.1975     82.6641
891     76.1975     82.6179
892     76.1975     82.5851
893     76.1975     82.5398
894     76.1975     82.4986
895     76.1975     82.4388
896     75.1716     82.4075
897     75.1716     82.3973
898     75.1716     82.3049
899     75.1716     82.2935
900     75.1716     82.2904
901     75.1716     82.2336
902     75.1716     82.2152
903     75.1716     82.1838
904     75.1716     82.1769
905     75.1716     82.1484
906     75.1716     82.1348
907     75.1716     82.1161
908     75.1716     82.0813
909     75.1177     82.0718
910     75.1177     82.0469
911     75.1177     81.9984
912     75.1177     81.9884
913     75.1177     81.9852
914     75.1177     81.9823
915     75.1177     81.9581
916     75.1177     81.9376
917     75.1177     81.8778
918     75.1177     81.8214
919     75.1177     81.8228
920     75.1177     81.8199
921     75.1177     81.7676
922     75.1177     81.7477
923     75.1177     81.6785
924     75.1177     81.6317
925     75.1177      81.642
926     75.1177     81.5814
927     75.1177     81.5273
928     75.1177     81.3987
929     75.1177     81.2494
930     75.1177     81.2133
931     75.1177      81.109
932     75.1177     80.9005
933     75.1177      80.767
934     75.1177     80.6094
935     75.1177     80.5056
936     75.1177     80.3321
937     75.1177     80.1769
938     75.1177     79.9482
939     75.1177       79.85
940     75.0744     79.6187
941     74.8964     79.5386
942     74.8964     79.4154
943     74.8964     79.1406
944     74.8964     78.9974
945     74.8964     78.8865
946     74.6924     78.7019
947     74.5962     78.4607
948     74.5962     78.2777
949     74.5962     78.1096
950     74.5962     77.9302
951     74.5962     77.8484
952     74.5962     77.6282
953     74.5962     77.4713
954     74.5962     77.3453
955     74.5962     77.3451
956     74.5962     77.1287
957     74.5556     77.0124
958     74.5556     76.8435
959     74.5556     76.6772
960     74.5556     76.4986
961     73.9729     76.3664
962     73.9729     76.2566
963     73.9729     76.0685
964      73.552       75.99
965      73.552     75.8221
966      73.552     75.6967
967      73.552     75.6179
968      73.552     75.5378
969     73.5157     75.4835
970     73.5157      75.356
971     73.5157     75.2969
972     73.5157     75.3306
973     73.5157     75.2475
974     73.5157     75.1609
975     73.5157     75.0914
976     73.4358     75.0102
977     73.4358      74.943
978     73.4358     74.9125
979     73.4358     74.8641
980     73.3789     74.8302
981     73.3789     74.7809
982      73.177      74.729
983      73.177     74.6892
984      73.177      74.637
985      73.177     74.5714
986      73.177     74.5355
987      73.177     74.4797
988      73.177      74.443
989      73.177     74.3762
990      73.177     74.3197
991      73.177     74.2971
992      73.177     74.2126
993      73.177     74.1454
994      73.177      74.066
995      73.177     74.0099
996     71.0951     73.9422
997     71.0951     73.8812
998     71.0951     73.8583
999     71.0951     73.7861
1000     71.0951     73.7652
1001     71.0951     73.7348
1002     71.0951     73.6989
1003     71.0951     73.6785
1004     71.0951     73.6405
1005     71.0951     73.5988
1006     71.0382     73.5502
1007     71.0382     73.5252
1008     71.0382     73.4775
1009     71.0382     73.4358
1010     71.0382     73.4199
1011     71.0382     73.4003
1012     71.0382     73.3833
1013     71.0382     73.3698
1014     71.0382     73.3398
1015     71.0382     73.3006
1016     71.0382     73.2898
1017     71.0382      73.255
1018     71.0382     73.2324
1019     71.0382     73.2248
1020     71.0382     73.2214
1021     71.0382     73.2181
1022     71.0382     73.2138
1023     71.0382      73.205
1024     71.0382     73.1987
1025     71.0382     73.1981
1026     71.0382     73.1912
1027     71.0382     73.1901
1028     71.0382     73.1848
1029     71.0382     73.1742
1030     71.0382     73.1756
1031     71.0382     73.1753
1032     71.0382     73.1699
1033     71.0382     73.1674
1034     71.0382     73.1658
1035     71.0382     73.1621
1036     71.0382     73.1567
1037     71.0382     73.1502
1038     71.0382     73.1471
1039     71.0382     73.1444
1040     71.0382     73.1424
1041     71.0382     73.1421
1042     71.0382     73.1421
1043     71.0382     73.1537
1044     71.0382     73.1421
1045     71.0382     73.1421
1046     71.0382     73.1421
1047     71.0382     73.1421
1048     71.0382     73.1421
1049     71.0382     73.1421
1050     71.0382     73.1421
1051     71.0382     73.1421
1052     71.0382     73.1378
1053     71.0382     73.1378
1054     71.0382     73.1378
1055     71.0382     73.1378
1056     71.0382     73.1378
1057     71.0382     73.1378
1058     71.0382     73.1378
1059     71.0382     73.1378
1060     71.0382     73.1378
1061     71.0382     73.1386
1062     71.0382     73.1386
1063     71.0382     73.1386
1064     71.0382     73.1386
1065     71.0382     73.1386
1066     71.0382     73.1401
1067     71.0382     73.1401
1068     71.0382     73.1401
1069     71.0382      73.143
1070     71.0382       73.14
1071     71.0382     73.1399
1072     71.0382     73.1399
1073     71.0382     73.1399
1074     71.0382     73.1398
1075     71.0382     73.1397
1076     71.0382     73.1426
1077     71.0382     73.1426
1078     71.0382     73.1425
1079     71.0382     73.1424
1080     71.0382     73.1423
1081     71.0382     73.1437
1082     71.0382     73.1435
1083     71.0382      73.143
1084     71.0382     73.1426
1085     71.0382     73.1421
1086     71.0382     73.1439
1087     71.0382      73.143
1088     71.0382     73.1397
1089     71.0382     73.1349
1090     71.0382       73.13
1091     71.0382     73.1297
1092     71.0382     73.1296
1093     71.0382     73.1292
1094     71.0382     73.1248
1095     71.0382     73.1243
1096     71.0382     73.1231
1097     71.0382     73.1225
1098     71.0382     73.1183
1099     71.0212     73.1136
1100     71.0212     73.1135
1101     71.0212       73.11
1102     71.0212     73.1073
1103     71.0212     73.1053
1104     71.0212     73.1047
1105     71.0212     73.0998
1106     71.0212     73.0946
1107     71.0212     73.0916
1108     71.0212     73.0879
1109     71.0212     73.0846
1110     71.0212     73.0826
1111     71.0212     73.0761
1112     71.0212     73.0703
1113     71.0212     73.0574
1114     71.0212     73.0476
1115     71.0212     73.0432
1116     71.0212     73.0349
1117     71.0212     73.0316
1118     71.0212     73.0282
1119     71.0212     73.0218
1120     71.0212     73.0163
1121     71.0212     73.0137
1122     71.0212     73.0087
1123     71.0212     73.0025
1124     71.0212     72.9976
1125     71.0212     72.9896
1126     71.0212     72.9885
1127     70.7955     72.9775
1128     70.7955     72.9672
1129     70.7955     72.9529
1130     70.7955     72.9411
1131     70.7955     72.9303
1132     70.7955     72.9238
1133     70.7955     72.9186
1134     70.7955     72.9114
1135     70.7955     72.9115
1136     70.7955     72.9009
1137     70.7955     72.8965
1138     70.7955      72.893
1139     70.7955     72.8866
1140     70.7955     72.8807
1141     70.7955      72.877
1142     70.7955     72.8789
1143     70.7955     72.8886
1144     70.7955     72.8737
1145     70.7955     72.8634
1146     70.7955     72.8525
1147     70.7955     72.8457
1148     70.7955     72.8434
1149     70.7955     72.8338
1150     70.7955     72.8289
1151     70.7955     72.8283
1152     70.7955     72.8469
1153     70.7955     72.8175
1154     70.7955     72.7997
1155     70.7955     72.7932
1156     70.7955     72.7904
1157     70.7955     72.7867
1158     70.7955     72.7879
1159     70.7955     72.7862
1160     70.7955     72.7864
1161     70.7955     72.8179
1162     70.7955     72.7836
1163     70.7955     72.7953
1164     70.7955      72.785
1165     70.7955     72.7829
1166     70.7955      72.785
1167     70.7955      72.865
1168     70.7955      72.818
1169     70.7955     72.7939
1170     70.7955     72.7877
1171     70.7955     72.7836
1172     70.7955     72.8009
1173     70.7955     72.7834
1174     70.7955     72.8576
1175     70.7955     72.8382
1176     70.7955     72.8516
1177     70.7955     72.8322
1178     70.7955     72.9215
1179     70.7955     72.9503
1180     70.7955     72.9762
1181     70.7955     72.9347
1182     70.7955     72.9665
1183     70.7955     72.9738
1184     70.7955     73.0129
1185     70.7955     73.0965
1186     70.7955     73.0629
1187     70.7955     73.0732
1188     70.7955     73.1192
1189     70.7955     73.1674
1190     70.7955     73.1531
1191     70.7955     73.1547
1192     70.7955     73.1863
1193     70.7955     73.1819
1194     70.7955     73.1731
1195     70.7955      73.178
1196     70.7955     73.2107
1197     70.7955     73.2283
1198     70.7955     73.2838
1199     70.7955     73.3478
1200     70.7695     73.2651
1201     70.7695     73.3223
1202     70.7695     73.5548
1203     70.7695     73.6002
1204     70.7695     73.6687
1205     70.7695     73.7791
1206     70.5841     73.9877
1207     70.5841     73.9499
1208     70.5841     74.1395
1209     70.5841     74.1601
1210     70.5841     74.1062
1211     70.5841     74.1517
1212     70.5841     74.2442
1213     70.5841     74.2408
1214     70.5841       74.09
1215     70.5841     74.0393
1216     70.5841     73.7161
1217     70.5841     73.6021
1218     70.5841     73.4571
1219     70.5841     73.2258
1220     70.5841     73.0603
1221     70.5841     72.9256
1222     70.5841      72.733
1223     70.5841     72.5815
1224     70.5841     72.4575
1225     70.5841     72.3479
1226     70.5841     72.2528
1227     70.5841     72.2008
1228     70.5841     72.1883
1229     70.5354     72.0041
1230     70.5268     71.8599
1231     70.5268     71.7599
1232     70.5268     71.5795
1233     70.5268     71.4209
1234     70.5268     71.3496
1235     70.5268     71.2339
1236     70.5268      71.171
1237     70.5268     71.0952
1238     70.5268     71.0131
1239     70.5268     70.9285
1240     70.5268     70.8751
1241     70.5268      70.833
1242     70.5268     70.7875
1243     70.5268     70.7141
1244     70.5268     70.6927
1245     70.5268     70.6757
1246     70.5268      70.662
1247     70.5268     70.6437
1248     70.5268     70.6302
1249     70.5268     70.6063
1250     70.5268     70.5997
1251     70.5268     70.5934
1252     70.5268      70.583
1253     70.5268     70.5772
1254     70.5268     70.5711
1255     70.5268     70.5662
1256     70.5268     70.5608
1257     70.5268     70.5595
1258     70.5268     70.5576
1259     70.5268      70.555
1260     70.5268     70.5535
1261     70.5268     70.5518
1262     70.5268     70.5495
1263     70.5268     70.5476
1264     70.5268      70.546
1265     70.5268     70.5454
1266     70.5268     70.5448
1267     70.5268     70.5421
1268     70.5268     70.5415
1269     70.5268     70.5396
1270     70.5268     70.5377
1271     70.5268     70.5359
1272     70.5268     70.5344
1273     70.5268     70.5334
1274     70.5268     70.5327
1275     70.5268     70.5319
1276     70.4124     70.5293
1277     70.4124     70.5266
1278     70.4124     70.5263
1279     70.4124     70.5259
1280     70.4124     70.5259
1281     70.4124     70.5254
1282     70.4124     70.5249
1283     70.4124     70.5247
1284     70.4124     70.5243
1285     70.4124     70.5233
1286     70.4124     70.5227
1287     70.4124     70.5213
1288     70.4124     70.5195
1289     70.4124     70.5172
1290     70.4124     70.5137
1291     70.4124     70.5089
1292     70.4124     70.5041
1293     70.4124     70.4977
1294     70.4124     70.4929
1295     70.4124     70.4872
1296     70.4124     70.4838
1297     70.4124      70.481
1298     70.4124     70.5354
1299     70.4124     70.4753
1300     70.4124     70.4726
1301     70.4124     70.4712
1302     70.4124     70.4675
1303     70.4124     70.4666
1304     70.4124     70.4659
1305     70.4124     70.4616
1306     70.4124     70.4595
1307     70.4124     70.4577
1308     70.4124      70.454
1309     70.4124     70.4504
1310     70.4124     70.4472
1311     70.4124     70.4437
1312     70.4124     70.4445
1313     70.4124     70.4405
1314     70.4124     70.4378
1315     70.4124     70.4343
1316     70.4124     70.4295
1317     70.4124     70.4282
1318     70.4124     70.4268
1319     70.4124     70.4234
1320     70.4124     70.4218
1321     70.4124     70.4188
1322     70.4124     70.4172
1323     70.4124     70.4147
1324     70.4124     70.4124
1325     70.4124     70.4124
1326     70.4124     70.4124
1327     70.4124     70.4124
1328     70.4124     70.4124
1329     70.4124     70.4124
1330     70.4124     70.4124
1331     70.4124     70.4124
1332     70.4124     70.4124
1333     70.4124     70.4124
1334     70.4124     70.4124
1335     70.4124     70.4124
1336     70.4124     70.4124
1337     70.4124     70.4124
1338     70.4124     70.4124
1339     70.4124     70.4124
1340     70.4124     70.4124
1341     70.4124     70.4124
1342     70.4124     70.4124
1343     70.4124     70.4124
1344     70.4124     70.4124
1345     70.4124     70.4124
1346     70.4124     70.4124
1347     70.4124     70.4124
1348     70.4124     70.4124
1349     70.4124     70.4124
1350     70.4124     70.4124
1351     70.4124     70.4205
1352     70.4124     70.4124
1353     70.4124     70.4124
1354     70.4124     70.4124
1355     70.4124     70.4124
1356     70.4124     70.4124
1357     70.4124     70.4124
1358     70.4124     70.4124
1359     70.4124     70.4124
1360     70.4124     70.4124
1361     70.4124     70.4124
1362     70.4124     70.4124
1363     70.4124     70.4124
1364     70.4124     70.4124
1365     70.4124     70.4124
1366     70.4124     70.4124
1367     70.4124     70.4124
1368     70.4124     70.4124
1369     70.4124     70.4291
1370     70.4124     70.4124
1371     70.4124     70.4124
1372     70.4124     70.4124
1373     70.4124     70.4124
1374     70.4124     70.4124
1375     70.4124     70.4124
1376     70.4124     70.4124
1377     70.4124     70.4124
1378     70.4124     70.4205
1379     70.4124     70.4124
1380     70.4124     70.4124
1381     70.4124     70.4124
1382     70.4124     70.4124
1383     70.4124     70.4124
1384     70.4124     70.4124
1385     70.4124     70.4124
1386     70.4124     70.4124
1387     70.4124     70.4124
1388     70.4124     70.4124
1389     70.4124     70.4124
1390     70.4124     70.4124
1391     70.4124     70.4124
1392     70.4124     70.4124
1393     70.4124     70.4124
1394     70.4124     70.4124
1395     70.4124     70.4124
1396     70.4124     70.4124
1397     70.4124     70.4124
1398     70.4124     70.4124
1399     70.4124     70.4124
1400     70.4124     70.4124
1401     70.4124     70.4124
1402     70.4124     70.4124
1403     70.4124     70.4124
1404     70.4124     70.4124
1405     70.4124     70.4124
1406     70.4124     70.4124
1407     70.4124     70.4124
1408     70.4124     70.4124
1409     70.4124     70.4124
1410     70.4124     70.4124
1411     70.4124     70.4124
1412     70.4124     70.4124
1413     70.4124     70.4124
1414     70.4124     70.4124
1415     70.4124     70.4124
1416     70.4124     70.4124
1417     70.4124     70.4124
1418     70.4124     70.4124
1419     70.4124     70.4124
1420     70.4124     70.4124
1421     70.3943     70.4123
1422     70.3943     70.4122
1423     70.3943     70.4122
1424     70.3943     70.4122
1425     70.3943     70.4121
1426     70.3943      70.412
1427     70.3943     70.4119
1428     70.3943     70.4118
1429     70.3943     70.4115
1430     70.3943     70.4113
1431     70.3943     70.4109
1432     70.3943     70.4106
1433     70.3943     70.4101
1434     70.3943     70.4096
1435     70.3943     70.4087
1436     70.3943     70.4077
1437     70.3943     70.4069
1438     70.3943     70.4065
1439     70.3943     70.4057
1440     70.3943     70.4049
1441     70.3943     70.4045
1442     70.3943     70.4037
1443     70.3943      70.403
1444     70.3943     70.4027
1445     70.3943     70.4023
1446     70.3943     70.4018
1447     70.3943     70.4015
1448     70.3943     70.4011
1449     70.3943     70.4006
1450     70.3943     70.4004
1451     70.3943     70.3998
1452     70.3943     70.3994
1453     70.3943     70.3992
1454     70.3943     70.3989
1455     70.3943     70.4085
1456     70.3943     70.3981
1457     70.3943     70.3977
1458     70.3943     70.3973
1459     70.3943     70.3967
1460     70.3943     70.4006
1461     70.3943     70.3963
1462     70.3943      70.396
1463     70.3943     70.3952
1464     70.3943      70.395
1465     70.3943     70.3947
1466     70.1209     70.3935
1467     70.1209     70.3932
1468     70.1209     70.3932
1469     70.1209     70.3926
1470     70.1209     70.3915
1471     70.1209     70.3907
1472     70.1209     70.3897
1473     70.1209     70.3897
1474     70.1209     70.3896
1475     70.1209     70.3886
1476     70.1209     70.3873
1477     70.1209     70.3856
1478     70.1209     70.3836
1479     70.1209     70.3801
1480     70.1209     70.3756
1481     70.1209     70.3724
1482     70.1209     70.3678
1483     70.1209     70.3625
1484     70.1209     70.3581
1485     70.1209     70.3532
1486     70.1209     70.3461
1487     70.1209     70.3399
1488     70.1209     70.3335
1489     70.1209     70.3222
1490     70.1209     70.3133
1491     70.1209     70.3091
1492     70.1209     70.2987
1493     70.1209     70.2884
1494     69.5389     70.2798
1495     69.5389     70.2757
1496     69.5389      70.269
1497     69.5389     70.2609
1498     69.5389     70.2475
1499     69.5389     70.2424
1500     69.5389     70.2322
1501     69.5389     70.2265
1502     69.5389     70.2229
1503     69.5389     70.2216
1504     69.5389     70.2126
1505     69.5389     70.2059
1506     69.5389     70.1979
1507     69.5389     70.1908
1508     69.5389     70.1862
1509     69.5389     70.1694
1510     69.5389     70.1613
1511     69.5389     70.1533
1512     69.5389     70.1349
1513     69.5389     70.1264
1514     69.5389      70.106
1515     69.5389     70.0808
1516     69.5389     70.0492
1517     69.5389     70.0059
1518     69.5389     69.9643
1519     69.5389     69.9422
1520     69.5389      69.918
1521     69.5389     69.8982
1522     69.5389      69.881
1523     69.5389      69.878
1524     69.5389     69.8658
1525     69.5389      69.846
1526     69.5389     69.8187
1527     69.5389     69.8083
1528     69.5389     69.8032
1529     69.5389     69.7795
1530     69.5389     69.7539
1531     69.5389     69.7388
1532     69.5389     69.7155
1533     69.5389     69.7046
1534     69.5389      69.686
1535     69.5389      69.672
1536     69.5389     69.6673
1537     69.5389     69.6534
1538     69.5389     69.6254
1539     69.5389     69.6208
1540     69.5389     69.6057
1541     69.5389      69.601
1542     69.5389     69.5917
1543     69.5389     69.5835
1544     69.5389     69.5719
1545     69.5389     69.5649
1546     69.5389     69.5556
1547     69.5389     69.5486
1548     69.5389     69.5389
1549     69.5389     69.5389
1550     69.5389     69.5389
1551     69.5389     69.5389
1552     69.5389     69.5389
1553     69.5389     69.5389
1554     69.5389     69.5389
1555     69.5389     69.5389
1556     69.5389     69.5389
1557     69.5389     69.5389
1558     69.5389     69.5389
1559     69.5389     69.5389
1560     69.5389     69.5389
1561     69.5389     69.5389
1562     69.5389     69.5389
1563     69.5389     69.5389
1564     69.5389     69.5389
1565     69.5389     69.5389
1566     69.5389     69.5389
1567     69.5389     69.5389
1568     69.5389     69.5389
1569     69.5389     69.5389
1570     69.5389     69.5389
1571     69.5389     69.5389
1572     69.5389     69.5389
1573     69.5389     69.5389
1574     69.5389     69.5389
1575     69.5389     69.5389
1576      69.379     69.5379
1577      69.379     69.5373
1578      69.379     69.5373
1579      69.379     69.5366
1580      69.379      69.536
1581      69.379     69.5357
1582      69.379     69.5347
1583      69.379     69.5344
1584      69.379     69.5344
1585      69.379     69.5341
1586      69.379     69.5325
1587      69.379     69.5309
1588      69.379     69.5293
1589      69.379     69.5277
1590      69.379     69.5251
1591      69.379     69.5222
1592      69.379     69.5184
1593      69.379     69.5155
1594      69.379     69.5069
1595      69.379     69.4957
1596      69.379     69.4899
1597      69.379     69.4855
1598      69.379     69.4781
1599      69.379     69.4736
1600      69.379     69.4718
1601     68.8144     69.4667
1602     68.8144     69.4622
1603     68.8144     69.4596
1604     68.8144     69.4555
1605     68.8144      69.451
1606     68.8144     69.4491
1607     68.8144     69.4449
1608     68.8144     69.4408
1609     68.8144     69.4369
1610     68.8144      69.436
1611     68.8144     69.4325
1612     68.8144     69.4289
1613     68.8144      69.423
1614     68.8144     69.4217
1615     68.8144     69.4205
1616     68.8144     69.4179
1617     68.8144     69.4153
1618     68.8144     69.4121
1619     68.8144     69.4043
1620     68.8144     69.4008
1621     68.8144     69.3966
1622     68.8144     69.3963
1623     68.8144     69.3925
1624     68.8144     69.3912
1625     68.8144     69.3865
1626     68.6545     69.3837
1627     68.6545     69.3805
1628     68.6545     69.3763
1629     68.6545      69.373
1630     68.6545      69.373
1631     68.6545      69.373
1632     68.6545      69.373
1633     68.6545      69.373
1634     68.6545      69.373
1635     68.6545      69.373
1636     68.6545     69.3716
1637     68.6545     69.3716
1638     68.6545     69.3716
1639     68.6545     69.3705
1640     68.1301      69.368
1641     68.1301     69.3676
1642     68.1301     69.3651
1643     68.1301      69.364
1644     68.1301      69.364
1645     68.1301     69.3615
1646     68.1301     69.3611
1647     68.1301     69.3611
1648     68.1301     69.3611
1649     68.1301     69.3642
1650     68.1301     69.3653
1651     68.1301     69.3597
1652     68.1301     69.3597
1653     68.1301     69.3571
1654     68.1301     69.3556
1655     68.1301     69.3545
1656     68.1301     69.3664
1657     68.1301     69.3567
1658     68.1301     69.3545
1659     68.1301     69.3792
1660     68.1301     69.3534
1661     68.1301     69.3523
1662     68.1301     69.3523
1663     68.1301     69.3511
1664     68.1301     69.3511
1665     68.1301       69.35
1666     68.1301     69.3471
1667     68.1301     69.3712
1668     68.1301     69.3471
1669     68.1301      69.346
1670     68.1301     69.3423
1671     68.1301     69.3397
1672     68.1301     69.3386
1673     68.1301      69.336
1674     68.1301     69.3337
1675     68.1301     69.3323
1676     68.1301     69.3338
1677     68.1301      69.326
1678     68.1301     69.3195
1679     68.1301     69.3095
1680     68.1301      69.299
1681     68.1301     69.3068
1682     68.1301     69.2807
1683     68.1301     69.2658
1684     68.1301     69.2485
1685     68.1301     69.2049
1686     68.1301     69.1792
1687     68.1301     69.1627
1688     68.1301     69.1422
1689     68.1301     69.1189
1690     68.1301     69.0987
1691     68.1301     69.0878
1692     68.1301     69.0643
1693     68.1301     69.0413
1694     68.1301     69.0127
1695     68.1301     68.9809
1696     68.1301     68.9593
1697     68.1301     68.9385
1698     68.1301     68.9072
1699     68.1301     68.8593
1700     68.1301     68.8097
1701     68.1301     68.7696
1702     68.1301     68.7216
1703     68.1301     68.6845
1704     68.1301     68.6524
1705     68.1301     68.6389
1706     68.1301     68.6199
1707     68.1301     68.5801
1708     68.1301     68.5326
1709     68.1301     68.4872
1710     68.1301     68.4497
1711     68.1301     68.4329
1712     68.1301     68.3902
1713     68.1301     68.3598
1714     68.1301     68.3104
1715     68.1301     68.2953
1716     67.9965     68.2756
1717     67.9965      68.266
1718     67.9965     68.2548
1719     67.9965     68.2477
1720     67.9965     68.2131
1721     67.9965      68.195
1722     67.9965     68.1842
1723     67.9965     68.1611
1724     67.9965     68.1522
1725     67.9965     68.1331
1726     67.9965     68.1253
1727     67.9965     68.1245
1728     67.9965     68.1229
1729     67.9965     68.1221
1730     67.9965     68.1192
1731     67.9965     68.1154
1732     67.9965      68.112
1733     67.9965     68.1066
1734     67.9965     68.0983
1735     67.9965     68.0914
1736     67.9965     68.0869
1737     67.9965     68.0807
1738     67.9965     68.0732
1739     67.9965     68.0698
1740     67.9965     68.0652
1741     67.9965     68.0639
1742     67.9965     68.0604
1743     67.9965     68.0583
1744     67.9965     68.0521
1745     67.9965     68.0526
1746     67.9965     68.0478
1747     67.9965     68.0449
1748     67.9965     68.0422
1749     67.9965      68.038
1750     67.9965      68.034
1751     67.9965      68.031
1752     67.9965     68.0297
1753     67.9965     68.0287
1754     67.9965     68.0284
1755     67.9965     68.0233
1756     67.9965     68.0199
1757     67.9965     68.0158
1758     67.9965     68.0116
1759     67.9965     68.0084
1760     67.9965     68.0033
1761     67.9965     67.9979
1762     67.9965     67.9965
1763     67.9965     67.9965
1764     67.9965     67.9965
1765     67.9965     67.9965
1766     67.9965     67.9965
1767     67.9965     67.9965
1768     67.9965     67.9965
1769     67.9965     67.9965
1770     67.9965     67.9965
1771     67.9965     67.9965
1772     67.9965     67.9965
1773     67.9965     67.9965
1774     67.9965     67.9965
1775     67.9965     67.9965
1776     67.9965     67.9965
1777     67.9965     67.9965
1778     67.9965     67.9965
1779     67.9965     67.9965
1780     67.9965     67.9965
1781     67.9965     67.9965
1782     67.9965     67.9965
1783     67.9965     67.9965
1784     67.9965     67.9965
1785     67.9965     67.9965
1786     67.9965     67.9965
1787     67.9965     67.9965
1788     67.9965     67.9965
1789     67.9965     67.9965
1790     67.9965     67.9965
1791     67.9965     67.9965
1792     67.9965     67.9965
1793     67.9965     67.9965
1794     67.9965     67.9965
1795     67.9965     67.9965
1796     67.9965     67.9965
1797     67.9965     67.9965
1798     67.9965     67.9965
1799     67.9965     67.9965
1800     67.9965     67.9965
1801     67.9965     67.9965
1802     67.9965     67.9965
1803     67.9965     67.9965
1804     67.9965     67.9965
1805     67.9965     67.9965
1806     67.9965     67.9965
1807     67.9965     67.9965
1808     67.9965     67.9965
1809     67.9965     67.9965
1810     67.9965     67.9965
1811     67.9865     67.9965
1812     67.9865     67.9965
1813     67.9865     67.9965
1814     67.9865     67.9965
1815     67.9865     67.9965
1816     67.9865     67.9965
1817     67.9865     67.9964
1818     67.9865     67.9964
1819     67.9865     67.9963
1820     67.9865     67.9963
1821     67.8362     67.9956
1822     67.8362     67.9955
1823     67.8362     67.9952
1824     67.8362     67.9944
1825     67.8362     67.9936
1826     67.8362     67.9921
1827     67.8362     67.9904
1828     67.8362     67.9891
1829     67.8362     67.9868
1830     67.8362     67.9853
1831     67.8362     67.9826
1832     67.8362     67.9798
1833     67.8362      67.997
1834     67.8362     67.9729
1835     67.8362     67.9676
1836     67.8362     67.9585
1837     67.8362     67.9504
1838     67.8362     67.9439
1839     67.8362     67.9361
1840     67.8362     67.9294
1841     67.8362      67.925
1842     67.8362     67.9215
1843     67.8362      67.918
1844     67.8362     67.9132
1845     67.8362     67.9122
1846     67.8362     67.9093
1847     67.8362     67.9061
1848     67.8362     67.9042
1849     67.8362     67.8987
1850     67.8362     67.8923
1851     67.8362     67.8866
1852     67.8362     67.8843
1853     67.8362     67.8798
1854     67.8362     67.8753
1855     67.8362     67.8718
1856     67.8362     67.8683
1857     67.8362     67.8667
1858     67.8362     67.8632
1859     67.8362     67.8597
1860     67.8362     67.8555
1861     67.8362     67.8528
1862     67.8362     67.8465
1863     67.8362     67.8417
1864     67.8362     67.8374
1865     67.8362     67.8362
1866     67.8362     67.8362
1867     67.8362     67.8362
1868     67.8362     67.8362
1869     67.8362     67.8362
1870     67.8362     67.8362
1871     67.8362     67.8362
1872     67.8362     67.8362
1873     67.8362     67.8362
1874     67.8362     67.8362
1875     67.8362     67.8362
1876     67.8362     67.8362
1877     67.8362     67.8362
1878     67.8362     67.8362
1879     67.8362     67.8362
1880     67.8362     67.8362
1881     67.8362     67.8362
1882     67.8362     67.8362
1883     67.8362     67.8362
1884     67.8362     67.8362
1885     67.8362     67.8362
1886     67.8362     67.8362
1887     67.8362     67.8362
1888     67.8362     67.8362
1889     67.8362     67.8362
1890     67.8362     67.8362
1891     67.8362     67.8389
1892     67.8362     67.8362
1893     67.8362     67.8362
1894     67.8362     67.8362
1895     67.8362     67.8362
1896     67.8362     67.8362
1897     67.8362     67.8362
1898     67.8362     67.8362
1899     67.8362     67.8362
1900     67.8362     67.8362
1901     67.8362     67.8362
1902     67.8362     67.8362
1903     67.8362     67.8362
1904     67.8362     67.8362
1905     67.8362     67.8362
1906     67.7282      67.836
1907     67.7282      67.836
1908     67.7282     67.8358
1909     67.7282     67.8358
1910     67.7282     67.8358
1911     67.7282     67.8354
1912     67.7282     67.8349
1913     67.7282     67.8343
1914     67.7282     67.8341
1915     67.7282     67.8336
1916     67.5663      67.832
1917     67.5663     67.8313
1918     67.5663     67.8306
1919     67.5663     67.8291
1920     67.5663     67.8271
1921     67.5663     67.8244
1922     67.5663     67.8226
1923     67.5663     67.8207
1924     67.5663     67.8174
1925     67.5663     67.8129
1926     67.5663     67.8057
1927     67.5663     67.8015
1928     67.5663     67.7965
1929     67.5663     67.7928
1930     67.5663     67.7879
1931     67.5663     67.7868
1932     67.5663     67.7844
1933     67.5663     67.7822
1934     67.5663      67.778
1935     67.5663     67.7763
1936     67.5663     67.7739
1937     67.5663     67.7699
1938     67.5663      67.765
1939     67.5663     67.7628
1940     67.5663     67.7597
1941     67.5663     67.7575
1942     67.5663     67.7544
1943     67.5663     67.7513
1944     67.5663      67.747
1945     67.5663     67.7445
1946     67.5663     67.7425
1947     67.5663     67.7401
1948     67.5663     67.7381
1949     67.5663     67.7399
1950     67.5663     67.7345
1951     67.5663     67.7277
1952     67.5663      67.722
1953     67.5663     67.7184
1954     67.5663     67.7107
1955     67.5663     67.7023
1956     67.3194     67.6938
1957     67.3194     67.6839
1958     67.3194     67.6752
1959     67.3194     67.6715
1960     67.3194     67.6608
1961     67.3194     67.6578
1962     67.3194     67.6553
1963     67.3194     67.6537
1964     67.3194      67.649
1965     67.3194     67.6468
1966     67.3194      67.642
1967     67.3194     67.6384
1968     67.3194     67.6335
1969     67.3194     67.6312
1970     67.3194     67.6262
1971     67.3194     67.6241
1972     67.3194      67.621
1973     67.3194     67.6151
1974     67.3194     67.6114
1975     67.3194      67.607
1976     67.0461     67.5971
1977     67.0461     67.5922
1978     67.0461     67.5872
1979     67.0461     67.5789
1980     67.0461      67.575
1981     67.0461     67.5656
1982     67.0461     67.5511
1983     67.0461     67.5314
1984     67.0461     67.5207
1985     67.0461     67.5049
1986     67.0461     67.4856
1987     67.0461     67.4623
1988     67.0461     67.4428
1989     67.0461     67.4365
1990     67.0461     67.4231
1991     66.7121     67.4119
1992     66.7121      67.395
1993     66.7121     67.3702
1994     66.7121     67.3575
1995     66.7121      67.339
1996     66.7121     67.3209
1997     66.7121     67.3061
1998     66.7121     67.2918
1999     66.7121     67.2803
