GEN:      BEST_LOSS:      AVERAGE_LOSS: 
0     449.224      500.24
1     426.789     493.053
2     426.789     486.941
3       411.2     480.681
4       411.2     475.761
5     400.724     470.228
6     400.724     465.275
7     393.715     461.248
8     393.715     456.142
9     390.599     450.538
10     390.599     445.755
11     381.333     441.104
12     381.333     436.448
13     381.333     432.242
14     378.522     427.666
15     366.134      423.65
16     366.134     419.385
17     366.134     415.819
18     361.005     411.734
19     361.005     408.003
20     359.945     404.121
21     359.945      400.56
22     359.945     397.579
23     342.574     394.906
24     342.574     392.279
25     342.574     389.261
26     336.003     386.595
27     336.003     383.694
28     336.003     380.848
29     336.003      378.62
30     336.003     376.598
31     336.003      374.45
32     336.003     371.931
33     336.003     369.825
34     336.003      367.89
35     333.702     365.978
36     332.879     363.481
37     328.014      361.46
38     321.826     359.528
39     321.826     357.553
40      320.11     355.654
41      320.11     353.375
42     302.776     351.187
43     302.776     349.605
44     302.776     347.324
45     302.776      344.83
46     302.776     343.023
47     302.776     340.664
48     302.776     338.773
49     294.167     336.546
50     293.057      334.47
51     293.057      332.29
52     293.057     330.054
53     288.959     327.985
54      285.29     324.977
55     280.428     322.442
56     280.428     320.132
57     280.428     317.924
58     276.294     315.203
59     270.142     313.181
60     270.142     310.761
61     270.142     309.201
62     270.142     306.469
63     270.142     304.169
64     270.142     301.881
65     269.183     299.806
66     268.718     297.815
67     268.718     295.597
68     261.589     293.559
69     261.589     292.016
70     256.271      290.44
71     256.271     289.233
72     252.624     287.738
73     252.624     286.631
74     252.624     285.165
75     252.624     283.321
76     252.624     281.851
77     252.624     280.734
78     252.624     279.816
79     252.624     278.802
80     252.624     278.015
81     248.506     277.099
82     248.506     275.858
83     248.506     274.768
84     248.506     273.792
85     248.334     272.827
86     248.334     272.247
87     242.282     271.301
88     240.078     270.205
89     240.078     269.211
90     240.078     268.672
91     240.078     267.848
92     240.078     267.185
93     240.078     266.406
94     240.078     265.885
95     240.078     265.081
96     239.878     264.367
97     239.878     263.941
98     235.776      263.35
99     235.776     262.753
100     235.776     262.187
101     235.776     261.852
102     235.776     261.203
103     235.087     260.802
104     235.087     260.116
105     235.087     259.717
106     235.087     259.271
107     232.753     258.639
108     232.753     257.812
109     232.753     257.346
110     231.942      256.41
111     231.942     256.137
112     231.423     255.559
113     231.423     254.954
114     227.636     254.415
115     227.636     253.658
116     227.636     253.187
117     227.636     252.709
118     226.596     252.209
119     226.596     251.573
120     226.596     250.857
121     226.596     250.441
122     226.596     249.739
123     226.596     249.014
124     225.383     248.427
125     224.459     247.424
126     224.459     246.305
127     224.459     245.767
128     224.459     245.204
129     224.459     245.201
130     224.459     244.477
131     224.459     243.987
132     224.459     243.535
133     222.873     242.984
134      219.69     242.415
135      219.69     242.038
136     217.575     241.763
137     217.575     241.435
138     217.575     240.499
139     217.575     240.192
140     217.575     239.653
141     213.339      239.03
142     206.938      238.41
143     206.938     238.072
144     206.938     237.429
145     206.938     237.037
146     206.938      236.47
147      194.37     235.905
148      194.37     235.211
149      194.37      234.64
150      194.37     234.281
151      194.37     233.659
152      194.37      233.32
153      194.37     232.801
154      194.37     232.337
155      194.37     231.651
156      194.37     231.201
157      194.37      230.84
158      194.37     229.864
159      194.37     229.364
160      194.37     228.788
161     198.036     227.733
162     198.036     226.996
163     198.036     226.488
164     198.036     225.806
165     198.036     225.007
166     198.036     224.205
167     198.036     223.329
168     198.036     222.055
169     198.036     221.205
170     198.036     220.249
171     198.036     219.593
172     198.036      218.64
173     198.036     217.783
174     195.424      216.78
175     191.917     215.627
176     191.917     214.782
177     191.917     213.824
178     188.525     212.615
179     188.525     211.806
180     188.525     211.221
181     188.525     210.639
182     188.525     209.868
183     188.525     208.983
184     188.525     208.389
185     185.837     207.466
186     185.837     206.875
187     185.837     206.139
188     178.474     205.371
189     178.474     204.849
190     178.474     204.283
191     178.474     203.562
192     178.474     202.885
193     178.474     201.966
194     178.474     201.274
195     178.474     200.308
196     178.474     199.481
197     173.115      198.76
198     173.115     197.731
199     173.115     197.225
200     173.115     196.502
201     173.115     195.724
202     173.115     194.998
203     173.115     194.242
204     173.115     193.495
205     173.115     192.769
206     173.115     192.139
207     166.875     191.423
208     166.875     190.679
209     166.875     190.073
210     166.875      189.33
211     166.875     188.893
212     166.875     188.161
213     165.059     187.634
214     165.059     187.053
215     165.059      186.58
216     165.059     185.878
217     165.059     185.374
218     165.059     184.987
219     165.059     184.414
220     165.059     183.858
221     160.815     183.095
222     160.815     182.477
223     160.815     181.741
224     160.815     181.126
225     160.815     180.346
226     164.609     179.847
227       163.4     179.279
228       163.4     178.893
229       163.4     178.134
230     162.761     177.282
231     160.945     176.729
232     160.945     176.041
233     160.945     175.299
234     160.945     174.954
235     160.945     174.507
236     159.383     173.942
237     157.205     173.335
238     157.205     172.825
239     157.205     172.298
240     157.205     171.824
241     153.407     171.365
242     153.407     170.935
243     153.407     170.297
244     153.407     169.617
245      151.67     168.858
246      151.67     168.334
247      151.67      167.76
248     150.977     167.111
249     150.977     166.426
250     150.977     165.776
251     150.977     165.363
252     150.977     164.809
253     150.977     164.189
254     150.977     163.823
255     149.673     163.336
256     149.673     163.013
257     149.673     162.562
258     149.673     162.263
259     149.673     161.897
260     149.673     161.534
261     149.673     161.272
262     149.673     160.913
263     149.673     160.635
264     149.673     160.302
265     149.673     159.851
266     147.507     159.539
267     147.507     159.336
268     147.507     158.991
269     147.507     158.613
270     147.507      158.49
271     147.507     158.207
272     147.507     158.024
273     147.507     157.656
274     147.046     157.358
275     147.046     157.074
276     147.046     156.719
277     147.046      156.43
278     147.046     156.334
279     147.046     156.058
280     147.046     155.708
281     146.665     155.497
282     146.665     155.274
283     146.665     155.017
284     146.665     154.724
285     146.665     154.553
286     145.656     154.397
287     145.656     154.127
288     145.656     153.976
289     145.656     153.699
290     145.656     153.403
291     145.656     153.203
292     145.074     153.008
293     145.074      152.92
294     145.074     152.765
295     145.074      152.68
296     145.074     152.562
297     145.074      152.37
298     145.074     152.224
299     145.074     152.053
300     145.074     151.914
301     145.074      151.82
302     143.644     151.656
303     143.644     151.572
304     143.644     151.424
305     143.644     151.322
306     143.368     151.105
307     143.368     151.041
308     143.368      150.82
309     143.368     150.688
310     143.368     150.583
311     142.268     150.437
312     142.268     150.265
313     142.268      150.08
314     142.268     149.887
315     142.268     149.684
316     142.268     149.522
317     142.268     149.327
318     142.268     149.297
319     142.268     149.104
320     142.268     149.012
321     142.064     148.831
322     142.064     148.704
323     142.064     148.565
324     140.526     148.439
325     140.526     148.319
326     140.319     148.013
327     140.319     147.907
328     140.319     147.774
329     140.319     147.562
330     140.319     147.538
331     140.319     147.391
332     140.319     147.348
333      139.45     147.171
334      139.45     147.093
335      139.45     146.862
336      139.45     146.812
337      139.45     146.678
338      139.45     146.496
339     139.091     146.319
340     136.736     146.198
341     136.736     146.038
342      136.04     145.831
343      136.04     145.758
344     134.319     145.574
345     134.319      145.49
346     134.319     145.226
347     134.319     145.066
348     134.319     144.879
349     134.319     144.732
350     134.319     144.495
351     134.319     144.387
352     134.319     144.134
353     134.319      143.92
354     133.629      143.84
355     133.629     143.575
356     133.629     143.335
357     133.629     143.034
358     133.629     142.821
359     133.629     142.628
360     133.629      142.38
361     133.629     142.221
362     133.629     142.059
363     133.629     141.732
364     133.629     141.655
365     133.629     141.267
366     133.254     141.068
367     133.254     140.828
368     133.254     140.746
369     133.254     140.634
370     133.254     140.453
371     131.983     140.157
372     131.983      139.89
373     131.983     139.695
374     131.983     139.562
375     131.983     139.312
376     131.983     139.125
377     131.983     138.976
378     129.727     138.835
379     129.727     138.584
380     129.727     138.431
381     129.727     138.136
382     129.727     138.031
383     129.727     137.747
384     129.727      137.63
385     129.727     137.512
386     129.727      137.33
387     129.727     137.128
388     129.727     137.113
389     129.727     137.131
390     129.727     137.051
391     126.891     136.919
392     126.891     136.795
393     126.891     136.584
394     126.891      136.41
395     126.891     136.338
396     126.891     136.127
397     126.891     135.895
398     126.891     135.641
399     126.891       135.5
400     126.891     135.437
401     124.502     135.241
402     124.502     135.192
403     124.502     135.039
404     124.502     134.889
405     124.502     134.702
406     124.502     134.501
407     124.502     134.354
408     124.502     134.274
409     124.502     134.149
410     124.502     133.938
411     124.502     133.809
412     124.502     133.816
413     124.502     133.765
414     124.502     133.622
415     124.502     133.557
416     124.004     133.461
417     122.994     133.278
418     122.994     133.179
419     122.994     133.077
420     120.635     132.944
421     120.447     132.748
422     120.447     132.636
423     120.447     132.524
424     120.447     132.263
425     120.433     132.023
426     120.433     131.915
427     120.433     131.657
428     120.433     131.532
429     117.847     131.348
430     117.847     131.296
431     117.847     131.026
432     117.847     130.884
433     117.847      130.79
434     117.847      130.55
435     117.847     130.272
436     117.847     129.955
437     117.847      129.81
438     117.847     129.705
439      117.46      129.27
440      117.46     129.124
441      117.46     128.915
442      117.46     128.507
443      117.46     128.374
444      117.46     128.042
445      117.46     127.627
446     116.693     127.332
447     116.693     127.013
448     116.693     126.933
449     116.693     126.683
450     116.693     126.256
451     115.445      126.04
452     115.445     125.823
453     115.445     125.617
454     115.445     125.299
455     115.445     124.914
456     115.445     124.785
457     115.445     124.601
458     113.046     124.288
459     113.046      124.07
460     113.046     123.934
461     113.046     123.794
462     113.046     123.606
463     113.046     123.278
464     113.046     123.105
465     113.046      122.91
466     113.046      122.71
467     113.046      122.56
468     113.046     122.315
469     113.046     122.149
470     113.046     122.023
471     112.688     121.794
472     112.688     121.512
473     112.688     121.334
474     112.688     121.168
475      112.28     121.075
476      112.28     121.019
477      112.28     120.985
478      112.28     120.783
479      112.28     120.579
480      112.28     120.352
481      112.28     120.128
482      112.28     119.888
483      112.28     119.514
484      112.28     119.371
485      112.28     119.046
486     110.695     118.933
487     110.695     118.692
488     110.695     118.487
489     110.695     118.191
490     110.694     117.986
491      108.71     117.606
492      108.71     117.327
493      108.71     117.129
494      108.71     116.991
495      108.71     116.687
496      108.71      116.44
497     105.619     116.153
498     105.619      115.96
499     105.619     115.628
500     105.619     115.375
501     105.619     115.217
502     105.619      114.85
503     105.619     114.637
504     105.619     114.389
505     105.619     114.219
506     105.619     114.121
507     105.619      113.69
508     105.619     113.327
509     105.619      113.06
510     105.299     112.667
511     105.299     112.486
512     104.055     112.211
513     104.055     111.892
514     104.055     111.591
515     104.055     111.376
516     104.055     111.068
517     104.055     110.918
518     104.055     110.797
519     103.505       110.5
520     103.505     110.228
521     102.029     109.995
522     102.029      109.68
523     102.029     109.563
524     102.029     109.296
525     102.029     109.008
526     102.029      108.85
527     102.029     108.614
528     102.029     108.512
529     102.029     108.229
530     100.185      108.06
531     100.185     107.837
532     100.185     107.676
533     100.185     107.476
534     100.185     107.285
535     100.185     107.199
536     100.185     107.055
537     100.185     106.836
538     100.185     106.593
539     100.185     106.374
540     100.185     106.241
541     100.185     106.096
542     100.185     105.932
543     100.185     105.715
544     100.185     105.605
545     100.185     105.357
546     100.185     105.179
547     100.185     104.939
548     100.101     104.789
549     100.001     104.662
550      97.989     104.465
551      97.989     104.169
552      97.989     104.013
553      97.989     103.781
554      97.989     103.647
555      97.989     103.482
556      97.989     103.343
557      97.989     103.208
558      97.989     102.881
559      97.989     102.709
560     97.5265      102.55
561     95.4759      102.34
562     95.4759     102.157
563     95.4759     101.903
564     95.4759     101.809
565     95.4759     101.577
566     95.4759     101.447
567     95.4759     101.303
568     95.4759     101.225
569     95.4759     101.128
570     95.4759     100.882
571     95.4759     100.789
572     95.4759     100.667
573     94.3659      100.52
574     94.3659     100.294
575     94.3659     100.125
576     94.3659     100.028
577     94.3659     99.8841
578     94.3659     99.7067
579     94.3659     99.5953
580     94.3659     99.4436
581     94.3659     99.4372
582     94.3659     99.2954
583     93.8855     99.1425
584     93.8855     98.9383
585     93.8855     98.7965
586     93.8855     98.6926
587     93.8855     98.6144
588     93.8855     98.5132
589     93.8855     98.3289
590     93.8855     98.2399
591     93.8938     98.2125
592     93.8938     98.1343
593     93.8938     98.0635
594     93.8938     98.0077
595     93.8938      97.919
596     93.6459     97.8015
597     93.6459     97.7319
598     93.6459     97.6631
599     93.6459     97.5023
600     93.6459     97.4537
601     93.6459     97.3147
602     93.6459     97.2273
603     93.6459      97.222
604     93.6459      97.113
605     93.6459     97.0458
606     93.4388     96.9512
607     93.4388      96.891
608     93.3337     96.8905
609     93.3337     96.8422
610     92.8455     96.7209
611     92.8455     96.6438
612     92.8455     96.5871
613     92.8455      96.519
614     92.8455     96.4802
615     92.8455     96.4603
616     91.3487     96.4511
617     91.3487     96.3226
618     91.3487     96.2308
619     91.3487      96.208
620     91.3487     96.1223
621     91.3487     96.0827
622     91.3487     95.9663
623     91.3487      95.919
624     91.3487     95.8094
625     91.3487     95.7365
626     91.3487     95.5946
627     91.3487     95.5424
628     91.3487     95.4351
629     91.3487     95.3516
630     91.3487     95.2721
631     91.3487      95.285
632     91.3487     95.1946
633     91.3487     95.0999
634     91.3487     95.0092
635     91.3487     94.9226
636     91.3487     94.8548
637     91.3487     94.7331
638     91.3487     94.6489
639     91.3487     94.5903
640     91.3487     94.5493
641     91.3487     94.4904
642     91.3487     94.4647
643     91.3487     94.4421
644     91.3487     94.4337
645     91.3487      94.352
646     91.3487     94.3308
647     91.3487     94.3016
648     91.3289     94.2821
649     91.3289     94.2171
650     91.3289     94.2364
651     91.3289     94.1252
652     91.0141     94.0818
653     91.0141     94.0432
654     91.0141     94.0569
655     91.0141     94.0129
656     91.0141     94.0518
657     90.3618     93.9185
658     90.3618     93.8588
659     90.3618     93.8045
660     90.3618      93.721
661     90.3555     93.6607
662     90.3555     93.6557
663     90.3555     93.5925
664     90.2174     93.5598
665     90.2174      93.454
666     90.2174     93.3975
667     90.2174     93.3395
668     90.2174     93.2731
669     90.2174     93.1562
670     90.2174     93.1129
671     90.2174     92.9286
672     90.2174     92.8103
673     90.2174     92.8139
674     90.2174     92.7219
675     90.2174     92.6474
676     90.2174     92.4893
677     90.2174     92.3438
678     90.2174     92.2237
679     90.2174     92.2031
680     90.0351     92.0946
681     90.0351      91.972
682     89.3915      91.853
683     89.3915     91.8176
684     89.3915       91.83
685     89.3915     91.6662
686     89.0031     91.6125
687     89.0031      91.484
688     88.8338     91.4011
689     88.8338     91.2162
690     88.8338       91.16
691     88.8338     91.0549
692     88.8338     90.9437
693     88.8338     90.8892
694     88.8338      90.908
695     88.8338     90.8706
696     88.5813     90.8011
697     88.5813     90.7834
698     88.5813     90.7201
699     88.5813     90.6914
700     88.5813     90.6457
701     88.5813     90.6319
702     88.5813      90.611
703     88.5813     90.5235
704     88.5813      90.495
705     88.5813     90.4669
706     88.5813     90.4728
707     88.5813     90.4155
708     88.5813      90.335
709     88.5252     90.2862
710     88.5252     90.2562
711     87.7986     90.2375
712     87.7986     90.1705
713     87.7643     90.0908
714     87.7643     90.0504
715     87.7643     89.9354
716     87.7643     89.8881
717     87.1385      89.831
718     87.1385     89.7729
719     87.1385        89.7
720     87.1385     89.6264
721     87.1385     89.5755
722     87.1385     89.5446
723     87.1385     89.5245
724     87.1385     89.4587
725     87.1385     89.4228
726     87.1385     89.3489
727     87.1385      89.269
728     87.1385     89.2077
729     87.1385     89.1595
730     87.1385     89.1061
731     87.1385       89.04
732     87.1385      88.952
733     87.1385     88.8575
734     87.1385     88.8292
735     87.1385     88.7572
736     87.1385     88.7142
737     87.1385     88.5735
738     87.1385     88.4524
739     87.1385     88.3729
740     87.1385     88.2958
741     87.1385     88.2117
742     87.1385     88.1414
743     87.1385     88.0869
744     87.1127     88.0495
745     87.1127     88.0222
746     87.1127     87.9906
747     87.0961     87.9392
748     87.0025     87.9116
749     87.0025     87.8278
750     86.3836     87.7927
751     85.9975     87.7468
752     85.9975     87.6841
753     85.9975     87.6231
754     85.9975      87.573
755     85.9975     87.4903
756     85.9975     87.4565
757     85.9975     87.4394
758     85.9975     87.4204
759     85.9975      87.379
760     85.9975     87.3426
761     85.7692     87.3063
762     85.7692     87.2803
763     85.7692     87.2539
764     85.7692     87.2352
765     85.7692     87.2095
766       85.65     87.1663
767       85.65      87.138
768       85.65     87.1182
769       85.65     87.1048
770       85.65     87.0815
771     85.3031     87.0545
772     85.3031     87.0229
773     85.3031     87.0006
774     85.3031      86.969
775     85.3031      86.946
776     85.3031     86.9241
777     85.3031     86.9127
778     85.3031     86.9016
779     85.3031     86.8828
780     85.3031     86.8553
781     84.9855     86.8344
782     84.9855     86.8166
783     84.9855     86.8055
784     84.9855     86.7905
785     84.9855     86.7818
786     84.6896     86.7587
787     84.6896     86.7498
788     84.6896     86.7348
789     84.6896     86.7095
790     84.6896     86.6886
791     84.2614     86.6541
792     84.2614     86.6298
793     84.2614     86.5911
794     84.2614     86.5575
795     84.2614     86.4972
796     84.2332     86.4434
797     84.2332     86.4095
798     84.2332     86.3858
799     84.2332     86.3732
800     84.2332     86.3372
801     84.2332     86.2996
802     84.2332     86.2704
803     84.2332     86.2721
804     84.2332     86.2382
805     84.2332     86.2051
806     84.2332      86.208
807     84.2332     86.1382
808     84.2332     86.1005
809     84.2332     86.0318
810     83.3769     86.0059
811     83.3769     85.9891
812     83.3769     85.9907
813     83.3769     85.9617
814     83.3769     85.9196
815     83.3769     85.8964
816     83.1966     85.8114
817     83.1966     85.7595
818     83.1966     85.7177
819     83.1966     85.6996
820     83.1966     85.7039
821     82.9388     85.7708
822     82.9388     85.7238
823     82.9388     85.7207
824     82.9388      85.724
825     82.9388     85.7063
826      82.127      85.651
827      82.127     85.6179
828      82.127     85.5874
829      82.127     85.5915
830      82.127     85.5905
831      82.127      85.526
832      82.127      85.477
833      82.127     85.4588
834      82.127     85.4711
835      82.127     85.4544
836     77.1427     85.4007
837     77.1427     85.3893
838     77.1427     85.4105
839     77.1427     85.4138
840     77.1427     85.3611
841     77.1427     85.3322
842     77.1427     85.3496
843     77.1427     85.2968
844     77.1427     85.2834
845     77.1427     85.2397
846     77.1427      85.223
847     77.1427      85.172
848     77.1427     85.1585
849     77.1427     85.2247
850     77.1427     85.2259
851     77.1427     85.2056
852     77.1427     85.1242
853     77.1427     85.1228
854     77.1427     85.0849
855     77.1427      85.042
856     77.1427      84.953
857     77.1427     84.9502
858     77.1427     84.9232
859     77.1427     84.8762
860     77.1427        84.9
861     77.1427      84.911
862     77.1427     84.8429
863     77.1427     84.7721
864     77.1427     84.7069
865     77.1427     84.6321
866     77.1427      84.551
867     77.1427     84.5171
868     77.1427     84.5047
869     77.1427     84.4839
870     77.1427     84.3921
871     77.1427     84.4159
872     77.1427     84.3882
873     77.1427     84.3783
874     77.1427     84.3621
875     77.1427     84.3051
876     77.1427     84.2846
877     77.1427     84.2114
878     77.1427     84.1777
879     77.1427     84.1432
880     77.1427     84.0273
881     77.1427     84.0245
882     77.1427     84.0328
883     77.1427     83.9915
884     77.1427     83.9546
885     77.1427     83.8696
886     77.1427     83.8644
887     77.1427     83.8804
888     77.1427     83.7853
889     77.1427     83.7553
890     77.1427     83.7466
891     77.1427     83.7417
892     77.1427      83.666
893     77.1427     83.6167
894     77.1427     83.6077
895     77.1427     83.6362
896     76.1975     83.5319
897     76.1975     83.4553
898     76.1975     83.4486
899     76.1975     83.4338
900     76.1975     83.3735
901     76.1975     83.3451
902     76.1975     83.3474
903     76.1975     83.2339
904     76.1975     83.2061
905     76.1975     83.2083
906     76.1975      83.111
907     76.1975     83.1339
908     76.1975     83.0673
909     76.1975     83.0325
910     76.1975     82.9683
911     76.1975     82.9542
912     76.1975     82.9182
913     76.1975     82.8112
914     76.1975      82.731
915     76.1975     82.5725
916     76.1975     82.5119
917     76.1975     82.4378
918     76.1975      82.397
919     76.1975     82.2859
920     76.1975     82.2175
921     76.1975     82.1265
922     76.1975     82.0047
923     76.1975     81.9565
924     76.1975     81.8597
925     76.1975     81.7409
926     76.1975     81.6942
927     76.1975     81.6939
928     76.1975      81.723
929     76.1975     81.6185
930     76.1975     81.4795
931     76.1975     81.3485
932     76.1975     81.2156
933     76.1975     81.0604
934     76.1975     80.9451
935     76.1975     80.8231
936     76.1975     80.5898
937     76.1975     80.4522
938     76.1975     80.3186
939     76.1975     80.1932
940     76.1975     80.0468
941     74.7596     79.9522
942     74.7596     79.7918
943     74.7596     79.6206
944     74.7596     79.4909
945     74.7596     79.4476
946     74.7596     79.3117
947     74.7596     79.2595
948     74.7596      79.185
949     74.7596     79.0906
950     74.7596     78.9665
951     74.7541     78.8904
952     74.7541     78.8926
953     74.7541     78.8625
954     74.7541     78.7929
955     74.7541      78.678
956     74.7287     78.6278
957     74.7287     78.6488
958     74.7287     78.5926
959     74.7287     78.5463
960     74.7287      78.523
961     74.7287     78.4623
962     74.7287     78.4159
963     74.7287     78.3349
964     74.7287     78.2876
965     74.7287     78.2288
966      74.178     78.1711
967      74.178     78.1653
968      74.178     78.1174
969      74.178     78.0649
970      74.178     78.1193
971     73.3501     78.0289
972     73.3501     77.9484
973     73.3501     77.8823
974     73.3501     77.7915
975     73.3501      77.671
976     73.3501     77.4998
977     73.3501     77.4533
978     73.3501     77.3856
979     73.3501     77.2698
980     73.3501     77.1425
981     73.3501     77.0451
982     73.3501     76.8837
983     73.3501     76.8144
984     73.3501     76.6443
985     73.3501     76.4937
986     73.3501     76.4234
987     73.3501     76.2729
988     73.3501      76.138
989     73.3501      76.078
990     73.3501     75.8991
991     73.3501     75.8842
992     73.3501     75.7534
993     73.3501     75.6566
994     73.3501     75.5388
995     73.3501      75.451
996     73.3501     75.2918
997     73.3501     75.1728
998     73.3501       75.02
999     73.2474     74.9335
1000     73.2474     74.7787
1001     71.3542     74.6914
1002     71.3542     74.5654
1003     71.3542     74.5175
1004     71.3542     74.4119
1005     71.3542      74.361
1006     71.3542     74.2757
1007     71.3542      74.232
1008     71.3542     74.2015
1009     71.3542     74.1579
1010     71.3542     74.0606
1011     71.3542     74.0259
1012     71.3542     73.9595
1013     71.3542     73.9016
1014     71.3542     73.8594
1015     71.3542      73.846
1016     71.3542     73.8136
1017     71.3542     73.7809
1018     71.3542     73.7492
1019     71.3542      73.705
1020     71.3542     73.6467
1021     71.3542     73.5932
1022     71.3542     73.5556
1023     71.3542     73.5178
1024     71.3542     73.4783
1025     71.3542     73.4566
1026     71.3542     73.4402
1027     71.3542     73.4207
1028     71.3542     73.3987
1029     71.3542     73.3835
1030     71.3542     73.3585
1031     71.3542     73.3401
1032     71.3542     73.3226
1033     71.3542     73.3183
1034     71.3542     73.3001
1035     71.3542     73.2964
1036     71.3542      73.278
1037     71.3542     73.2636
1038     71.3542     73.2479
1039     71.3542     73.2407
1040     71.3542     73.2314
1041     71.3542     73.2196
1042     71.3542     73.2134
1043     71.3542     73.2046
1044     71.3542     73.1987
1045     71.3542     73.1934
1046     71.3542     73.1886
1047     71.3542     73.1848
1048     71.3542     73.1811
1049     71.3542     73.1789
1050     71.3542     73.1771
1051     71.3542     73.1773
1052     71.3542     73.1758
1053     71.3542     73.1737
1054     71.3542     73.1732
1055     71.3542     73.1732
1056     71.3542     73.1706
1057     71.3542     73.1706
1058     71.3542     73.1796
1059     71.3542     73.1706
1060     71.3542     73.1706
1061     71.3542     73.1705
1062     71.3542     73.1704
1063     71.3542     73.1704
1064     71.3542     73.1703
1065     71.3542     73.1702
1066     71.3542     73.1701
1067     71.3542       73.17
1068     71.3542     73.1699
1069     71.3542     73.1697
1070     71.3542     73.1695
1071     71.3542     73.1693
1072     71.3542      73.169
1073     71.3542     73.1688
1074     71.3542     73.1684
1075     71.3542     73.1676
1076     71.3542     73.1659
1077     71.3542     73.1642
1078     71.3542     73.1632
1079     71.3542     73.1619
1080     71.3542      73.161
1081     71.3542     73.1572
1082     71.3542     73.1556
1083     71.3542     73.1538
1084     71.3542     73.1497
1085     71.3542     73.1491
1086     71.3542     73.1471
1087     71.3542     73.1444
1088     71.3542      73.138
1089     71.3542      73.137
1090     71.3542     73.1349
1091     71.3542     73.1637
1092     71.3542     73.1259
1093     71.3542     73.1192
1094     71.3542     73.1101
1095     71.3542        73.1
1096     71.3542     73.0893
1097     71.3542     73.0756
1098     71.3542     73.0669
1099     71.3542      73.063
1100     71.3542     73.0541
1101     71.3542     73.0481
1102     71.3542     73.0459
1103     71.3542     73.0445
1104     71.3542     73.0379
1105     71.3542      73.036
1106     71.3542     73.0289
1107     71.3542     73.0205
1108     71.3542      73.015
1109     71.3542     73.0145
1110     71.3542     73.0077
1111     71.3542     73.0074
1112     71.3542     73.0051
1113     71.3542     73.0051
1114     71.3542     73.0007
1115     71.3542     73.0803
1116     71.0382     73.0196
1117     71.0382     72.9966
1118     71.0382     72.9928
1119     71.0382     72.9846
1120     71.0382     72.9784
1121     71.0382      72.973
1122     71.0382     72.9683
1123     71.0382     72.9701
1124     71.0382     72.9624
1125     71.0382     72.9618
1126     71.0382     72.9627
1127     71.0382     72.9631
1128     71.0382     72.9607
1129     71.0382     72.9578
1130     71.0382     72.9578
1131     71.0382     72.9538
1132     71.0382     72.9489
1133     71.0382      72.945
1134     71.0382     72.9413
1135     71.0382     72.9341
1136     71.0382     72.9291
1137     71.0382      72.983
1138     71.0382     72.9315
1139     71.0382     72.9518
1140     71.0382     72.9523
1141     71.0382     72.9951
1142     71.0382     72.9841
1143     71.0382     72.9261
1144     71.0382      72.919
1145     71.0382     72.9151
1146     71.0382     72.9503
1147     71.0382     72.9142
1148     71.0382     72.9344
1149     71.0382      72.961
1150     71.0382      72.902
1151     71.0382      72.902
1152     71.0382     72.9395
1153     71.0382     72.9982
1154     71.0382     72.9654
1155     71.0382     73.0015
1156     71.0382     72.9309
1157     71.0382     72.9398
1158     71.0382     73.0474
1159     71.0382     72.9755
1160     71.0382     72.9577
1161     71.0382     72.9668
1162     71.0382     72.9782
1163     71.0382     72.9886
1164     71.0382     73.1289
1165     71.0382     73.0054
1166     71.0382     73.0049
1167     71.0382     73.0763
1168     71.0382     73.0041
1169     71.0382     73.0176
1170     71.0382     73.0322
1171     71.0382     73.0375
1172     71.0382      73.041
1173     71.0382     73.0759
1174     71.0382     73.0625
1175     71.0382     73.0609
1176     70.5354     73.0459
1177     70.5354     73.0146
1178     70.5354     73.0488
1179     70.5354     73.0584
1180     70.5354      73.197
1181     70.5354     73.1567
1182     70.5354     73.1448
1183     70.5354     73.2913
1184     70.5354      73.197
1185     70.5354     73.2363
1186     70.5354     73.2893
1187     70.5354      73.266
1188     70.5354     73.2819
1189     70.5354     73.2872
1190     70.5354     73.3176
1191     70.5354     73.3322
1192     70.5354     73.4368
1193     70.5354     73.5652
1194     70.5354     73.6481
1195     70.5354     73.8385
1196     70.5354     73.8642
1197     70.5354     74.0506
1198     70.5354      74.179
1199     70.5354     74.3292
1200     70.5354     74.4581
1201     70.5354     74.4543
1202     70.5354     74.5046
1203     70.5354     74.3305
1204     70.5354     74.2542
1205     70.5354     74.1008
1206     70.5354     73.9763
1207     70.5354     73.8463
1208     70.5354     73.7699
1209     70.5354     73.6966
1210     70.5354     73.6342
1211     70.5354     73.3983
1212     70.5354     73.2489
1213     70.5354     73.0026
1214     70.5354     72.8884
1215     70.5354     72.6872
1216     70.5354     72.4584
1217     70.5354     72.3613
1218     70.5354     72.2888
1219     70.5354     72.1353
1220     70.5354     72.0152
1221     70.5354     71.9795
1222     70.5354     71.8581
1223     70.5354     71.7372
1224     70.5354     71.6563
1225     70.5354     71.5125
1226     70.5354     71.3997
1227     70.5354     71.3248
1228     70.5354     71.2254
1229     70.5354     71.1983
1230     70.5354     71.1514
1231     70.5354      71.088
1232     70.5354     71.0028
1233     70.5354     70.9329
1234     70.5354     70.8953
1235     70.5268     70.8559
1236     70.5268     70.8294
1237     70.5268     70.7807
1238     70.5268     70.7114
1239     70.5268     70.6828
1240     70.5268     70.6648
1241     70.5268     70.6618
1242     70.5268     70.6351
1243     70.5268     70.6337
1244     70.5268     70.6169
1245     70.5268     70.6015
1246     70.5268     70.5958
1247     70.5268     70.5899
1248     70.5268      70.579
1249     70.5268     70.5682
1250     70.5268     70.5653
1251     70.5268     70.5613
1252     70.5268      70.555
1253     70.5268       70.55
1254     70.5268     70.5489
1255     70.5268     70.5466
1256     70.5268     70.5458
1257     70.5268      70.543
1258     70.5268     70.5404
1259     70.5268     70.5385
1260     70.5268     70.5372
1261     70.5268     70.5358
1262     70.5268     70.5343
1263     70.5268     70.5319
1264     70.5268     70.5319
1265     70.5268     70.5314
1266     70.4783     70.5311
1267     70.4783      70.531
1268     70.4783     70.5309
1269     70.4783     70.5306
1270     70.4137     70.5301
1271     70.4124     70.5297
1272     70.4124     70.5292
1273     70.4124     70.5289
1274     70.4124     70.5287
1275     70.4124      70.528
1276     70.4124     70.5277
1277     70.4124     70.5272
1278     70.4124     70.5269
1279     70.4124     70.5255
1280     70.4124     70.5249
1281     70.4124     70.5247
1282     70.4124     70.5242
1283     70.4124     70.5226
1284     70.4124     70.5204
1285     70.4124     70.5175
1286     70.4124      70.514
1287     70.4124     70.5093
1288     70.4124     70.5048
1289     70.4124      70.497
1290     70.4124     70.4912
1291     70.4124      70.487
1292     70.4124     70.4902
1293     70.4124     70.4839
1294     70.4124      70.483
1295     70.4124     70.4764
1296     70.4124     70.4736
1297     70.4124     70.4699
1298     70.4124     70.4651
1299     70.4124     70.4635
1300     70.4124     70.4615
1301     70.4124     70.4585
1302     70.4124      70.458
1303     70.4124     70.4576
1304     70.4124     70.4546
1305     70.4124     70.4535
1306     70.4124     70.4498
1307     70.4124     70.4477
1308     70.4124     70.4454
1309     70.4124     70.4411
1310     70.4124     70.4368
1311     70.4124     70.4361
1312     70.4124     70.4333
1313     70.4124     70.4301
1314     70.4124     70.4274
1315     70.4124     70.4239
1316     70.4124     70.4221
1317     70.4124     70.4198
1318     70.4124     70.4182
1319     70.4124     70.4155
1320     70.4124     70.4125
1321     70.4124     70.4125
1322     70.4124     70.4124
1323     70.4124     70.4124
1324     70.4124     70.4124
1325     70.4124     70.4124
1326     70.4124     70.4124
1327     70.4124     70.4124
1328     70.4124     70.4124
1329     70.4124     70.4124
1330     70.4124     70.4124
1331     70.4124     70.4124
1332     70.4124     70.4124
1333     70.4124     70.4124
1334     70.4124     70.4124
1335     70.4124     70.4124
1336     70.4124     70.4124
1337     70.4124     70.4124
1338     70.4124     70.4124
1339     70.4124     70.4124
1340     70.4124     70.4124
1341     70.4124     70.4124
1342     70.4124     70.4124
1343     70.4124     70.4124
1344     70.4124     70.4124
1345     70.4124     70.4124
1346     70.4124     70.4124
1347     70.4124     70.4124
1348     70.4124     70.4124
1349     70.4124     70.4124
1350     70.4124     70.4124
1351     70.4124     70.4124
1352     70.4124     70.4124
1353     70.4124     70.4124
1354     70.4124     70.4124
1355     70.4124     70.4124
1356     70.4124     70.4124
1357     70.4124     70.4124
1358     70.4124     70.4124
1359     70.4124     70.4124
1360     70.4124     70.4124
1361     70.4124     70.4124
1362     70.4124     70.4124
1363     70.4124     70.4124
1364     70.4124     70.4124
1365     70.4124     70.4124
1366     70.4124     70.4124
1367     70.4124     70.4124
1368     70.4124     70.4124
1369     70.4124     70.4124
1370     70.4124     70.4124
1371     70.4124     70.4124
1372     70.4124     70.4124
1373     70.4124     70.4124
1374     70.4124     70.4124
1375     70.4124     70.4124
1376     70.4124     70.4124
1377     70.4124     70.4124
1378     70.4124     70.4124
1379     70.4124     70.4124
1380     70.4124     70.4124
1381     70.4124     70.4124
1382     70.4124     70.4124
1383     70.4124     70.4124
1384     70.4124     70.4124
1385     70.4124     70.4124
1386     70.4124     70.4124
1387     70.4124     70.4124
1388     70.4124     70.4124
1389     70.4124     70.4124
1390     70.4124     70.4124
1391     70.4124     70.4124
1392     70.4124     70.4124
1393     70.4124     70.4124
1394     70.2067      70.412
1395     70.2067      70.412
1396     70.4124     70.4124
1397     70.4124     70.4124
1398     70.4124     70.4124
1399     70.4124     70.4124
1400     70.4124     70.4124
1401     70.4124     70.4124
1402     70.4124     70.4124
1403     70.4124     70.4124
1404     70.4124     70.4124
1405     70.4124     70.4124
1406     70.3943     70.4123
1407     70.3943     70.4122
1408     70.3943     70.4122
1409     70.3943     70.4122
1410     70.3943     70.4121
1411     70.3943      70.412
1412     70.3943     70.4118
1413     70.3943     70.4116
1414     70.3943     70.4113
1415     70.3943      70.411
1416     70.3943     70.4106
1417     70.3943     70.4102
1418     70.3943     70.4097
1419     70.3943     70.4089
1420     70.3943     70.4079
1421     70.3943     70.4073
1422     70.3943     70.4062
1423     70.3943     70.4056
1424     70.3943     70.4048
1425     70.3943     70.4045
1426     70.3943     70.4037
1427     70.3943     70.4034
1428     70.3943      70.403
1429     70.3943     70.4025
1430     70.3943     70.4019
1431     70.3943     70.4014
1432     70.3943     70.4012
1433     70.3943     70.4007
1434     70.3943     70.4005
1435     70.3943     70.4003
1436     70.1886     70.3991
1437     70.1886     70.3988
1438     70.1886     70.3981
1439     70.1886     70.3976
1440     70.1886     70.3966
1441     70.1886     70.3959
1442     70.1886     70.3945
1443     70.1886      70.394
1444     70.1886     70.3929
1445     70.1886     70.3921
1446     70.1886     70.3904
1447     70.1886     70.3887
1448     70.1886      70.387
1449     70.1886     70.3861
1450     70.1886     70.3852
1451     70.1886      70.384
1452     70.1886     70.3815
1453     70.1886     70.3794
1454     70.1886     70.3745
1455     70.1886     70.3696
1456     70.1209     70.3607
1457     70.1209     70.3496
1458     70.1209       70.34
1459     70.1209     70.3238
1460     70.1209     70.3185
1461     70.1209     70.3111
1462     70.1209     70.3026
1463     70.1209     70.2967
1464     70.1209     70.2888
1465     70.1209     70.2817
1466     70.1209     70.2746
1467     70.1209     70.2672
1468     70.1209     70.2584
1469     70.1209     70.2525
1470     70.1209     70.2461
1471     70.1209     70.2426
1472     70.1209     70.2359
1473     70.1209     70.2309
1474     70.1209     70.2226
1475     70.1209     70.2143
1476     70.1209     70.2021
1477     70.1209      70.195
1478     70.1209     70.1871
1479     70.1209     70.1752
1480     70.1209     70.1718
1481     70.1209     70.1603
1482     70.1209     70.1567
1483     70.1209     70.1552
1484     70.1209     70.1537
1485     70.1209      70.153
1486     70.1209     70.1518
1487     70.1209     70.1491
1488     70.1209      70.148
1489     70.1209     70.1451
1490     70.1209     70.1443
1491     70.1209     70.1438
1492     70.1209     70.1419
1493     70.1209     70.1416
1494     70.1209     70.1409
1495     70.1209     70.1378
1496     70.1209     70.1369
1497     70.1209     70.1351
1498     70.1209      70.133
1499     70.1209     70.1311
1500     70.1209     70.1297
1501     70.1209     70.1275
1502     70.1209     70.1266
1503     70.1209     70.1252
1504     70.1209     70.1242
1505     70.1209     70.1227
1506     70.1209     70.1216
1507     70.1209     70.1209
1508     70.1209     70.1209
1509     70.1209     70.1209
1510     70.1209     70.1209
1511     70.1209     70.1209
1512     70.1209     70.1209
1513     70.1209     70.1209
1514     70.1209     70.1209
1515     70.1209     70.1209
1516     70.1209     70.1209
1517     70.1209     70.1209
1518     70.1209     70.1287
1519     70.1209     70.1209
1520     70.1209     70.1209
1521     70.1209     70.1209
1522     70.1209     70.1209
1523     70.1209     70.1209
1524     70.1209     70.1209
1525     70.1209     70.1209
1526     70.1209     70.1209
1527     70.1209     70.1209
1528     70.1209     70.1209
1529     70.1209     70.1209
1530     70.1209     70.1209
1531     70.1209     70.1209
1532     70.1209     70.1209
1533     70.1209     70.1209
1534     70.1209     70.1209
1535     70.1209     70.1209
1536     69.5389     70.1197
1537     69.5389     70.1197
1538     69.5389     70.1197
1539     69.5389     70.1197
1540     69.5389     70.1197
1541     69.5389     70.1197
1542     69.5389     70.1186
1543     69.5389     70.1186
1544     69.5389     70.1174
1545     69.5389     70.1174
1546     69.5389     70.1116
1547     69.5389     70.1069
1548     69.5389     70.1034
1549     69.5389     70.0988
1550     69.5389     70.0906
1551     69.5389     70.0823
1552     69.5389     70.0765
1553     69.5389     70.0636
1554     69.5389     70.0474
1555     69.5389     70.0183
1556     69.5389     69.9843
1557     69.5389      69.947
1558     69.5389     69.9354
1559     69.5389     69.9144
1560     69.5389     69.8993
1561     69.5389     69.8785
1562     69.5389     69.8727
1563     69.5389     69.8738
1564     69.5389     69.8552
1565     69.5389     69.8447
1566     69.5389     69.8226
1567     69.5389     69.8145
1568     69.5389     69.8041
1569     69.5389     69.7983
1570     69.5389     69.7901
1571     69.5389     69.7831
1572     69.5389     69.7727
1573     69.5389     69.7564
1574     69.5389     69.7564
1575     69.5389     69.7447
1576     69.5389     69.7354
1577     69.5389     69.7855
1578     69.5389     69.7342
1579     69.5389     69.7191
1580     69.5389     69.6993
1581     69.5389     69.6982
1582     69.5389     69.6873
1583     69.5389     69.6768
1584     69.5389     69.6582
1585     69.5389     69.6372
1586     69.5389     69.6279
1587     69.5389     69.6105
1588     69.5389     69.5965
1589     69.5389     69.5755
1590     69.5389     69.5523
1591     68.9751     69.5401
1592     68.9751     69.5365
1593     68.9751     69.5361
1594     68.9751     69.5358
1595     68.9751     69.5355
1596     68.9751     69.5352
1597     68.9751     69.5339
1598     68.9751     69.5333
1599     68.9751     69.5333
1600     68.9751     69.5326
1601     68.8144     69.5293
1602     68.8144     69.5256
1603     68.8144      69.524
1604     68.8144     69.5217
1605     68.8144     69.5182
1606     68.8144     69.5145
1607     68.8144      69.511
1608     68.8144     69.5049
1609     68.8144     69.4966
1610     68.8144     69.4859
1611     68.8144     69.4885
1612     68.8144     69.4958
1613     68.8144     69.4811
1614     68.8144     69.4744
1615     68.8144     69.4718
1616     68.8144     69.4693
1617     68.8144     69.4664
1618     68.8144     69.4614
1619     68.8144     69.4605
1620     68.8144     69.4566
1621     68.6545     69.4514
1622     68.6545     69.4472
1623     68.6545     69.4453
1624     68.6545     69.4411
1625     68.6545      69.436
1626     68.6545     69.4325
1627     68.6545     69.4318
1628     68.6545     69.4278
1629     68.6545     69.4275
1630     68.6545     69.4262
1631     68.6545      69.421
1632     68.6545     69.4129
1633     68.6545     69.4123
1634     68.6545     69.4061
1635     68.6545     69.4001
1636     68.4956     69.3939
1637     68.4956      69.392
1638     68.4956     69.3907
1639     68.4956      69.387
1640     68.4956     69.3854
1641     68.4956     69.3806
1642     68.4956     69.3781
1643     68.4956     69.3744
1644     68.4956     69.3691
1645     68.4956      69.367
1646     68.4956     69.3667
1647     68.4956     69.3617
1648     68.4956     69.3582
1649     68.4956     69.3516
1650     68.4956     69.3601
1651     68.4956     69.3485
1652     68.4956     69.3474
1653     68.4956     69.3474
1654     68.4956      69.358
1655     68.4956     69.3426
1656     68.4956     69.3385
1657     68.4956     69.3374
1658     68.4956     69.3352
1659     68.4956     69.3318
1660     68.4956     69.3258
1661     68.1301     69.3212
1662     68.1301     69.3253
1663     68.1301     69.3109
1664     68.1301     69.3042
1665     68.1301     69.2961
1666     68.1301     69.2952
1667     68.1301     69.2632
1668     68.1301     69.3072
1669     68.1301     69.2342
1670     68.1301     69.1993
1671     68.1301     69.1827
1672     68.1301     69.1541
1673     68.1301     69.1379
1674     68.1301     69.1241
1675     68.1301       69.11
1676     68.1301     69.0941
1677     68.1301     69.0733
1678     68.1301     69.0578
1679     68.1301     69.0297
1680     68.1301     69.0214
1681     68.1301     69.0076
1682     68.1301     68.9872
1683     68.1301     68.9729
1684     68.1301     68.9576
1685     68.1301     68.9429
1686     68.1301     68.9258
1687     68.1301     68.9234
1688     68.1301     68.9103
1689     68.1301     68.8978
1690     68.1301     68.8849
1691     68.1301     68.8551
1692     68.1301     68.8207
1693     68.1301      68.804
1694     68.1301     68.7712
1695     68.1301     68.7237
1696     68.1301     68.6981
1697     68.1301     68.6793
1698     68.1301     68.6463
1699     68.1301     68.6073
1700     68.1301     68.5671
1701     68.1301     68.5446
1702     68.1301     68.5271
1703     68.1301     68.4911
1704     68.1301     68.4738
1705     68.1301     68.4588
1706     68.1301     68.4395
1707     68.1301     68.4153
1708     68.1301     68.3991
1709     68.1301     68.3785
1710     68.1301     68.3524
1711     68.1301     68.3459
1712     68.1301     68.3281
1713     68.1301     68.3199
1714     68.1301     68.3021
1715     68.1301     68.2939
1716     68.1301     68.2733
1717     68.1301     68.2665
1718     68.1301      68.252
1719     68.1301     68.2394
1720     68.1301       68.23
1721     67.9965     68.2203
1722     67.9965     68.2085
1723     67.9965     68.2009
1724     67.9965     68.1817
1725     67.9965     68.1741
1726     67.9965      68.162
1727     67.9965     68.1544
1728     67.9965     68.1413
1729     67.9965     68.1272
1730     67.9965     68.1261
1731     67.9965     68.1245
1732     67.9965     68.1235
1733     67.9965     68.1216
1734     67.9965       68.12
1735     67.9965      68.117
1736     67.9965     68.1122
1737     67.9965     68.1088
1738     67.9965     68.1037
1739     67.9965     68.0965
1740     67.9965     68.0957
1741     67.9965     68.0869
1742     67.9965     68.0812
1743     67.9965     68.0767
1744     67.9965      68.074
1745     67.9965     68.0695
1746     67.9965     68.0679
1747     67.9965     68.0633
1748     67.9965     68.0609
1749     67.9965     68.0575
1750     67.9965     68.0537
1751     67.9965     68.0519
1752     67.9965     68.0476
1753     67.9965     68.0446
1754     67.9965     68.0422
1755     67.9965     68.0393
1756     67.9965     68.0388
1757     67.9965     68.0364
1758     67.9965     68.0337
1759     67.9965     68.0294
1760     67.9965     68.0246
1761     67.9965     68.0235
1762     67.9965     68.0218
1763     67.9965     68.0164
1764     67.9965     68.0098
1765     67.9965     68.0084
1766     67.9965     68.0076
1767     67.9965     68.0073
1768     67.9965     68.0023
1769     67.9965     67.9977
1770     67.9965     67.9965
1771     67.9965     67.9965
1772     67.9965     67.9965
1773     67.9965     67.9965
1774     67.9965     67.9965
1775     67.9965     67.9965
1776     67.9965     67.9965
1777     67.9965     67.9965
1778     67.9965     67.9965
1779     67.9965     67.9965
1780     67.9965     67.9965
1781     67.9965     67.9965
1782     67.9965     67.9965
1783     67.9965     67.9965
1784     67.9965     67.9965
1785     67.9965     67.9965
1786     67.9965     67.9965
1787     67.9965     67.9965
1788     67.9965     67.9965
1789     67.9965     67.9965
1790     67.9965     67.9965
1791     67.9965     67.9965
1792     67.9965     67.9965
1793     67.9965     67.9965
1794     67.9965     67.9965
1795     67.9965     67.9965
1796     67.9965     67.9965
1797     67.9965     67.9965
1798     67.8362     67.9962
1799     67.8362     67.9962
1800     67.8362     67.9959
1801     67.8362     67.9959
1802     67.8362     67.9956
1803     67.8362     67.9953
1804     67.8362     67.9949
1805     67.8362     67.9975
1806     67.8362      67.993
1807     67.8362     67.9924
1808     67.8362     67.9911
1809     67.8362     67.9898
1810     67.8362     67.9882
1811     67.8362      67.986
1812     67.8362     67.9831
1813     67.8362     67.9783
1814     67.8362     67.9719
1815     67.8362     67.9674
1816     67.8362     67.9622
1817     67.8362     67.9526
1818     67.8362     67.9462
1819     67.8362     67.9382
1820     67.8362     67.9337
1821     67.8362     67.9292
1822     67.8362     67.9247
1823     67.8362     67.9209
1824     67.8362     67.9199
1825     67.8362     67.9141
1826     67.8362     67.9087
1827     67.8362     67.9064
1828     67.8362     67.9019
1829     67.8362     67.8997
1830     67.8362     67.8933
1831     67.8362     67.8914
1832     67.8362     67.8878
1833     67.8362     67.8843
1834     67.8362     67.8843
1835     67.8362     67.8805
1836     67.8362     67.8753
1837     67.8362     67.8737
1838     67.8362     67.8715
1839     67.8362     67.8683
1840     67.8362     67.8593
1841     67.8362     67.8506
1842     67.8362     67.8481
1843     67.8362      67.843
1844     67.8362     67.8407
1845     67.8362     67.8362
1846     67.8362     67.8362
1847     67.8362     67.8362
1848     67.8362     67.8362
1849     67.8362     67.8362
1850     67.8362     67.8362
1851     67.8362     67.8362
1852     67.8362     67.8362
1853     67.8362     67.8362
1854     67.8362     67.8362
1855     67.8362     67.8362
1856     67.8362     67.8362
1857     67.8362     67.8362
1858     67.8362     67.8362
1859     67.8362     67.8362
1860     67.8362     67.8362
1861     67.8362     67.8362
1862     67.8362     67.8362
1863     67.8362     67.8362
1864     67.8362     67.8362
1865     67.8362     67.8362
1866     67.8362     67.8362
1867     67.8362     67.8362
1868     67.8362     67.8362
1869     67.8362     67.8362
1870     67.8362     67.8362
1871     67.8362     67.8362
1872     67.8362     67.8362
1873     67.8362     67.8362
1874     67.8362     67.8362
1875     67.8362     67.8362
1876     67.8362     67.8362
1877     67.8362     67.8362
1878     67.8362     67.8362
1879     67.8362     67.8362
1880     67.8362     67.8362
1881     67.8362     67.8362
1882     67.8362     67.8362
1883     67.8362     67.8362
1884     67.8362     67.8362
1885     67.8362     67.8362
1886     67.8362     67.8362
1887     67.8362     67.8362
1888     67.8362     67.8362
1889     67.8362     67.8362
1890     67.8362     67.8362
1891     67.5663     67.8353
1892     67.5663     67.8347
1893     67.5663     67.8347
1894     67.5663     67.8347
1895     67.5663      67.834
1896     67.5663     67.8332
1897     67.5663     67.8325
1898     67.5663     67.8319
1899     67.5663     67.8314
1900     67.5663     67.8306
1901     67.3941     67.8282
1902     67.3941     67.8267
1903     67.3941     67.8261
1904     67.3941     67.8246
1905     67.3941     67.8275
1906     67.3941     67.8215
1907     67.3941      67.819
1908     67.3941      67.817
1909     67.3941     67.8136
1910     67.3941     67.8088
1911     67.3941     67.8041
1912     67.3941     67.7946
1913     67.3941     67.7882
1914     67.3941     67.7844
1915     67.3941     67.7816
1916     67.3941     67.7784
1917     67.3941     67.7758
1918     67.3941     67.7712
1919     67.3941      67.767
1920     67.3941     67.7618
1921     67.3941     67.7551
1922     67.3941     67.7417
1923     67.3941     67.7328
1924     67.3941     67.7408
1925     67.3941      67.724
1926     67.3941     67.7203
1927     67.3941     67.7154
1928     67.3941     67.7078
1929     67.3941     67.6963
1930     67.3941     67.6911
1931     67.3941     67.6839
1932     67.3941     67.6779
1933     67.3941     67.6704
1934     67.3941     67.6642
1935     67.3941     67.6583
1936     67.3941     67.6496
1937     67.3941     67.6405
1938     67.3941     67.6405
1939     67.3941     67.6386
1940     67.3941     67.6284
1941     67.3941     67.6767
1942     67.3941      67.624
1943     67.3941     67.6149
1944     67.3941     67.6076
1945     67.3941     67.6006
1946     67.3941      67.595
1947     67.3941     67.5939
1948     67.3941     67.5864
1949     67.3941     67.5822
1950     67.3941     67.5763
1951     67.3941     67.5692
1952     67.3941     67.5657
1953     67.3941     67.5657
1954     67.3941     67.5657
1955     67.3941     67.5657
1956     67.3941     67.5657
1957     67.3941     67.5657
1958     67.3941     67.5657
1959     67.3941      67.565
1960     67.3941     67.5646
1961     67.3941     67.5646
1962     67.3941     67.5646
1963     67.3941     67.5646
1964     67.3941     67.5646
1965     67.3941     67.5643
1966     67.3194     67.5638
1967     67.3194     67.5638
1968     67.3194     67.5638
1969     67.3194     67.5634
1970     67.3194     67.5634
1971     67.3194     67.5606
1972     66.9854      67.559
1973     66.9854     67.5571
1974     66.9854     67.5563
1975     66.9854     67.5553
1976     66.9854     67.5538
1977     66.9854      67.551
1978     66.9854     67.5493
1979     66.9854     67.5452
1980     66.9854      67.541
1981     66.9854     67.5339
1982     66.9854      67.528
1983     66.9854     67.5215
1984     66.9854     67.5028
1985     66.9854     67.4903
1986     66.9854     67.4756
1987     66.9854      67.462
1988     66.7121     67.4489
1989     66.7121     67.4399
1990     66.7121      67.428
1991     66.7121     67.4171
1992     66.7121     67.3998
1993     66.7121     67.3855
1994     66.7121     67.3666
1995     66.7121     67.3369
1996     66.7121     67.3106
1997     66.7121     67.2855
1998     66.7121     67.2733
1999     66.7121      67.255
